   0.00599         0         0         0        0.00000
   0.01215         0         0         0        0.00000
   0.01230         0         0         0        0.00000
   0.01854         0         0         0        0.00000
   0.01899         0         0         0        0.00000
   0.02533         0         0         0        0.00000
   0.02614         0         0         0        0.00000
   0.03261         0         0         0        0.00000
   0.03386         0         0         0        0.00000
   0.04039         0         0         0        0.01190
   0.04583         0         0         0        0.00000
   0.05243         0         0         0        0.00000
   0.05827         0         0         0        0.00000
   0.06493         0         0         0        0.00000
   0.07160         0         0         0        0.00000
   0.07551         4         0         0        0.00595
   0.08226        10         0         1        0.01488
   0.08901         0         6         0        0.05655
   0.09576         0         0         0        0.00000
   0.09799         0         0         0        0.03571
   0.10490        12         0         1        0.14286
   0.11180         0        16         0        0.28274
   0.11871         0        10         0        0.25000
   0.12561        13         0         0        0.40476
   0.13252        17         7         0        0.27083
   0.13943        34         6         4        0.33036
   0.14633         8        21         0        0.24702
   0.15324        49        34         0        0.29762
   0.16014        40        37         0        0.28869
   0.16705        38        72         1        0.30655
   0.17395        15        31         0        0.28869
   0.18086        22        61         0        0.30357
   0.18776        39        27         1        0.30655
   0.19467        29        15         0        0.23214
   0.20157         4        31         0        0.21429
   0.20848        42        34         0        0.21429
   0.21538        35        27         0        0.25000
   0.22229        16        65         0        0.30952
   0.22920        35        70         0        0.37202
   0.23610        36        67         2        0.34524
   0.24301        12        50         0        0.30357
   0.24991        15        98         0        0.37500
   0.25682        11       124         0        0.27679
   0.26372         8       153         0        0.38393
   0.27063        16       154         4        0.38393
   0.27753        12       169         0        0.46131
   0.28444         0       153         0        0.41964
   0.29134         2       147         0        0.39583
   0.29825        13       212         0        0.52381
   0.30515        14       203         0        0.47619
   0.31206         0       218         0        0.39881
   0.31897        14       202         2        0.42262
   0.32587         0       234         0        0.39881
   0.33278         0       216         0        0.42857
   0.33968        18       219         0        0.42857
   0.34659        22       228         1        0.47024
   0.35349        18       193         0        0.45833
   0.36040        35       230         0        0.54167
   0.36730        29       208         0        0.53869
   0.37421        35       203         0        0.58631
   0.38111        19       199         0        0.49702
   0.38802        24       216         0        0.57143
   0.39492        26       209         0        0.53869
   0.40183        31       254         1        0.51786
   0.40874        26       228         0        0.56548
   0.41564        35       230         0        0.52976
   0.42255        29       283         0        0.55060
   0.42945        28       277         0        0.57440
   0.43636        35       219         0        0.51190
   0.44326        34       246         0        0.54464
   0.45017        34       216         0        0.50595
   0.45707        23       287         0        0.57143
   0.46398        37       246         0        0.51488
   0.47088        51       251         0        0.52083
   0.47779        48       242         0        0.50000
   0.48348        43       243         0        0.55655
   0.49038        46       236         0        0.53869
   0.49729        36       223         0        0.48512
   0.50419        51       217         0        0.47619
   0.51110        55       272         0        0.53571
   0.51800        33       234         0        0.48512
   0.52491        21       255         0        0.50595
   0.53181        31       221         0        0.48512
   0.53872        26       281         0        0.50595
   0.54563        28       240         0        0.51786
   0.55253        25       224         0        0.53869
   0.55944        34       239         0        0.54464
   0.56634        24       269         0        0.54464
   0.57325        46       232         0        0.51190
   0.58015        14       276         0        0.61905
   0.58706        34       279         0        0.64286
   0.59396        24       289         3        0.63095
   0.60087        29       346         0        0.67560
   0.60777        18       300         0        0.63988
   0.61468        35       291         2        0.61905
   0.62158         4       303         0        0.59226
   0.62849        10       340         0        0.67560
   0.63540        24       269         0        0.61012
   0.64230         6       297         0        0.63690
   0.64921        23       289         1        0.61310
   0.65611        26       300         0        0.68452
   0.66302        21       314         0        0.64881
   0.66992        25       294         0        0.56548
   0.67683        47       295         0        0.61310
   0.68373         6       322         0        0.58333
   0.69064        26       298         1        0.55952
   0.69754        10       279         0        0.55357
   0.70445        15       291         0        0.57143
   0.71135        15       318         0        0.67857
   0.71826        18       373         0        0.69345
   0.72517        17       275         0        0.61310
   0.73207        37       314         0        0.63988
   0.73898        50       315         4        0.70833
   0.74588        36       298         0        0.65476
   0.75279        29       307         0        0.67262
   0.75969        25       334         0        0.70833
   0.76660         7       294         0        0.66667
   0.77350         6       331         0        0.68750
   0.78041         0       271         0        0.65476
   0.78731         9       310         0        0.68452
   0.79422        10       330         0        0.69643
   0.80112         9       317         0        0.66964
   0.80803         0       339         0        0.69345
   0.81494         7       307         0        0.63988
   0.82184        11       298         1        0.70238
   0.82875        12       312         0        0.63393
   0.83565         8       304         0        0.64286
   0.84256        11       321         0        0.69048
   0.84946        12       342         0        0.69643
   0.85637        13       312         0        0.71429
   0.86327        11       314         0        0.66071
   0.86983        13       282         0        0.61012
   0.87673         8       320         0        0.65774
   0.88364         0       314         0        0.65476
   0.89054        11       339         0        0.68750
   0.89745        13       276         0        0.65774
   0.90436         9       339         0        0.68155
   0.91126        19       319         3        0.65476
   0.91817         9       292         0        0.65179
   0.92507        46       353         0        0.68750
   0.93198        22       333         0        0.65774
   0.93888        21       333         0        0.65179
   0.94579         3       328         0        0.65179
   0.95269        10       330         0        0.63690
   0.95960        10       377         0        0.67560
   0.96650        13       363         0        0.67560
   0.97341        29       325         0        0.72321
   0.98031        31       357         0        0.70833
   0.98722        21       360         0        0.72917
   0.99413         8       369         0        0.68750
   1.00103         8       403         0        0.70833
   1.00794         6       387         0        0.72024
   1.01484         0       391         0        0.70833
   1.02175         1       387         0        0.71726
   1.02865        11       394         0        0.69940
   1.03556         2       397         0        0.67857
   1.04246        14       403         0        0.70238
   1.04937         0       409         0        0.71429
   1.05627        15       354         0        0.66071
   1.06318         1       413         0        0.68452
   1.07008        12       416         0        0.71726
   1.07699        12       464         1        0.72321
   1.08390         8       404         0        0.67857
   1.09080        10       356         0        0.69940
   1.09771        24       350         3        0.65179
   1.10461         3       399         0        0.68750
   1.11152         5       466         0        0.74405
   1.11842         9       419         0        0.70536
   1.12533         2       429         0        0.73214
   1.13223         8       401         0        0.66667
   1.13914         2       397         0        0.68750
   1.14604        22       429         0        0.76190
   1.15295         0       411         0        0.66964
   1.15985         7       375         0        0.66964
   1.16676        14       379         0        0.70833
   1.17367         2       398         0        0.67857
   1.18057         3       390         0        0.67560
   1.18748        10       408         0        0.69048
   1.19438         2       404         0        0.69345
   1.20129         3       443         0        0.74107
   1.20819         2       371         0        0.67560
   1.21510         5       437         0        0.72619
   1.22200         9       395         0        0.67262
   1.22891        10       333         0        0.66071
   1.23581        27       364         0        0.72321
   1.24272        19       348         0        0.64881
   1.24962        17       390         0        0.71131
   1.25653        12       387         0        0.68155
   1.25659        12       395         0        0.70536
   1.26350        14       393         0        0.66369
   1.27040        13       403         0        0.67560
   1.27731        17       414         0        0.66667
   1.28421        17       440         0        0.71131
   1.29112        14       419         0        0.68452
   1.29802        28       427         0        0.69643
   1.30493         7       443         0        0.65179
   1.31183         2       441         0        0.66964
   1.31874        28       398         3        0.68452
   1.32564        14       399         0        0.68452
   1.33255         5       378         0        0.65774
   1.33946         1       397         0        0.63095
   1.34636        12       463         0        0.71429
   1.35327        17       373         0        0.67560
   1.36017         9       381         0        0.66071
   1.36708        17       410         0        0.73214
   1.37398        12       409         0        0.71429
   1.38089         8       402         0        0.70833
   1.38779         0       423         0        0.70238
   1.39470        18       397         0        0.68155
   1.40160         8       389         0        0.70833
   1.40851        28       411         0        0.72024
   1.41541         2       395         0        0.64881
   1.42232        22       340         0        0.65774
   1.42923         1       404         0        0.69643
   1.43613        10       322         0        0.65476
   1.44304        26       407         0        0.72321
   1.44994        19       379         0        0.73810
   1.45685        25       363         0        0.70833
   1.46375        15       367         0        0.68155
   1.47066        31       358         0        0.72917
   1.47756        12       376         0        0.70536
   1.48447         8       372         0        0.73810
   1.49137        12       421         0        0.69643
   1.49828         7       395         0        0.70536
   1.50518         4       386         0        0.70536
   1.51209        23       418         3        0.67857
   1.51900         7       398         0        0.68452
   1.52590        14       374         0        0.70238
   1.53281         9       386         0        0.71726
   1.53971        11       387         0        0.72619
   1.54662         3       414         0        0.69643
   1.55352        14       398         0        0.68750
   1.56043        18       441         0        0.73214
   1.56733        10       391         0        0.70238
   1.57424         6       394         0        0.66071
   1.58114        12       417         0        0.70536
   1.58805         4       415         0        0.71726
   1.59495         2       376         0        0.69345
   1.60186         5       408         0        0.69940
   1.60877        14       370         0        0.69048
   1.61567        25       380         0        0.71726
   1.62258        16       435         0        0.70833
   1.62948        15       408         0        0.69345
   1.63639         6       404         0        0.68750
   1.64329        14       403         0        0.67262
   1.64332        14       402         0        0.67857
   1.65023        10       396         0        0.70238
   1.65713         3       415         0        0.67857
   1.66404         4       331         0        0.64881
   1.67094        26       366         0        0.70536
   1.67785         5       382         0        0.70238
   1.68475         6       418         0        0.68452
   1.69166        12       347         0        0.69345
   1.69856        27       364         0        0.70833
   1.70547        37       418         0        0.70833
   1.71238        16       338         0        0.66667
   1.71928        12       374         0        0.63690
   1.72619        31       378         0        0.68750
   1.73309        23       350         0        0.65179
   1.74000        24       372         0        0.64286
   1.74690        19       374         0        0.63393
   1.75381        15       334         0        0.63095
   1.76071        23       354         0        0.64286
   1.76762         9       346         0        0.64881
   1.77452         8       388         0        0.68452
   1.78143         7       394         0        0.68750
   1.78833         8       363         0        0.69048
   1.79524        17       378         0        0.66369
   1.80215        10       387         0        0.66667
   1.80905         4       364         0        0.61607
   1.81596        11       365         0        0.64881
   1.82286        11       397         0        0.67857
   1.82977         9       364         0        0.65179
   1.83667         9       387         0        0.70536
   1.84358        13       428         0        0.72024
   1.85048        27       351         0        0.64583
   1.85739         2       370         0        0.58631
   1.86429        21       305         0        0.60714
   1.87120        15       372         0        0.64286
   1.87810        32       353         0        0.68452
   1.88501        12       359         0        0.63393
   1.89192        21       413         0        0.69643
   1.89882        30       368         0        0.68155
   1.90573        21       401         0        0.67560
   1.91263        32       402         0        0.66369
   1.91954        28       374         0        0.68155
   1.92644        34       371         0        0.67857
   1.93335        46       380         1        0.71726
   1.94025        51       359         0        0.66667
   1.94716        54       416         0        0.72321
   1.95406        44       360         0        0.69345
   1.96097        30       382         0        0.66071
   1.96787        26       400         0        0.68750
   1.97478        44       356         0        0.71726
   1.98169        41       432         0        0.69048
   1.98859        40       397         0        0.66369
   1.99550        41       357         0        0.66071
   2.00240        23       379         0        0.70833
   2.00931        21       330         0        0.61905
   2.01621        47       372         0        0.68155
   2.02312        42       405         0        0.71726
   2.02930        24       396         0        0.72619
   2.03621        34       419         0        0.71726
   2.04311        40       421         0        0.72619
   2.05002        20       391         0        0.69048
   2.05692        30       359         0        0.69048
   2.06383        31       396         0        0.65774
   2.07073        26       419         1        0.69940
   2.07764        37       427         1        0.74702
   2.08454        21       372         0        0.69048
   2.09145        20       411         0        0.69643
   2.09835        20       431         0        0.71726
   2.10526        31       341         0        0.66369
   2.11216        41       394         0        0.66667
   2.11907        21       413         0        0.68750
   2.12598        24       367         0        0.64286
   2.13288        42       354         0        0.67857
   2.13979        50       403         0        0.71726
   2.14669        20       370         0        0.68750
   2.15360        29       362         0        0.68155
   2.16050        16       409         0        0.63690
   2.16741        24       330         0        0.62500
   2.17431        39       409         0        0.70833
   2.18122        30       404         0        0.73214
   2.18812        30       402         0        0.70238
   2.19503        33       397         1        0.67560
   2.20193        30       392         0        0.72024
   2.20884        39       359         0        0.68750
   2.21575        39       391         0        0.66667
   2.22265        45       395         0        0.74405
   2.22956        42       406         0        0.71429
   2.23646        55       408         0        0.78274
   2.24337        47       412         0        0.76786
   2.25027        47       385         0        0.78274
   2.25718        31       380         0        0.75595
   2.26408        46       416         0        0.77679
   2.27099        35       419         0        0.79464
   2.27789        41       418         0        0.75595
   2.28480        28       380         0        0.71726
   2.29170        34       398         0        0.74405
   2.29861        32       429         0        0.76190
   2.30552        34       351         0        0.71726
   2.31242        38       379         0        0.75000
   2.31933        43       393         0        0.78869
   2.32623        32       366         0        0.77679
   2.33314        39       390         0        0.77679
   2.34004        32       359         0        0.78571
   2.34695        45       400         0        0.79167
   2.35385        39       382         0        0.78274
   2.36076        42       377         0        0.77679
   2.36766        43       343         0        0.71131
   2.37457        44       392         0        0.78869
   2.38147        49       424         0        0.79464
   2.38838        66       398         0        0.78571
   2.39529        50       361         0        0.75893
   2.40219        61       405         0        0.77976
   2.40910        46       407         0        0.77679
   2.41600        48       431         0        0.81845
   2.41608        48       430         0        0.81845
   2.42299        48       397         0        0.76190
   2.42989        45       382         0        0.75595
   2.43680        56       406         0        0.76786
   2.44370        41       377         0        0.77083
   2.45061        38       410         0        0.78869
   2.45751        44       428         0        0.76190
   2.46442        43       405         0        0.76786
   2.47132        40       362         0        0.71131
   2.47823        42       380         0        0.76190
   2.48513        44       385         0        0.75298
   2.49204        35       353         0        0.73214
   2.49895        43       390         0        0.77381
   2.50585        44       396         0        0.76786
   2.51276        43       402         0        0.74702
   2.51966        47       357         0        0.75893
   2.52657        43       349         0        0.73810
   2.53347        54       352         0        0.72321
   2.54038        51       400         0        0.76786
   2.54728        39       383         0        0.79464
   2.55419        23       370         0        0.74107
   2.56109        48       423         0        0.80655
   2.56800        56       436         0        0.80357
   2.57490        33       370         0        0.78274
   2.58181        49       399         0        0.81250
   2.58871        39       397         0        0.80357
   2.59562        45       424         0        0.80357
   2.60253        30       455         0        0.81548
   2.60943        47       431         0        0.80357
   2.61634        32       407         0        0.77976
   2.62324        35       447         0        0.77083
   2.63015        35       401         0        0.79762
   2.63705        43       404         0        0.73512
   2.64396        35       425         0        0.77976
   2.65086        43       417         0        0.79167
   2.65777        40       414         0        0.77381
   2.66467        50       437         0        0.83333
   2.67158        35       395         0        0.80952
   2.67848        35       400         0        0.82440
   2.68539        53       405         0        0.75595
   2.69230        40       395         0        0.79167
   2.69920        60       449         0        0.80655
   2.70611        39       407         0        0.77976
   2.71301        57       415         0        0.79167
   2.71992        51       390         0        0.75893
   2.72682        45       430         0        0.83036
   2.73373        45       403         0        0.80060
   2.74063        40       404         0        0.79762
   2.74754        47       415         0        0.77976
   2.75444        45       382         0        0.76786
   2.76135        54       377         0        0.77976
   2.76825        62       370         0        0.75893
   2.77516        32       382         0        0.74405
   2.78207        44       366         0        0.75893
   2.78897        45       386         0        0.79762
   2.79588        34       381         0        0.79762
   2.80278        37       403         0        0.80357
   2.80393        38       371         0        0.78869
   2.81084        38       390         0        0.77976
   2.81775        33       378         0        0.78274
   2.82465        39       401         0        0.75595
   2.83156        41       432         0        0.78571
   2.83846        34       432         0        0.79762
   2.84537        43       418         0        0.78869
   2.85227        47       376         0        0.78869
   2.85918        48       409         0        0.78274
   2.86608        50       395         0        0.82440
   2.87299        55       407         0        0.80060
   2.87989        40       391         0        0.79167
   2.88680        37       417         0        0.78869
   2.89370        42       413         0        0.78869
   2.90061        34       377         0        0.78571
   2.90752        36       456         0        0.83929
   2.91442        51       404         0        0.78571
   2.92133        39       359         0        0.73512
   2.92823        58       435         0        0.80952
   2.93514        41       403         0        0.78571
   2.94204        40       404         0        0.80357
   2.94895        43       380         0        0.77381
   2.95585        50       415         0        0.77679
   2.96276        36       390         0        0.78869
   2.96966        52       420         0        0.80357
   2.97657        61       394         0        0.79762
   2.98347        42       397         0        0.75000
   2.99038        48       409         0        0.77976
   2.99728        55       377         0        0.79464
   3.00419        43       389         0        0.76488
   3.01110        38       409         0        0.77083
   3.01800        44       394         0        0.80655
   3.02491        34       416         0        0.80655
   3.03181        41       435         0        0.83929
   3.03872        47       412         0        0.77976
   3.04562        33       360         0        0.77381
   3.05253        37       342         0        0.73512
   3.05943        36       399         0        0.72619
   3.06634        38       400         0        0.81250
   3.07324        50       360         0        0.75000
   3.08015        46       419         0        0.80655
   3.08706        42       374         0        0.75893
   3.09396        57       415         0        0.77381
   3.10087        57       399         0        0.75595
   3.10777        35       439         0        0.77381
   3.11468        48       364         0        0.77083
   3.12158        43       425         0        0.78571
   3.12849        39       421         0        0.80060
   3.13539        38       357         0        0.75595
   3.14230        57       409         0        0.80952
   3.14920        58       385         0        0.79762
   3.15611        47       425         0        0.80060
   3.16301        46       404         0        0.77976
   3.16992        43       466         0        0.82738
   3.17682        50       454         0        0.81548
   3.18373        38       393         0        0.75298
   3.19064        31       401         0        0.77381
   3.19213        33       442         0        0.80655
   3.19903        40       428         0        0.80655
   3.20594        40       406         0        0.77083
   3.21284        50       456         0        0.75893
   3.21975        39       402         0        0.77679
   3.22665        43       407         0        0.80060
   3.23356        44       409         0        0.78869
   3.24047        43       427         0        0.82440
   3.24737        48       423         0        0.79762
   3.25428        40       420         0        0.79167
   3.26118        44       439         0        0.78571
   3.26809        37       449         0        0.81548
   3.27499        42       372         0        0.76786
   3.28190        38       388         0        0.77381
   3.28880        39       421         0        0.78274
   3.29571        37       388         0        0.76488
   3.30261        43       395         0        0.77679
   3.30952        40       438         0        0.82738
   3.31642        35       417         0        0.82143
   3.32333        38       401         0        0.79762
   3.33024        36       403         0        0.75000
   3.33714        46       438         0        0.79762
   3.34405        42       377         0        0.79464
   3.35095        53       389         0        0.74702
   3.35786        44       381         0        0.71726
   3.36476        34       385         0        0.78571
   3.37167        43       400         0        0.80655
   3.37857        33       420         0        0.76190
   3.38548        31       382         0        0.76786
   3.39238        34       363         0        0.75595
   3.39929        46       410         0        0.80060
   3.40619        36       378         0        0.72024
   3.41310        42       415         0        0.77381
   3.42001        34       385         0        0.75298
   3.42691        38       399         0        0.78571
   3.43382        47       424         0        0.79762
   3.44072        49       433         0        0.76190
   3.44763        49       417         0        0.80357
   3.45453        48       406         0        0.80655
   3.46144        46       388         0        0.76488
   3.46834        45       383         0        0.76190
   3.47525        35       436         0        0.77679
   3.48215        35       446         0        0.79762
   3.48906        35       420         0        0.77976
   3.49596        33       428         0        0.79167
   3.50287        28       428         0        0.77083
   3.50978        46       439         0        0.78869
   3.51668        44       454         0        0.77381
   3.52359        42       425         0        0.79167
   3.53049        35       468         0        0.81250
   3.53740        50       396         0        0.80655
   3.54430        46       492         0        0.80357
   3.55121        32       443         0        0.78274
   3.55811        26       434         0        0.81250
   3.56502        30       404         0        0.77679
   3.57192        39       412         0        0.76190
   3.57883        58       445         0        0.78274
   3.58014        34       412         0        0.78571
   3.58705        46       410         0        0.80060
   3.59395        44       417         0        0.76786
   3.60086        49       409         0        0.80952
   3.60776        54       408         0        0.80357
   3.61467        38       379         0        0.79464
   3.62157        48       432         0        0.81250
   3.62848        35       427         0        0.79167
   3.63539        45       419         0        0.81250
   3.64229        36       408         0        0.81845
   3.64920        36       395         0        0.81250
   3.65610        40       441         0        0.80952
   3.66301        43       403         0        0.74702
   3.66991        53       441         0        0.79167
   3.67682        48       394         0        0.77976
   3.68372        58       364         0        0.78274
   3.69063        44       369         0        0.72024
   3.69753        37       388         0        0.75893
   3.70444        40       415         0        0.75000
   3.71134        66       437         0        0.81250
   3.71825        44       476         0        0.82738
   3.72516        54       424         0        0.79762
   3.73206        55       398         0        0.80952
   3.73897        45       416         0        0.80357
   3.74587        38       427         0        0.79167
   3.75278        44       410         0        0.80952
   3.75968        46       425         0        0.80357
   3.76659        49       431         0        0.81845
   3.77349        48       428         0        0.77679
   3.78040        47       415         0        0.79464
   3.78730        49       415         0        0.79167
   3.79421        42       433         0        0.78571
   3.80111        71       396         0        0.77381
   3.80802        48       397         0        0.77976
   3.81493        31       397         0        0.79167
   3.82183        53       384         0        0.74107
   3.82874        45       390         0        0.74702
   3.83564        46       420         0        0.78274
   3.84255        39       368         0        0.75893
   3.84945        55       388         0        0.78869
   3.85636        39       393         0        0.75298
   3.86326        33       415         0        0.77976
   3.87017        52       383         0        0.79762
   3.87707        34       416         0        0.78274
   3.88398        50       403         0        0.77976
   3.89088        54       422         0        0.77976
   3.89779        46       428         0        0.78274
   3.90470        37       397         0        0.75000
   3.91160        50       364         0        0.75893
   3.91851        40       396         0        0.76786
   3.92541        33       401         0        0.77083
   3.93232        45       424         0        0.77679
   3.93922        55       379         0        0.80357
   3.94613        48       375         0        0.75298
   3.95303        44       406         0        0.77976
   3.95994        56       358         0        0.76786
   3.96684        36       396         0        0.80357
   3.96850        41       425         0        0.81845
   3.97540        36       415         0        0.80952
   3.98231        32       377         0        0.77381
   3.98921        51       412         0        0.73214
   3.99612        44       378         0        0.76190
   4.00303        62       373         0        0.74702
   4.00993        37       378         0        0.77381
   4.01684        54       424         0        0.79167
   4.02374        45       449         0        0.77083
   4.03065        32       400         0        0.76488
   4.03755        51       416         0        0.80655
   4.04446        51       441         0        0.80952
   4.05136        36       352         0        0.73810
   4.05827        39       375         0        0.73214
   4.06517        47       410         0        0.77083
   4.07208        44       423         0        0.77679
   4.07898        47       431         0        0.82738
   4.08589        47       451         0        0.79464
   4.09280        38       407         0        0.77381
   4.09970        60       435         0        0.80655
   4.10661        47       391         0        0.76190
   4.11351        51       370         0        0.75298
   4.12042        54       431         0        0.78274
   4.12732        48       406         0        0.80060
   4.13423        32       396         0        0.76786
   4.14113        53       438         0        0.81845
   4.14804        40       413         0        0.77679
   4.15494        28       378         0        0.74107
   4.16185        44       395         0        0.75893
   4.16875        36       389         0        0.74405
   4.17566        44       401         0        0.75595
   4.18257        52       435         0        0.76786
   4.18947        45       404         0        0.80357
   4.19638        61       388         0        0.73512
   4.20328        51       391         0        0.78571
   4.21019        33       405         0        0.77976
   4.21709        40       391         0        0.75298
   4.22400        37       412         0        0.76190
   4.23090        48       415         0        0.75893
   4.23781        51       406         0        0.78869
   4.24471        37       426         0        0.80060
   4.25162        60       402         0        0.78571
   4.25852        37       393         0        0.74107
   4.26543        45       381         0        0.77083
   4.27233        46       403         0        0.80357
   4.27924        50       426         0        0.79167
   4.28615        46       437         0        0.81250
   4.29305        37       399         0        0.80060
   4.29996        42       405         0        0.78571
   4.30686        38       406         0        0.79464
   4.31377        46       358         0        0.77381
   4.32067        52       412         0        0.78274
   4.32758        45       395         0        0.74107
   4.33448        45       415         0        0.80357
   4.34139        34       412         0        0.79762
   4.34829        34       411         0        0.78571
   4.35520        39       419         0        0.77381
   4.35667        35       438         0        0.83929
   4.36357        39       431         0        0.81845
   4.37048        40       425         0        0.82440
   4.37738        39       406         0        0.79762
   4.38429        33       423         0        0.79762
   4.39119        32       424         0        0.79464
   4.39810        49       396         0        0.77381
   4.40500        40       416         0        0.78274
   4.41191        45       413         0        0.80655
   4.41881        49       419         0        0.78274
   4.42572        39       408         0        0.78571
   4.43262        40       412         0        0.77976
   4.43953        43       410         0        0.78274
   4.44644        47       414         0        0.78571
   4.45334        45       397         0        0.77679
   4.46025        45       406         0        0.78869
   4.46715        36       381         0        0.75595
   4.47406        43       373         0        0.75893
   4.48096        70       440         0        0.80655
   4.48787        55       420         0        0.80952
   4.49477        39       388         0        0.74405
   4.50168        35       403         0        0.77976
   4.50858        37       420         0        0.74107
   4.51549        35       392         0        0.73810
   4.52239        46       376         0        0.75298
   4.52930        37       407         0        0.75893
   4.53621        41       390         0        0.78571
   4.54311        54       420         0        0.80357
   4.55002        37       395         0        0.71726
   4.55692        36       376         0        0.75000
   4.56383        36       397         0        0.75595
   4.57073        43       335         0        0.71429
   4.57764        34       376         0        0.75595
   4.58454        43       452         0        0.81845
   4.59145        50       428         0        0.80655
   4.59835        66       414         0        0.78274
   4.60526        44       386         0        0.78869
   4.61216        41       403         0        0.81548
   4.61907        48       364         0        0.79762
   4.62598        35       420         0        0.78571
   4.63288        37       429         0        0.81845
   4.63979        49       377         0        0.75298
   4.64669        37       425         0        0.76488
   4.65360        47       471         0        0.79464
   4.66050        39       373         0        0.74702
   4.66741        40       407         0        0.76786
   4.67431        35       389         0        0.75893
   4.68122        35       399         0        0.73810
   4.68812        56       394         0        0.80357
   4.69503        44       440         0        0.78274
   4.70193        42       450         0        0.78869
   4.70884        36       429         0        0.78869
   4.71575        34       427         0        0.79167
   4.72265        36       417         0        0.78571
   4.72956        51       380         0        0.81250
   4.73646        44       410         0        0.78571
   4.74337        47       354         0        0.74405
   4.74500        42       385         0        0.78274
   4.75191        36       398         0        0.76190
   4.75881        34       421         0        0.79762
   4.76572        31       408         0        0.80060
   4.77262        44       397         0        0.75595
   4.77953        47       440         0        0.79762
   4.78643        42       391         0        0.75893
   4.79334        41       400         0        0.77083
   4.80025        73       415         0        0.81845
   4.80715        47       378         0        0.78869
   4.81406        60       374         0        0.75595
   4.82096        45       427         0        0.77083
   4.82787        53       399         0        0.78571
   4.83477        43       430         0        0.79762
   4.84168        39       406         0        0.78869
   4.84858        50       391         0        0.77976
   4.85549        35       428         0        0.79464
   4.86239        38       411         0        0.79762
   4.86930        54       426         0        0.82738
   4.87620        41       413         0        0.80060
   4.88311        44       405         0        0.80357
   4.89002        57       375         0        0.80060
   4.89692        50       421         0        0.80357
   4.90383        49       391         0        0.77381
   4.91073        49       409         0        0.79167
   4.91764        33       396         0        0.79167
   4.92454        40       380         0        0.76786
   4.93145        37       365         0        0.73512
   4.93835        39       354         0        0.70833
   4.94526        38       405         0        0.74702
   4.95216        49       389         0        0.77679
   4.95907        49       424         0        0.78274
   4.96597        33       403         0        0.78571
   4.97288        40       380         0        0.77083
   4.97979        50       383         0        0.77083
   4.98669        40       429         0        0.81548
   4.99360        37       392         0        0.78869
   5.00050        28       439         0        0.81250
   5.00741        46       430         0        0.80655
   5.01431        52       396         0        0.79167
   5.02122        38       402         0        0.78274
   5.02812        44       363         0        0.74405
   5.03503        42       396         0        0.79762
   5.04193        37       378         0        0.75298
   5.04884        38       427         0        0.78274
   5.05574        49       466         0        0.80655
   5.06265        41       462         0        0.80952
   5.06956        56       437         0        0.78274
   5.07646        56       437         0        0.79464
   5.08337        29       432         0        0.82143
   5.09027        32       440         0        0.79167
   5.09718        32       398         0        0.79167
   5.10408        46       433         0        0.78571
   5.11099        38       425         0        0.79464
   5.11789        34       389         0        0.74405
   5.12480        42       425         0        0.80655
   5.13170        38       417         0        0.80655
   5.13338        51       454         0        0.83929
   5.14029        19       411         0        0.75595
   5.14719        36       384         0        0.78869
   5.15410        39       438         0        0.79464
   5.16100        58       430         0        0.82738
   5.16791        37       426         0        0.82143
   5.17481        43       460         0        0.81845
   5.18172        33       432         0        0.80655
   5.18862        55       420         0        0.82440
   5.19553        47       419         0        0.80655
   5.20243        36       431         0        0.79762
   5.20934        48       433         0        0.82440
   5.21625        50       424         0        0.76786
   5.22315        37       402         0        0.79167
   5.23006        43       408         0        0.81548
   5.23696        28       430         0        0.80357
   5.24387        39       414         0        0.78571
   5.25077        45       411         0        0.81250
   5.25768        39       409         0        0.82143
   5.26458        37       431         0        0.83929
   5.27149        32       403         0        0.78571
   5.27839        38       430         0        0.81548
   5.28530        55       383         0        0.76786
   5.29220        34       450         0        0.78869
   5.29911        36       389         0        0.80060
   5.30602        39       421         0        0.76786
   5.31292        26       412         0        0.80655
   5.31983        42       449         0        0.81250
   5.32673        61       433         0        0.81250
   5.33364        29       403         0        0.77679
   5.34054        22       437         0        0.80655
   5.34745        28       398         0        0.81845
   5.35435        43       430         0        0.80060
   5.36126        44       463         0        0.82143
   5.36816        43       418         0        0.78274
   5.37507        41       403         0        0.81548
   5.38197        38       434         0        0.77679
   5.38888        41       450         0        0.80357
   5.39579        55       379         0        0.74702
   5.40269        36       418         0        0.80952
   5.40960        55       431         0        0.77083
   5.41650        47       445         0        0.80655
   5.42341        48       410         0        0.82143
   5.43031        49       412         0        0.81250
   5.43722        52       424         0        0.81250
   5.44412        41       442         0        0.80655
   5.45103        46       435         0        0.79167
   5.45793        34       452         0        0.80952
   5.46484        44       431         0        0.77976
   5.47174        46       470         0        0.82143
   5.47865        49       394         0        0.80357
   5.48555        44       450         0        0.83929
   5.49246        51       442         0        0.84524
   5.49937        42       420         0        0.79762
   5.50627        42       437         0        0.79464
   5.51318        50       423         0        0.79762
   5.52008        42       410         0        0.83036
   5.52180        40       366         0        0.80357
   5.52870        35       400         0        0.79464
   5.53561        45       410         0        0.79167
   5.54252        52       408         0        0.80952
   5.54942        30       406         0        0.81548
   5.55633        37       424         0        0.77679
   5.56323        34       386         0        0.81845
   5.57014        26       411         0        0.80357
   5.57704        43       409         0        0.83333
   5.58395        39       469         0        0.84524
   5.59085        50       426         0        0.79464
   5.59776        41       392         0        0.82143
   5.60466        45       420         0        0.80952
   5.61157        39       419         0        0.81845
   5.61847        42       410         0        0.84524
   5.62538        29       415         0        0.81250
   5.63229        39       379         0        0.79464
   5.63919        39       406         0        0.82738
   5.64610        33       389         0        0.78869
   5.65300        40       402         0        0.82738
   5.65991        32       407         0        0.77679
   5.66681        49       450         0        0.80952
   5.67372        44       415         0        0.80655
   5.68062        39       397         0        0.78869
   5.68753        42       466         0        0.83036
   5.69443        44       452         0        0.81548
   5.70134        39       449         0        0.81548
   5.70824        41       452         0        0.82440
   5.71515        42       422         0        0.83631
   5.72206        41       472         0        0.82738
   5.72896        42       403         0        0.80357
   5.73587        40       413         0        0.82143
   5.74277        40       433         0        0.78571
   5.74968        42       376         0        0.74107
   5.75658        39       411         0        0.83631
   5.76349        28       403         0        0.81845
   5.77039        38       431         0        0.82738
   5.77730        37       387         0        0.77976
   5.78420        45       421         0        0.77381
   5.79111        35       464         0        0.79464
   5.79801        31       473         0        0.80655
   5.80492        47       446         0        0.85417
   5.81183        43       475         0        0.85417
   5.81873        39       380         0        0.80952
   5.82564        44       427         0        0.82440
   5.83254        39       435         0        0.84524
   5.83945        40       419         0        0.79167
   5.84635        32       402         0        0.76786
   5.85326        41       380         0        0.78571
   5.86016        32       415         0        0.79762
   5.86707        39       398         0        0.78869
   5.87397        42       409         0        0.80060
   5.88088        31       440         0        0.82143
   5.88778        46       405         0        0.80952
   5.89469        38       429         0        0.83333
   5.90160        43       406         0        0.79167
   5.90850        61       399         0        0.79167
   5.91041        42       397         0        0.79762
   5.91731        53       391         0        0.77679
   5.92422        52       476         0        0.83036
   5.93112        56       429         0        0.79464
   5.93803        36       390         0        0.78571
   5.94494        38       406         0        0.79464
   5.95184        37       406         0        0.79464
   5.95875        41       425         0        0.81250
   5.96565        45       426         0        0.81845
   5.97256        54       446         0        0.80060
   5.97946        44       385         0        0.79464
   5.98637        52       448         0        0.82143
   5.99327        40       391         0        0.75893
   6.00018        49       426         0        0.80060
   6.00708        50       409         0        0.79464
   6.01399        37       424         0        0.78869
   6.02089        43       433         0        0.78869
   6.02780        34       395         0        0.75893
   6.03471        43       411         0        0.78274
   6.04161        39       410         0        0.79762
   6.04852        41       402         0        0.79167
   6.05542        38       420         0        0.80655
   6.06233        28       404         0        0.79464
   6.06923        36       356         0        0.73810
   6.07614        40       417         0        0.77381
   6.08304        33       407         0        0.82440
   6.08995        42       379         0        0.76190
   6.09685        48       381         0        0.79464
   6.10376        34       387         0        0.77679
   6.11066        33       380         0        0.79762
   6.11757        33       429         0        0.80060
   6.12448        49       422         0        0.77976
   6.13138        45       380         0        0.77976
   6.13829        29       384         0        0.76190
   6.14519        40       381         0        0.80952
   6.15210        28       411         0        0.81548
   6.15900        38       399         0        0.79762
   6.16591        39       369         0        0.76786
   6.17281        44       412         0        0.79762
   6.17972        40       409         0        0.81548
   6.18662        36       395         0        0.79762
   6.19353        38       430         0        0.81845
   6.20043        25       410         0        0.83631
   6.20734        36       410         0        0.78274
   6.21425        32       389         0        0.77976
   6.22115        40       394         0        0.75595
   6.22806        47       370         0        0.74405
   6.23496        48       379         0        0.76488
   6.24187        43       385         0        0.77083
   6.24877        42       401         0        0.78571
   6.25568        34       379         0        0.78274
   6.26258        50       416         0        0.80655
   6.26949        37       368         0        0.77679
   6.27639        40       395         0        0.77083
   6.28330        47       372         0        0.77381
   6.29020        41       366         0        0.77083
   6.29711        42       389         0        0.76488
   6.29911        58       384         0        0.78274
   6.30602        39       406         0        0.80952
   6.31293        48       389         0        0.79464
   6.31983        44       394         0        0.77083
   6.32674        40       372         0        0.75595
   6.33364        31       382         0        0.79762
   6.34055        45       367         0        0.70536
   6.34745        42       406         0        0.76488
   6.35436        39       381         0        0.75298
   6.36126        39       357         0        0.77083
   6.36817        47       396         0        0.78869
   6.37507        45       417         0        0.82738
   6.38198        53       402         0        0.81548
   6.38888        36       401         0        0.79167
   6.39579        43       386         0        0.77976
   6.40270        33       438         0        0.81250
   6.40960        39       399         0        0.78274
   6.41651        37       398         0        0.78274
   6.42341        46       398         0        0.78571
   6.43032        52       442         0        0.80357
   6.43722        46       380         0        0.77679
   6.44413        37       376         0        0.77083
   6.45103        34       432         0        0.81250
   6.45794        38       383         0        0.76786
   6.46484        48       416         0        0.79167
   6.47175        44       416         0        0.83333
   6.47865        48       410         0        0.82440
   6.48556        39       432         0        0.78274
   6.49247        49       406         0        0.75893
   6.49937        42       412         0        0.78274
   6.50628        43       405         0        0.82440
   6.51318        46       380         0        0.75595
   6.52009        38       396         0        0.77381
   6.52699        46       379         0        0.74107
   6.53390        50       399         0        0.77679
   6.54080        39       388         0        0.77679
   6.54771        42       391         0        0.75893
   6.55461        37       437         0        0.78274
   6.56152        46       413         0        0.77083
   6.56842        37       354         0        0.74107
   6.57533        35       359         0        0.76488
   6.58224        37       435         0        0.80655
   6.58914        37       412         0        0.79167
   6.59605        41       373         0        0.78571
   6.60295        49       394         0        0.78274
   6.60986        52       395         0        0.80655
   6.61676        52       421         0        0.80357
   6.62367        43       408         0        0.77083
   6.63057        47       395         0        0.77976
   6.63748        42       388         0        0.77083
   6.64438        39       398         0        0.80952
   6.65129        40       408         0        0.78571
   6.65819        43       432         0        0.84821
   6.66510        51       420         0        0.80357
   6.67201        42       444         0        0.80655
   6.67891        41       442         0        0.82143
   6.68582        34       388         0        0.79464
   6.68773        57       497         0        0.84821
   6.69463        42       466         0        0.83036
   6.70154        44       386         0        0.77381
   6.70844        50       479         0        0.86012
   6.71535        55       478         0        0.81845
   6.72225        42       406         0        0.77381
   6.72916        47       431         0        0.82738
   6.73606        26       417         0        0.75595
   6.74297        42       413         0        0.80655
   6.74988        45       380         0        0.79464
   6.75678        46       417         0        0.80655
   6.76369        35       468         0        0.83929
   6.77059        52       416         0        0.78571
   6.77750        35       417         0        0.81548
   6.78440        36       431         0        0.81845
   6.79131        50       428         0        0.84226
   6.79821        44       411         0        0.77083
   6.80512        42       422         0        0.81845
   6.81202        44       386         0        0.80655
   6.81893        45       416         0        0.79167
   6.82583        40       438         0        0.79464
   6.83274        42       432         0        0.80952
   6.83964        35       413         0        0.80655
   6.84655        30       401         0        0.79762
   6.85346        33       401         0        0.78274
   6.86036        42       448         0        0.78571
   6.86727        33       410         0        0.84226
   6.87417        37       372         0        0.73214
   6.88108        38       368         0        0.79464
   6.88798        54       419         0        0.80952
   6.89489        52       405         0        0.80357
   6.90179        58       403         0        0.78274
   6.90870        47       415         0        0.82440
   6.91560        42       402         0        0.80655
   6.92251        52       420         0        0.80952
   6.92941        42       428         0        0.83036
   6.93632        31       453         0        0.83036
   6.94323        46       408         0        0.81250
   6.95013        37       417         0        0.82440
   6.95704        40       375         0        0.79167
   6.96394        51       383         0        0.78869
   6.97085        38       434         0        0.81548
   6.97775        47       436         0        0.80952
   6.98466        40       390         0        0.80655
   6.99156        39       403         0        0.79762
   6.99847        47       431         0        0.79762
   7.00537        42       390         0        0.80060
   7.01228        28       373         0        0.80357
   7.01918        38       409         0        0.77679
   7.02609        33       398         0        0.76786
   7.03300        31       441         0        0.82143
   7.03990        36       405         0        0.75595
   7.04681        43       442         0        0.80655
   7.05371        39       423         0        0.77381
   7.06062        39       395         0        0.79464
   7.06752        31       409         0        0.75893
   7.07443        38       468         0        0.80060
   7.07628        38       450         0        0.81845
   7.08319        61       460         0        0.82440
   7.09010        49       478         0        0.85119
   7.09700        42       422         0        0.81845
   7.10391        32       387         0        0.77976
   7.11081        50       440         0        0.80952
   7.11772        32       408         0        0.80357
   7.12462        53       406         0        0.79167
   7.13153        40       423         0        0.82738
   7.13843        41       463         0        0.81548
   7.14534        52       437         0        0.78869
   7.15224        47       441         0        0.81548
   7.15915        27       404         0        0.77679
   7.16605        38       422         0        0.79167
   7.17296        34       390         0        0.73810
   7.17987        43       483         0        0.82440
   7.18677        46       438         0        0.80952
   7.19368        41       477         0        0.78274
   7.20058        39       440         0        0.79167
   7.20749        37       442         0        0.81250
   7.21439        35       439         0        0.79464
   7.22130        36       454         0        0.83333
   7.22820        34       437         0        0.76488
   7.23511        42       454         0        0.83036
   7.24201        43       371         0        0.78571
   7.24892        51       456         0        0.84524
   7.25582        43       394         0        0.79762
   7.26273        38       418         0        0.82143
   7.26964        52       415         0        0.80952
   7.27654        38       412         0        0.79762
   7.28345        43       394         0        0.80060
   7.29035        26       394         0        0.79762
   7.29726        35       437         0        0.81845
   7.30416        38       454         0        0.83929
   7.31107        27       438         0        0.78571
   7.31797        38       430         0        0.79167
   7.32488        35       390         0        0.77381
   7.33178        35       356         0        0.76488
   7.33869        35       393         0        0.77381
   7.34559        39       401         0        0.80060
   7.35250        44       392         0        0.79167
   7.35941        54       390         0        0.78571
   7.36631        41       442         0        0.79464
   7.37322        44       386         0        0.79762
   7.38012        44       442         0        0.77381
   7.38703        37       378         0        0.77381
   7.39393        41       429         0        0.77083
   7.40084        35       453         0        0.79167
   7.40774        35       397         0        0.80060
   7.41465        35       433         0        0.83333
   7.42155        34       401         0        0.79167
   7.42846        37       409         0        0.81250
   7.43536        43       419         0        0.81845
   7.44227        45       430         0        0.77976
   7.44917        41       448         0        0.80655
   7.45608        20       440         0        0.82143
   7.46299        31       429         0        0.80357
   7.46477        40       443         0        0.83036
   7.47168        37       434         0        0.81845
   7.47858        38       393         0        0.79762
   7.48549        45       401         0        0.80952
   7.49239        37       392         0        0.77381
   7.49930        41       412         0        0.79464
   7.50621        49       410         0        0.80060
   7.51311        42       420         0        0.83631
   7.52002        34       420         0        0.79464
   7.52692        41       415         0        0.78274
   7.53383        48       449         0        0.84226
   7.54073        33       436         0        0.81548
   7.54764        52       415         0        0.80357
   7.55454        28       389         0        0.77083
   7.56145        25       450         0        0.79762
   7.56835        35       424         0        0.77976
   7.57526        35       396         0        0.74107
   7.58216        57       471         0        0.83929
   7.58907        41       480         0        0.88393
   7.59598        42       432         0        0.79762
   7.60288        45       454         0        0.84226
   7.60979        39       438         0        0.79167
   7.61669        32       449         0        0.83333
   7.62360        29       440         0        0.80060
   7.63050        50       443         0        0.83929
   7.63741        35       422         0        0.79762
   7.64431        49       424         0        0.77976
   7.65122        40       417         0        0.79167
   7.65812        45       456         0        0.82738
   7.66503        39       461         0        0.83036
   7.67193        46       429         0        0.80060
   7.67884        39       428         0        0.78869
   7.68575        60       450         0        0.80357
   7.69265        57       448         0        0.79167
   7.69956        29       402         0        0.75893
   7.70646        36       423         0        0.83333
   7.71337        47       420         0        0.81845
   7.72027        55       401         0        0.80357
   7.72718        52       432         0        0.79167
   7.73408        51       423         0        0.80357
   7.74099        38       420         0        0.76786
   7.74789        42       432         0        0.79167
   7.75480        37       420         0        0.83333
   7.76170        42       390         0        0.78869
   7.76861        32       393         0        0.80357
   7.77552        41       418         0        0.80655
   7.78242        54       439         0        0.80952
   7.78933        54       425         0        0.79167
   7.79623        41       396         0        0.80060
   7.80314        38       399         0        0.75893
   7.81004        48       424         0        0.79167
   7.81695        53       411         0        0.81250
   7.82385        53       423         0        0.78571
   7.83076        56       420         0        0.84226
   7.83766        41       457         0        0.81548
   7.84457        27       415         0        0.82440
   7.85147        63       412         0        0.80952
   7.85330        41       430         0        0.80357
   7.86020        43       379         0        0.78274
   7.86711        56       430         0        0.80060
   7.87401        47       397         0        0.77976
   7.88092        41       424         0        0.78571
   7.88783        50       404         0        0.81250
   7.89473        43       414         0        0.78274
   7.90164        49       390         0        0.78274
   7.90854        36       481         0        0.83631
   7.91545        54       405         0        0.77381
   7.92235        40       407         0        0.77381
   7.92926        39       453         0        0.81250
   7.93616        30       389         0        0.79762
   7.94307        58       383         0        0.80655
   7.94997        50       417         0        0.78571
   7.95688        34       382         0        0.78869
   7.96378        45       367         0        0.78869
   7.97069        28       377         0        0.77083
   7.97760        36       352         0        0.75298
   7.98450        70       385         0        0.80060
   7.99141        33       373         0        0.79167
   7.99831        48       369         0        0.75000
   8.00522        54       364         0        0.77083
   8.01212        41       387         0        0.76190
   8.01903        34       386         0        0.76488
   8.02593        36       398         0        0.71726
   8.03284        63       366         0        0.73512
   8.03974        36       390         0        0.80060
   8.04665        40       363         0        0.75595
   8.05355        31       381         0        0.80060
   8.06046        68       397         0        0.83333
   8.06737        40       379         0        0.78869
   8.07427        51       423         0        0.77976
   8.08118        50       383         0        0.78571
   8.08808        35       400         0        0.81845
   8.09499        46       446         0        0.79167
   8.10189        51       431         0        0.81845
   8.10880        48       461         0        0.82143
   8.11570        47       424         0        0.80952
   8.12261        37       401         0        0.80655
   8.12951        47       426         0        0.81845
   8.13642        44       420         0        0.78274
   8.14332        43       437         0        0.83333
   8.15023        36       456         0        0.78571
   8.15714        44       473         0        0.83036
   8.16404        50       452         0        0.80060
   8.17095        50       431         0        0.82738
   8.17785        38       448         0        0.82440
   8.18476        42       439         0        0.80357
   8.19166        38       446         0        0.82440
   8.19857        46       395         0        0.77679
   8.20547        43       479         0        0.82440
   8.21238        43       429         0        0.80655
   8.21928        48       459         0        0.82440
   8.22619        52       401         0        0.79762
   8.23309        32       403         0        0.79464
   8.24000        34       415         0        0.78571
   8.24170        43       419         0        0.80952
   8.24861        46       446         0        0.78274
   8.25551        44       454         0        0.83036
   8.26242        59       438         0        0.82440
   8.26932        38       397         0        0.75595
   8.27623        32       421         0        0.81250
   8.28313        46       439         0        0.80357
   8.29004        25       462         0        0.79464
   8.29694        38       394         0        0.81250
   8.30385        38       427         0        0.80952
   8.31075        36       425         0        0.76786
   8.31766        40       406         0        0.79762
   8.32457        55       441         0        0.85417
   8.33147        44       460         0        0.78869
   8.33838        48       419         0        0.82738
   8.34528        42       434         0        0.81250
   8.35219        34       458         0        0.83631
   8.35909        36       399         0        0.76488
   8.36600        37       404         0        0.81250
   8.37290        26       431         0        0.81548
   8.37981        44       405         0        0.77381
   8.38671        54       390         0        0.81845
   8.39362        43       415         0        0.81845
   8.40052        35       365         0        0.76786
   8.40743        49       406         0        0.77381
   8.41433        35       414         0        0.76786
   8.42124        36       436         0        0.80655
   8.42815        38       425         0        0.79762
   8.43505        38       397         0        0.78869
   8.44196        47       422         0        0.82143
   8.44886        34       407         0        0.83929
   8.45577        47       411         0        0.80952
   8.46267        42       426         0        0.82143
   8.46958        43       453         0        0.82738
   8.47648        48       406         0        0.77679
   8.48339        34       373         0        0.77381
   8.49029        45       403         0        0.77976
   8.49720        37       430         0        0.80952
   8.50411        40       387         0        0.80357
   8.51101        34       405         0        0.77381
   8.51792        52       389         0        0.80952
   8.52482        38       381         0        0.74107
   8.53173        29       416         0        0.79762
   8.53863        48       437         0        0.79167
   8.54554        48       443         0        0.77679
   8.55244        43       413         0        0.77976
   8.55935        38       423         0        0.80060
   8.56625        43       428         0        0.80357
   8.57316        48       389         0        0.77381
   8.58006        40       433         0        0.83036
   8.58697        42       424         0        0.82738
   8.59387        45       404         0        0.82440
   8.60078        39       437         0        0.81548
   8.60769        48       432         0        0.81845
   8.61459        45       386         0        0.78274
   8.62150        35       390         0        0.81250
   8.62840        48       436         0        0.77083
   8.63010        44       419         0        0.80060
   8.63700        44       413         0        0.78274
   8.64391        41       392         0        0.81845
   8.65081        40       392         0        0.80655
   8.65772        50       393         0        0.78571
   8.66462        28       408         0        0.80952
   8.67153        48       365         0        0.75893
   8.67843        40       405         0        0.83036
   8.68534        36       400         0        0.79167
   8.69224        32       377         0        0.78274
   8.69915        43       465         0        0.82738
   8.70605        46       395         0        0.74702
   8.71296        50       403         0        0.78571
   8.71987        37       425         0        0.78571
   8.72677        42       376         0        0.74702
   8.73368        53       375         0        0.76190
   8.74058        35       385         0        0.78571
   8.74749        32       375         0        0.75893
   8.75439        28       360         0        0.74405
   8.76130        38       374         0        0.77976
   8.76820        38       381         0        0.76190
   8.77511        35       394         0        0.79464
   8.78201        39       422         0        0.75893
   8.78892        40       381         0        0.79762
   8.79582        47       391         0        0.73512
   8.80273        51       378         0        0.78869
   8.80964        41       355         0        0.73810
   8.81654        34       400         0        0.74405
   8.82345        39       371         0        0.77381
   8.83035        52       396         0        0.75000
   8.83726        46       401         0        0.73214
   8.84416        48       381         0        0.72024
   8.85107        49       417         0        0.76488
   8.85797        30       382         0        0.75893
   8.86488        33       408         0        0.77976
   8.87178        32       403         0        0.75298
   8.87869        47       373         0        0.75298
   8.88559        35       361         0        0.74702
   8.89250        44       367         0        0.75893
   8.89941        45       359         0        0.77381
   8.90631        42       427         0        0.79762
   8.91322        43       391         0        0.74107
   8.92012        49       446         0        0.78274
   8.92703        52       409         0        0.77083
   8.93393        46       371         0        0.75893
   8.94084        42       413         0        0.76190
   8.94774        42       375         0        0.79762
   8.95465        59       386         0        0.74405
   8.96155        47       390         0        0.77083
   8.96846        63       402         0        0.79464
   8.97536        39       362         0        0.72619
   8.98227        38       376         0        0.73214
   8.98918        34       441         0        0.80952
   8.99608        50       415         0        0.76190
   9.00299        35       419         0        0.77679
   9.00989        58       395         0        0.77679
   9.01680        53       407         0        0.76488
   9.01845        46       436         0        0.78274
   9.02535        39       382         0        0.77976
   9.03226        34       416         0        0.75595
   9.03916        40       408         0        0.76488
   9.04607        37       394         0        0.77976
   9.05298        39       407         0        0.77083
   9.05988        40       416         0        0.78571
   9.06679        35       395         0        0.77381
   9.07369        34       419         0        0.77976
   9.08060        44       406         0        0.80952
   9.08750        39       386         0        0.80952
   9.09441        47       349         0        0.76190
   9.10131        32       392         0        0.76786
   9.10822        52       393         0        0.74107
   9.11512        43       384         0        0.72917
   9.12203        35       387         0        0.76488
   9.12894        33       414         0        0.74405
   9.13584        55       403         0        0.77083
   9.14275        49       420         0        0.76190
   9.14965        41       419         0        0.77976
   9.15656        47       441         0        0.75298
   9.16346        38       406         0        0.71429
   9.17037        37       371         0        0.74107
   9.17727        39       400         0        0.73810
   9.18418        37       381         0        0.75595
   9.19108        30       410         0        0.75000
   9.19799        43       376         0        0.74405
   9.20489        52       330         0        0.76190
   9.21180        44       392         0        0.73512
   9.21870        35       372         0        0.71429
   9.22561        60       432         0        0.76786
   9.23252        51       403         0        0.77083
   9.23942        59       421         0        0.82440
   9.24633        41       391         0        0.80357
   9.25323        51       406         0        0.78869
   9.26014        46       398         0        0.75298
   9.26704        39       382         0        0.76488
   9.27395        53       392         0        0.79464
   9.28085        68       400         0        0.81250
   9.28776        38       379         0        0.74702
   9.29466        50       410         0        0.76786
   9.30157        41       379         0        0.72024
   9.30847        42       369         0        0.75000
   9.31538        37       367         0        0.74405
   9.32229        33       400         0        0.77976
   9.32919        48       421         0        0.78274
   9.33610        34       367         0        0.77381
   9.34300        43       396         0        0.74405
   9.34991        34       407         0        0.77679
   9.35681        44       399         0        0.74405
   9.36372        46       431         0        0.79762
   9.37062        31       413         0        0.76190
   9.37753        54       367         0        0.78274
   9.38443        32       382         0        0.73810
   9.39134        34       344         0        0.73810
   9.39824        38       382         0        0.76190
   9.40515        43       392         0        0.74405
   9.40684        37       393         0        0.75298
   9.41374        39       394         0        0.75893
   9.42065        50       382         0        0.75893
   9.42755        36       404         0        0.74405
   9.43446        30       457         0        0.80655
   9.44136        37       403         0        0.76488
   9.44827        54       410         0        0.74107
   9.45517        40       436         0        0.75298
   9.46208        40       409         0        0.76786
   9.46899        26       409         0        0.78274
   9.47589        37       450         0        0.79762
   9.48280        34       420         0        0.81250
   9.48970        37       456         0        0.79167
   9.49661        49       382         0        0.72619
   9.50351        34       395         0        0.80060
   9.51042        40       393         0        0.82440
   9.51732        35       407         0        0.80655
   9.52423        30       427         0        0.79762
   9.53113        33       410         0        0.77381
   9.53804        46       422         0        0.80952
   9.54494        42       409         0        0.76488
   9.55185        35       414         0        0.80357
   9.55875        38       390         0        0.75298
   9.56566        37       398         0        0.75893
   9.57257        35       458         0        0.81548
   9.57947        38       426         0        0.78869
   9.58638        53       408         0        0.83333
   9.59328        30       417         0        0.78571
   9.60019        30       412         0        0.77679
   9.60709        38       403         0        0.78571
   9.61400        52       379         0        0.78869
   9.62090        38       406         0        0.75893
   9.62781        26       415         0        0.76786
   9.63471        29       379         0        0.75298
   9.64162        40       404         0        0.76190
   9.64853        42       413         0        0.78571
   9.65543        34       398         0        0.77679
   9.66234        40       405         0        0.78571
   9.66924        45       399         0        0.81548
   9.67615        37       410         0        0.80655
   9.68305        32       393         0        0.77679
   9.68996        38       434         0        0.78571
   9.69686        35       420         0        0.82143
   9.70377        57       412         0        0.80952
   9.71067        39       434         0        0.80060
   9.71758        34       397         0        0.79762
   9.72448        39       424         0        0.78274
   9.73139        40       432         0        0.80655
   9.73829        39       453         0        0.83631
   9.74520        38       423         0        0.80952
   9.75211        43       384         0        0.77381
   9.75901        33       410         0        0.79464
   9.76592        39       427         0        0.80060
   9.77282        45       400         0        0.80952
   9.77973        56       422         0        0.81250
   9.78663        34       413         0        0.83036
   9.79354        48       409         0        0.80655
   9.79523        47       470         0        0.84821
