   0.00587         0         0         0        0.00000
   0.01204         0         0         0        0.00000
   0.01206         0         0         0        0.00000
   0.01830         0         0         0        0.00000
   0.01861         0         0         0        0.00000
   0.02495         0         0         0        0.00000
   0.02563         0         0         0        0.00000
   0.03210         0         0         0        0.00000
   0.03321         0         0         0        0.00000
   0.03974         0         0         0        0.00000
   0.04498         0         0         0        0.00000
   0.05157         0         0         0        0.00000
   0.05718         0         0         0        0.00000
   0.06385         0         0         0        0.00000
   0.07052         0         0         0        0.00000
   0.07408         0         0         0        0.00000
   0.08083        12         0         0        0.02976
   0.08758         6         0         0        0.02083
   0.09433        10         0         0        0.03571
   0.09615         8         0         0        0.01190
   0.10305        20         0         0        0.04762
   0.10996         8         0         0        0.07143
   0.11686        28         0         1        0.05655
   0.12377        16         9         0        0.07440
   0.13068        27        16         0        0.11905
   0.13758         4        31         0        0.10119
   0.14449        16         4         0        0.11310
   0.15139         7         0         0        0.06250
   0.15830        16        19         0        0.12202
   0.16520        12        40         0        0.11905
   0.17211        41        25         2        0.14583
   0.17901        33        62         2        0.22321
   0.18592        45       100         0        0.25298
   0.19282        20       100         1        0.22619
   0.19973        44        61         1        0.22024
   0.20663        47        57         0        0.23214
   0.21354        25        75         0        0.21429
   0.22044        34       109         0        0.26786
   0.22735        31       138         0        0.35714
   0.23426        51        73         1        0.22024
   0.24116        48        68         0        0.24702
   0.24807        61       102         2        0.25000
   0.25497        29        92         1        0.18155
   0.26188        19        90         0        0.20536
   0.26878        23       132         0        0.27083
   0.27569        51       126         1        0.26488
   0.28259        40       152         0        0.27381
   0.28950        92       141         2        0.30952
   0.29640        58       140         5        0.33929
   0.30331        49       110         0        0.27381
   0.31022        34       129         0        0.24405
   0.31712        38       100         1        0.23214
   0.32403        38       129         0        0.26786
   0.33093        24       198         0        0.31250
   0.33784        46       183         0        0.36012
   0.34474        56       140         0        0.29167
   0.35165       140       143         0        0.33631
   0.35855        86       144         1        0.31845
   0.36546        93       165         0        0.40774
   0.37236        69       165         0        0.30060
   0.37927        80       152         1        0.30952
   0.38617       108       191         0        0.34821
   0.39308        80       169         0        0.35417
   0.39998        57       171         0        0.38393
   0.40689        26       119         0        0.22321
   0.41380        17       167         0        0.31250
   0.42070        45       158         0        0.26786
   0.42761        15       162         0        0.31250
   0.43451        24       188         0        0.29762
   0.44142        38       153         0        0.27976
   0.44832        43       196         0        0.32738
   0.45523        28       158         2        0.29762
   0.46213        27       205         0        0.37500
   0.46904        59       210         0        0.40179
   0.47432        45       188         1        0.32440
   0.48122        56       162         0        0.30060
   0.48813        23       170         0        0.32738
   0.49503        57       132         0        0.27083
   0.50194         9       193         0        0.30952
   0.50884        22       175         0        0.28571
   0.51575        27       159         0        0.31845
   0.52265        91       195         1        0.43155
   0.52956        51       168         0        0.30655
   0.53647        68       253         0        0.41667
   0.54337        62       222         0        0.42857
   0.55028        50       240         0        0.44940
   0.55718        40       241         0        0.38393
   0.56409        45       243         0        0.37202
   0.57099        26       180         0        0.29167
   0.57790        33       177         0        0.34524
   0.58480        56       181         0        0.32738
   0.59171        63       172         0        0.35714
   0.59861        40       181         0        0.36607
   0.60552        74       206         0        0.36012
   0.61242        88       151         0        0.34821
   0.61933        67       244         0        0.43155
   0.62624        82       237         0        0.47321
   0.63314        62       235         0        0.46429
   0.64005        57       204         0        0.38690
   0.64695        54       258         0        0.45536
   0.65386        68       233         0        0.42560
   0.66076        50       286         0        0.45833
   0.66767        42       240         0        0.44345
   0.67457        48       313         0        0.44048
   0.68148        42       369         1        0.52976
   0.68838        54       256         1        0.44048
   0.69529        72       301         1        0.50298
   0.70219        59       319         0        0.49702
   0.70910        34       303         0        0.52083
   0.71601        45       336         0        0.50000
   0.72291        36       350         1        0.46726
   0.72982        49       362         0        0.53869
   0.73672        44       309         1        0.52083
   0.74363        43       356         0        0.56548
   0.75053        27       346         0        0.50893
   0.75744        33       416         0        0.54762
   0.76434        50       413         0        0.61012
   0.77125        53       357         0        0.59226
   0.77815        62       367         0        0.54167
   0.78506        80       337         0        0.55655
   0.79196        71       362         0        0.56548
   0.79887        81       321         0        0.50595
   0.80578        35       386         0        0.57738
   0.81268        50       335         0        0.55357
   0.81959        54       367         0        0.58929
   0.82649        46       361         0        0.55357
   0.83340        35       355         0        0.52976
   0.84030        32       334         0        0.52381
   0.84721        65       327         0        0.55060
   0.85207        31       361         0        0.51190
   0.85898        47       324         0        0.54762
   0.86588        50       300         0        0.49702
   0.87279        72       337         0        0.58036
   0.87969        69       328         0        0.52083
   0.88660       103       359         0        0.55952
   0.89350        77       351         0        0.56250
   0.90041        72       341         0        0.52976
   0.90732        83       295         0        0.58036
   0.91422        71       387         0        0.57440
   0.92113        70       360         0        0.59524
   0.92803       137       363         0        0.59524
   0.93494        86       391         0        0.58333
   0.94184        89       380         0        0.59821
   0.94875        59       360         0        0.55655
   0.95565        57       397         0        0.58631
   0.96256        55       386         0        0.58036
   0.96946        66       374         0        0.56845
   0.97637        80       358         0        0.59821
   0.98327        42       370         0        0.56250
   0.99018        64       344         0        0.61012
   0.99709        66       346         0        0.59226
   1.00399        33       327         0        0.59524
   1.01090        58       361         0        0.62798
   1.01780        82       358         0        0.61905
   1.02471        61       364         0        0.61607
   1.03161        47       351         0        0.60714
   1.03852        54       400         0        0.63690
   1.04542        66       375         0        0.62500
   1.05233        58       373         1        0.61905
   1.05923        52       315         0        0.58631
   1.06614        52       371         0        0.61310
   1.07304        91       409         0        0.64583
   1.07995        53       405         0        0.60417
   1.08686        66       368         0        0.61607
   1.09376        51       384         0        0.63988
   1.10067        62       407         0        0.64583
   1.10757       100       420         0        0.65179
   1.11448        80       327         0        0.56845
   1.12138        71       381         0        0.59226
   1.12829        63       328         0        0.53274
   1.13519        84       355         0        0.59524
   1.14210        49       374         0        0.55655
   1.14900        43       338         0        0.55060
   1.15591        35       309         0        0.52976
   1.16281        31       338         0        0.53571
   1.16972        38       333         0        0.52083
   1.17663        57       326         1        0.52679
   1.18353        36       369         0        0.58929
   1.19044        32       388         0        0.56845
   1.19734        43       368         0        0.56548
   1.20425        41       300         2        0.56250
   1.21115        53       375         0        0.64881
   1.21806        32       368         0        0.58631
   1.22496        45       353         0        0.57440
   1.23076        76       331         0        0.59524
   1.23766        67       311         0        0.57143
   1.24457        32       327         0        0.59226
   1.25147        22       330         0        0.54464
   1.25838        37       348         0        0.51786
   1.26529        41       361         0        0.59821
   1.27219        56       301         0        0.55952
   1.27910        31       372         0        0.54167
   1.28600        49       300         1        0.55060
   1.29291        14       375         0        0.49405
   1.29981        23       336         0        0.50000
   1.30672         9       377         0        0.50298
   1.31362        12       297         0        0.51190
   1.32053        13       403         0        0.53274
   1.32743        32       350         0        0.57440
   1.33434        11       400         0        0.54762
   1.34124        23       488         0        0.63393
   1.34815        30       474         0        0.61310
   1.35505        26       374         0        0.57738
   1.36196        29       416         0        0.57738
   1.36887        31       447         0        0.62202
   1.37577        22       442         0        0.64583
   1.38268        29       403         0        0.60417
   1.38958        18       448         0        0.60714
   1.39649        27       491         0        0.68452
   1.40339        18       439         0        0.66369
   1.41030        21       422         0        0.61607
   1.41720         8       451         0        0.61905
   1.42411        50       406         0        0.61905
   1.43101        24       520         0        0.64286
   1.43792         4       428         0        0.63988
   1.44483        19       418         0        0.61012
   1.45173        29       446         0        0.67857
   1.45864        21       432         0        0.64583
   1.46554        25       370         0        0.63690
   1.47245        28       442         0        0.64583
   1.47935        33       430         0        0.66964
   1.48626        21       452         0        0.65476
   1.49316        37       437         0        0.69345
   1.50007        22       447         0        0.67262
   1.50697        26       411         0        0.58333
   1.51388        26       367         0        0.60119
   1.52078        17       439         0        0.61012
   1.52769        19       441         0        0.61310
   1.53459        42       428         0        0.62202
   1.54150        16       413         0        0.56548
   1.54841        17       401         0        0.56548
   1.55531        33       418         0        0.58631
   1.56222        16       431         0        0.60417
   1.56912        17       476         0        0.62202
   1.57603        12       421         0        0.56548
   1.58293        58       426         0        0.60714
   1.58984        33       389         0        0.55952
   1.59674        44       458         0        0.63095
   1.60365        22       448         0        0.61310
   1.60862        34       453         0        0.64881
   1.61552        15       407         0        0.61012
   1.62243        34       429         0        0.63393
   1.62933        18       453         0        0.62202
   1.63624        68       331         0        0.59821
   1.64314        35       386         0        0.59226
   1.65005        27       351         0        0.58036
   1.65695        45       429         0        0.61012
   1.66386        33       425         0        0.61310
   1.67077        42       467         0        0.61905
   1.67767        18       496         0        0.59524
   1.68458        42       384         0        0.61607
   1.69148        40       469         0        0.63988
   1.69839        35       455         0        0.62798
   1.70529        52       399         0        0.60119
   1.71220        24       379         0        0.61012
   1.71910        47       408         0        0.60417
   1.72601        39       404         0        0.61310
   1.73291        41       380         0        0.59226
   1.73982        34       439         0        0.62798
   1.74672        30       422         0        0.58929
   1.75363        22       378         0        0.58631
   1.76054        46       427         0        0.64286
   1.76744        34       390         0        0.58631
   1.77435        27       392         0        0.57143
   1.78125        60       385         0        0.63393
   1.78816        58       367         0        0.60714
   1.79506        33       386         0        0.59226
   1.80197        53       337         0        0.53869
   1.80887        65       451         0        0.62500
   1.81578        59       409         0        0.58631
   1.82268        61       371         0        0.59524
   1.82959        64       376         0        0.54464
   1.83649        77       347         0        0.55952
   1.84340        59       388         0        0.52679
   1.85031        69       416         0        0.64881
   1.85721        78       329         1        0.57440
   1.86412        87       410         0        0.60119
   1.87102        58       402         1        0.61905
   1.87793        72       396         0        0.62798
   1.88483        32       446         0        0.67857
   1.89174        46       470         0        0.63988
   1.89864        81       399         0        0.61310
   1.90555        76       401         0        0.64583
   1.91245        29       398         0        0.61310
   1.91936        90       453         0        0.69048
   1.92626        70       438         0        0.67560
   1.93317        30       435         0        0.61607
   1.94008        85       515         0        0.73810
   1.94698       104       428         0        0.66667
   1.95389        36       451         0        0.61310
   1.96079        53       378         0        0.62202
   1.96770        32       440         0        0.58333
   1.97460        47       439         0        0.65476
   1.98151        18       490         0        0.61905
   1.98609        33       462         1        0.60714
   1.99300        31       523         0        0.66071
   1.99990        38       435         0        0.57440
   2.00681        18       405         0        0.61310
   2.01372        18       431         0        0.62202
   2.02062        19       431         0        0.67262
   2.02753        32       438         0        0.62202
   2.03443        18       474         0        0.60119
   2.04134        27       498         0        0.62500
   2.04824        14       448         0        0.60119
   2.05515        46       469         0        0.69345
   2.06205        62       461         1        0.66369
   2.06896        28       444         0        0.65476
   2.07586        32       490         0        0.69940
   2.08277        40       476         0        0.69345
   2.08967        15       507         0        0.65476
   2.09658        24       462         0        0.64286
   2.10349        23       491         0        0.63095
   2.11039        23       412         0        0.66964
   2.11730        31       510         0        0.66071
   2.12420        48       392         0        0.63690
   2.13111        20       451         0        0.67857
   2.13801        34       395         0        0.62202
   2.14492        29       415         0        0.67857
   2.15182        24       509         0        0.67560
   2.15873        42       504         0        0.71131
   2.16563        27       464         0        0.61310
   2.17254        12       478         0        0.71131
   2.17944        21       512         0        0.65774
   2.18635        42       517         0        0.69048
   2.19326        49       478         0        0.64881
   2.20016        12       510         0        0.69345
   2.20707        34       485         0        0.65179
   2.21397        22       488         0        0.66071
   2.22088        35       553         0        0.67857
   2.22778        27       515         0        0.69345
   2.23469        20       488         0        0.70833
   2.24159        31       592         0        0.70536
   2.24850        31       560         0        0.73214
   2.25540        22       551         0        0.69940
   2.26231        18       540         0        0.66964
   2.26921        13       468         0        0.66667
   2.27612        24       509         0        0.67262
   2.28303        24       515         0        0.68452
   2.28993         6       496         0        0.69643
   2.29684        26       520         0        0.70238
   2.30374        14       466         0        0.66369
   2.31065        14       521         0        0.63988
   2.31755        27       474         0        0.67262
   2.32446        22       528         0        0.71131
   2.33136        35       497         0        0.62798
   2.33827        17       455         0        0.65476
   2.34517        16       489         0        0.61607
   2.35208         4       475         0        0.63988
   2.35898         9       456         0        0.64583
   2.36396        26       516         0        0.66369
   2.37086        17       533         0        0.65179
   2.37777        20       502         0        0.63988
   2.38468        10       496         0        0.66667
   2.39158        33       458         0        0.68155
   2.39849        56       448         0        0.63988
   2.40539        17       525         0        0.66667
   2.41230        46       472         0        0.64286
   2.41920        32       413         0        0.63690
   2.42611        34       462         0        0.69048
   2.43301        20       450         0        0.67560
   2.43992        28       490         0        0.69643
   2.44682        20       450         0        0.65774
   2.45373        23       465         0        0.65774
   2.46063        31       546         0        0.66964
   2.46754        15       521         0        0.66071
   2.47445        10       549         0        0.65774
   2.48135        11       497         0        0.64286
   2.48826        19       514         0        0.59821
   2.49516        34       558         0        0.68750
   2.50207        20       446         0        0.65774
   2.50897        33       511         0        0.66667
   2.51588        16       440         0        0.61310
   2.52278        15       461         0        0.64286
   2.52969         9       473         0        0.61012
   2.53659        12       449         0        0.63690
   2.54350        28       476         0        0.60119
   2.55040        24       404         0        0.58929
   2.55731        15       463         0        0.61607
   2.56422        36       455         0        0.67857
   2.57112        60       450         0        0.63988
   2.57803        19       498         0        0.65476
   2.58493        32       445         0        0.66964
   2.59184        40       490         0        0.62500
   2.59874        16       468         0        0.64583
   2.60565        30       483         0        0.64286
   2.61255        36       440         0        0.66964
   2.61946        44       400         0        0.65179
   2.62636        44       441         0        0.63988
   2.63327        36       409         0        0.59821
   2.64017        14       405         0        0.60119
   2.64708        36       440         0        0.59524
   2.65399        21       423         0        0.58929
   2.66089        21       436         0        0.64286
   2.66780        30       456         0        0.66071
   2.67470        22       408         0        0.61310
   2.68161        19       528         0        0.64286
   2.68851         7       443         0        0.62202
   2.69542        27       424         0        0.58036
   2.70232        10       536         0        0.66964
   2.70923        27       496         0        0.60417
   2.71613        34       478         0        0.65179
   2.72304        43       453         0        0.64583
   2.72994        46       423         0        0.62202
   2.73685        50       479         0        0.68750
   2.74209        54       438         0        0.62202
   2.74900        34       448         0        0.60714
   2.75591        20       414         0        0.59821
   2.76281        42       475         0        0.63690
   2.76972        52       529         0        0.66964
   2.77662        49       394         0        0.63690
   2.78353        39       434         0        0.64286
   2.79043        29       506         0        0.65476
   2.79734        32       443         0        0.65476
   2.80424        29       445         0        0.63095
   2.81115        16       452         0        0.62500
   2.81805        19       392         0        0.60119
   2.82496        25       448         0        0.66964
   2.83186        21       431         0        0.64881
   2.83877        43       463         0        0.63988
   2.84568        25       493         0        0.61905
   2.85258        14       451         0        0.63393
   2.85949        15       419         0        0.62500
   2.86639        23       487         0        0.63095
   2.87330        27       443         0        0.65476
   2.88020        39       452         0        0.63393
   2.88711        30       479         0        0.66369
   2.89401        58       502         0        0.66667
   2.90092        19       497         0        0.63988
   2.90782         5       474         0        0.62500
   2.91473        11       487         0        0.64286
   2.92163        21       464         0        0.63393
   2.92854        42       491         0        0.64286
   2.93545        33       436         0        0.60119
   2.94235        28       397         0        0.59524
   2.94926        56       448         0        0.65774
   2.95616        24       496         0        0.64881
   2.96307        31       467         0        0.64286
   2.96997        37       510         0        0.65476
   2.97688        21       525         0        0.65774
   2.98378        27       436         0        0.63988
   2.99069        20       430         0        0.61310
   2.99759        34       416         0        0.60714
   3.00450        34       467         0        0.64881
   3.01140        46       460         0        0.66071
   3.01831        47       480         0        0.68750
   3.02522        30       475         0        0.66071
   3.03212        15       506         0        0.63393
   3.03903        37       460         0        0.62202
   3.04593        38       493         0        0.67262
   3.05284        29       422         0        0.61905
   3.05974        38       411         0        0.62202
   3.06665        53       478         0        0.68452
   3.07355        37       446         0        0.65774
   3.08046        34       483         0        0.67857
   3.08736        26       471         0        0.68155
   3.09427        43       479         0        0.66369
   3.10117        29       478         0        0.66369
   3.10808        34       511         0        0.70833
   3.11498        46       463         0        0.67857
   3.12047        24       475         0        0.64286
   3.12737        22       466         0        0.64583
   3.13428        19       486         0        0.65774
   3.14118        38       433         0        0.67262
   3.14809        27       504         0        0.68750
   3.15499        27       527         0        0.65476
   3.16190        31       518         0        0.64583
   3.16880        48       477         0        0.67560
   3.17571        26       465         0        0.68750
   3.18261        32       526         0        0.69345
   3.18952        51       500         0        0.61012
   3.19643        20       453         0        0.62202
   3.20333        41       487         0        0.65476
   3.21024        41       435         0        0.63690
   3.21714        41       466         0        0.61905
   3.22405        36       510         0        0.68750
   3.23095        55       439         0        0.64583
   3.23786        44       490         0        0.65774
   3.24476        49       448         0        0.67262
   3.25167        50       470         0        0.66369
   3.25857        50       488         0        0.68155
   3.26548        31       441         0        0.61012
   3.27238        48       482         0        0.64881
   3.27929        30       476         0        0.60119
   3.28620        25       502         0        0.66667
   3.29310        36       533         0        0.66667
   3.30001        23       495         0        0.68452
   3.30691        40       517         0        0.64583
   3.31382        29       504         0        0.65774
   3.32072        36       500         0        0.68750
   3.32763        12       541         0        0.63095
   3.33453        44       515         0        0.63988
   3.34144        35       491         0        0.67560
   3.34834        15       487         0        0.61607
   3.35525        37       461         0        0.67262
   3.36215        18       485         0        0.64286
   3.36906        12       459         0        0.62798
   3.37597        17       501         0        0.60119
   3.38287        21       449         0        0.64881
   3.38978        18       446         0        0.61607
   3.39668        17       490         0        0.62202
   3.40359        20       455         0        0.61905
   3.41049        17       481         0        0.64881
   3.41740        23       551         0        0.64881
   3.42430        11       502         0        0.65774
   3.43121        20       534         0        0.66071
   3.43811         5       477         0        0.63988
   3.44502        16       540         0        0.63988
   3.45192        18       552         0        0.63690
   3.45883        12       465         0        0.64583
   3.46574        12       483         0        0.64881
   3.47264        20       519         0        0.68452
   3.47955        22       515         0        0.63690
   3.48645        16       637         0        0.72024
   3.49336        13       550         0        0.67262
   3.49917        24       561         0        0.68452
   3.50608        25       475         0        0.64286
   3.51298        12       508         0        0.70833
   3.51989        27       516         0        0.68750
   3.52679        25       523         0        0.63988
   3.53370        21       555         0        0.66071
   3.54060        19       480         0        0.64286
   3.54751        14       492         0        0.63690
   3.55441        19       550         0        0.65774
   3.56132        31       543         0        0.69643
   3.56823        18       509         0        0.68155
   3.57513        24       461         0        0.69048
   3.58204        13       556         0        0.69940
   3.58894        14       504         0        0.64583
   3.59585        12       489         0        0.61310
   3.60275        19       534         0        0.65476
   3.60966        22       484         0        0.66071
   3.61656        29       540         0        0.70536
   3.62347        20       499         0        0.64881
   3.63037        28       481         0        0.67262
   3.63728        48       548         0        0.67560
   3.64418        33       522         0        0.66369
   3.65109        19       538         0        0.67857
   3.65800        34       443         0        0.66071
   3.66490        30       472         0        0.64583
   3.67181        23       483         0        0.68155
   3.67871        38       493         0        0.66071
   3.68562        51       530         0        0.69940
   3.69252        24       507         0        0.66667
   3.69943        19       539         0        0.65179
   3.70633        26       485         0        0.64286
   3.71324        40       477         0        0.65179
   3.72014        30       493         0        0.63690
   3.72705        25       444         0        0.62798
   3.73395        60       386         0        0.59821
   3.74086        20       493         0        0.64583
   3.74777        45       474         0        0.64286
   3.75467        36       454         0        0.65774
   3.76158        29       433         0        0.63095
   3.76848        43       441         0        0.64583
   3.77539        23       479         0        0.64881
   3.78229        42       442         0        0.67560
   3.78920        47       511         0        0.68750
   3.79610        48       483         0        0.65774
   3.80301        37       462         0        0.63988
   3.80991        21       453         0        0.62202
   3.81682        38       427         0        0.62500
   3.82372        26       492         0        0.63988
   3.83063        27       487         0        0.67262
   3.83754        32       506         0        0.68452
   3.84444        40       430         0        0.62202
   3.85135        44       479         0        0.61905
   3.85825        20       456         0        0.64881
   3.86516        18       458         0        0.63095
   3.87206        23       492         0        0.62202
   3.87802        43       553         0        0.69048
   3.88493        29       476         0        0.65476
   3.89183        11       473         0        0.62500
   3.89874        27       479         0        0.66369
   3.90564        30       466         0        0.64583
   3.91255        40       586         0        0.66964
   3.91945        21       530         0        0.65476
   3.92636        22       480         0        0.66667
   3.93326        36       468         0        0.69048
   3.94017        23       448         0        0.61607
   3.94708        26       435         0        0.65179
   3.95398        25       504         0        0.66964
   3.96089        23       469         0        0.68155
   3.96779        36       504         0        0.73512
   3.97470        38       507         0        0.70833
   3.98160        26       524         0        0.67560
   3.98851        22       479         0        0.65476
   3.99541        25       468         0        0.67857
   4.00232        23       479         0        0.64583
   4.00922        17       479         0        0.63690
   4.01613        16       491         0        0.67262
   4.02303        22       449         0        0.66369
   4.02994        23       454         0        0.63988
   4.03685        16       512         0        0.65476
   4.04375        13       481         0        0.66667
   4.05066        22       487         0        0.63095
   4.05756        21       480         0        0.65774
   4.06447        29       450         0        0.66964
   4.07137        29       452         0        0.65774
   4.07828        27       423         0        0.62798
   4.08518        29       505         0        0.68155
   4.09209        27       433         1        0.67560
   4.09899        33       454         0        0.65179
   4.10590        47       468         0        0.71131
   4.11280        44       465         0        0.69643
   4.11971        18       468         0        0.67560
   4.12662        36       415         0        0.66667
   4.13352        35       447         1        0.67262
   4.14043        43       474         0        0.71429
   4.14733        28       441         0        0.68452
   4.15424        28       474         0        0.69048
   4.16114        39       495         0        0.69048
   4.16805        24       476         0        0.67560
   4.17495        30       483         0        0.67857
   4.18186        44       487         0        0.69345
   4.18876        45       504         0        0.71726
   4.19567        54       473         0        0.67262
   4.20257        55       488         0        0.69643
   4.20948        72       450         0        0.67262
   4.21639        49       513         0        0.67262
   4.22329        47       513         0        0.67560
   4.23020        71       496         0        0.70536
   4.23710        52       509         1        0.65179
   4.24401        61       472         0        0.64286
   4.25091        51       446         0        0.66071
   4.25691        52       527         0        0.69643
   4.26381        49       512         0        0.70238
   4.27072        45       521         0        0.67560
   4.27762        40       504         0        0.68750
   4.28453        45       463         0        0.69643
   4.29143        44       470         0        0.68452
   4.29834        34       456         0        0.62500
   4.30525        56       521         0        0.68750
   4.31215        47       440         0        0.68750
   4.31906        66       478         0        0.68155
   4.32596        54       508         0        0.64881
   4.33287        50       523         0        0.68155
   4.33977        55       506         0        0.68750
   4.34668        49       490         0        0.69048
   4.35358        40       497         0        0.67560
   4.36049        46       467         0        0.69643
   4.36739        35       573         0        0.68452
   4.37430        35       473         0        0.64286
   4.38120        40       546         0        0.67560
   4.38811        40       537         0        0.66964
   4.39502        58       502         0        0.68452
   4.40192        52       484         0        0.67857
   4.40883        40       503         0        0.66071
   4.41573        54       568         0        0.71726
   4.42264        70       574         0        0.71131
   4.42954        33       511         0        0.70238
   4.43645        30       544         0        0.69940
   4.44335        37       467         0        0.69345
   4.45026        29       471         0        0.66071
   4.45716        23       460         0        0.69345
   4.46407        28       520         0        0.72024
   4.47097        31       513         0        0.70238
   4.47788        31       442         0        0.68750
   4.48479        36       462         0        0.68155
   4.49169        37       478         0        0.69048
   4.49860        38       405         0        0.64583
   4.50550        31       497         0        0.71131
   4.51241        44       506         0        0.70833
   4.51931        30       524         0        0.70833
   4.52622        25       525         0        0.70833
   4.53312         8       481         0        0.67857
   4.54003         7       558         0        0.69048
   4.54693        29       496         0        0.73512
   4.55384        17       468         0        0.69940
   4.56074        23       462         0        0.69643
   4.56765        24       494         0        0.67262
   4.57456        20       493         0        0.63690
   4.58146        36       522         0        0.69048
   4.58837        28       503         0        0.66667
   4.59527        27       593         0        0.71429
   4.60218        21       561         0        0.67560
   4.60908        19       558         0        0.69940
   4.61599        40       546         0        0.70238
   4.62289        14       566         0        0.67560
   4.62980        22       543         0        0.71429
   4.63600        18       577         0        0.70833
   4.64291        19       513         0        0.69940
   4.64981        14       610         0        0.70536
   4.65672        10       533         0        0.67262
   4.66362        15       550         0        0.67262
   4.67053        17       562         0        0.64583
   4.67743        22       518         0        0.67262
   4.68434        11       565         0        0.69048
   4.69125        16       550         0        0.68155
   4.69815        18       593         0        0.74702
   4.70506        18       549         0        0.71131
   4.71196        19       497         0        0.70536
   4.71887        17       558         0        0.69345
   4.72577        29       560         0        0.67857
   4.73268        21       499         0        0.68750
   4.73958        14       476         0        0.67262
   4.74649        23       517         0        0.69345
   4.75339        18       553         0        0.70536
   4.76030        19       498         0        0.69345
   4.76720        10       515         0        0.63690
   4.77411        30       606         0        0.71131
   4.78101        22       524         0        0.69048
   4.78792        27       526         0        0.71131
   4.79483        22       512         0        0.69048
   4.80173        16       550         0        0.69345
   4.80864        16       579         0        0.65476
   4.81554        23       548         0        0.68452
   4.82245        15       565         0        0.69940
   4.82935        15       616         0        0.68155
   4.83626        19       609         0        0.70238
   4.84316        18       498         0        0.68155
   4.85007        33       571         0        0.71131
   4.85697        30       558         0        0.71131
   4.86388        17       506         0        0.66964
   4.87078        20       541         0        0.66071
   4.87769        18       536         0        0.69048
   4.88460        32       531         0        0.69048
   4.89150        29       454         0        0.64583
   4.89841        31       513         0        0.66667
   4.90531        23       477         0        0.62500
   4.91222        23       452         0        0.66369
   4.91912        13       488         0        0.66964
   4.92603        29       436         0        0.69643
   4.93293        15       524         0        0.68155
   4.93984        17       491         0        0.65476
   4.94674        10       508         0        0.66369
   4.95365        32       506         0        0.65774
   4.96055        21       521         0        0.67857
   4.96746        15       545         0        0.66071
   4.97437        41       494         0        0.67262
   4.98127        29       506         0        0.64881
   4.98818        17       463         0        0.68155
   4.99508        23       486         0        0.69048
   5.00199        16       571         0        0.72024
   5.00889        21       490         0        0.64881
   5.01507        25       570         0        0.71726
   5.02198        25       550         0        0.68452
   5.02888        24       539         0        0.67857
   5.03579        21       606         0        0.69345
   5.04269        29       526         0        0.66369
   5.04960        14       598         0        0.71131
   5.05651         9       618         0        0.66964
   5.06341        21       574         0        0.68452
   5.07032        14       623         0        0.69940
   5.07722        21       641         0        0.68155
   5.08413        12       590         0        0.71429
   5.09103        15       537         0        0.63988
   5.09794        11       547         0        0.68155
   5.10484        20       578         0        0.71131
   5.11175        18       537         0        0.71429
   5.11865        13       484         0        0.67560
   5.12556        18       518         0        0.65476
   5.13246        22       548         0        0.68155
   5.13937        13       546         0        0.67262
   5.14628        21       532         0        0.69643
   5.15318        23       503         0        0.66071
   5.16009        15       555         0        0.69048
   5.16699        20       545         0        0.72024
   5.17390        14       528         0        0.71726
   5.18080        19       498         0        0.73214
   5.18771        16       570         0        0.70536
   5.19461        22       591         0        0.71726
   5.20152        25       551         0        0.69940
   5.20842        15       619         0        0.69345
   5.21533        15       478         0        0.66071
   5.22223        33       555         0        0.70536
   5.22914        19       496         0        0.65774
   5.23605        26       544         0        0.70238
   5.24295        22       551         0        0.68750
   5.24986         6       504         0        0.67857
   5.25676        17       556         0        0.69345
   5.26367        18       463         0        0.69643
   5.27057        17       538         0        0.66071
   5.27748        13       455         0        0.66071
   5.28438        23       616         1        0.73512
   5.29129        18       470         0        0.65179
   5.29819        15       493         0        0.69048
   5.30510        27       543         0        0.71429
   5.31200        26       564         0        0.68750
   5.31891        27       540         0        0.68750
   5.32582        34       517         0        0.69345
   5.33272        22       487         0        0.69048
   5.33963        31       473         0        0.67262
   5.34653        24       437         0        0.67857
   5.35344        26       528         0        0.67857
   5.36034        26       504         0        0.67857
   5.36725        22       481         0        0.67560
   5.37415        29       469         0        0.70536
   5.38106        21       464         0        0.68750
   5.38796        30       447         0        0.67857
   5.39430        31       437         0        0.70238
   5.40121        36       452         0        0.67262
   5.40811        21       492         0        0.69345
   5.41502        34       455         0        0.66964
   5.42192        14       481         0        0.68452
   5.42883        21       533         0        0.65774
   5.43573        29       488         0        0.69940
   5.44264        23       470         0        0.63690
   5.44954        23       468         0        0.66964
   5.45645        46       471         0        0.69048
   5.46335        29       507         0        0.69940
   5.47026        30       436         0        0.66964
   5.47716        43       468         0        0.69345
   5.48407        21       484         0        0.67262
   5.49098        21       501         0        0.68155
   5.49788        29       472         0        0.66964
   5.50479        19       580         0        0.69643
   5.51169        44       525         0        0.70833
   5.51860        28       529         0        0.69048
   5.52550        32       566         0        0.71429
   5.53241        22       579         0        0.69643
   5.53931        12       560         0        0.68155
   5.54622        20       536         0        0.69643
   5.55312        13       482         0        0.65774
   5.56003        19       467         0        0.66071
   5.56693        23       443         0        0.66964
   5.57384        20       553         0        0.70536
   5.58075        23       584         0        0.71429
   5.58765        18       528         0        0.70536
   5.59456        14       512         0        0.67560
   5.60146        19       493         0        0.67262
   5.60837        16       528         0        0.70238
   5.61527        21       548         0        0.67262
   5.62218        31       520         0        0.65476
   5.62908        37       601         0        0.74107
   5.63599        18       524         0        0.66667
   5.64289        15       531         0        0.67560
   5.64980        24       638         0        0.71726
   5.65670        18       594         0        0.70536
   5.66361        18       544         0        0.70833
   5.67051        27       660         0        0.72917
   5.67742        22       615         0        0.72917
   5.68433        20       685         0        0.73214
   5.69123        30       556         0        0.71131
   5.69814        33       582         0        0.69940
   5.70504        15       528         0        0.65476
   5.71195        17       545         0        0.67560
   5.71885        20       510         0        0.67857
   5.72576        15       525         0        0.64286
   5.73266        11       525         0        0.66369
   5.73957        16       525         0        0.70536
   5.74647        23       498         0        0.67262
   5.75338        20       575         0        0.67262
   5.76029        16       520         0        0.69345
   5.76719        26       598         0        0.71131
   5.77395        23       535         0        0.68452
   5.78085        11       545         0        0.71726
   5.78776        14       549         0        0.69345
   5.79466        24       509         0        0.69345
   5.80157        25       498         0        0.70536
   5.80847        16       543         0        0.70238
   5.81538        26       476         0        0.66369
   5.82228        12       492         0        0.66369
   5.82919        13       541         0        0.69643
   5.83609        22       557         0        0.68452
   5.84300         0       514         0        0.69940
   5.84991        15       437         0        0.68155
   5.85681        13       534         0        0.69345
   5.86372        19       475         0        0.66964
   5.87062        20       522         1        0.70238
   5.87753        18       508         0        0.68750
   5.88443        24       581         0        0.69345
   5.89134        22       526         0        0.68452
   5.89824        12       515         0        0.66369
   5.90515        20       510         0        0.68750
   5.91205        23       480         0        0.72024
   5.91896        27       555         0        0.71429
   5.92586        23       496         0        0.69345
   5.93277        17       539         0        0.68750
   5.93968        17       517         0        0.70833
   5.94658        20       561         0        0.72024
   5.95349        13       550         0        0.64583
   5.96039        16       586         0        0.71429
   5.96730        14       480         0        0.68750
   5.97420        15       537         0        0.72024
   5.98111        18       533         0        0.72917
   5.98801        17       579         0        0.73214
   5.99492        22       508         0        0.68155
   6.00182        19       523         0        0.71726
   6.00873        14       548         0        0.69940
   6.01563        18       558         0        0.67560
   6.02254        21       507         0        0.73214
   6.02945         7       497         0        0.67857
   6.03635        22       484         1        0.71131
   6.04326         7       566         0        0.69940
   6.05016        12       510         0        0.69940
   6.05707         6       526         0        0.70536
   6.06397        16       581         0        0.69643
   6.07088        22       564         0        0.69940
   6.07778        32       515         0        0.69940
   6.08469        21       508         0        0.74107
   6.09159         8       594         0        0.71131
   6.09850        18       558         0        0.69940
   6.10540        21       543         0        0.71429
   6.11231        17       541         0        0.65179
   6.11922        16       518         0        0.66964
   6.12612        22       528         0        0.67857
   6.13303        10       512         0        0.69345
   6.13993        26       565         0        0.72321
   6.14684        18       605         0        0.72619
   6.15353        29       530         0        0.71726
   6.16044        17       567         0        0.70536
   6.16734        18       515         0        0.72024
   6.17425        26       525         0        0.69048
   6.18115        19       556         0        0.68750
   6.18806        21       489         0        0.67262
   6.19496        15       595         0        0.67560
   6.20187        20       562         0        0.71429
   6.20877        19       589         0        0.69345
   6.21568        11       508         0        0.68750
   6.22258        19       515         0        0.63988
   6.22949         7       492         0        0.66369
   6.23640        20       538         0        0.67262
   6.24330        22       577         0        0.68750
   6.25021        14       553         0        0.66369
   6.25711        22       565         0        0.70536
   6.26402        14       559         0        0.70238
   6.27092        20       529         0        0.68750
   6.27783        16       513         0        0.68155
   6.28473        19       568         0        0.70536
   6.29164        13       513         0        0.69345
   6.29854         8       566         0        0.72024
   6.30545        12       549         0        0.71131
   6.31235        24       577         0        0.76488
   6.31926        31       563         0        0.75893
   6.32617        26       541         0        0.70238
   6.33307        17       594         0        0.70238
   6.33998        16       563         0        0.69048
   6.34688        16       562         0        0.69940
   6.35379        10       645         0        0.71429
   6.36069        19       562         0        0.71131
   6.36760         6       605         0        0.69643
   6.37450        14       472         0        0.64583
   6.38141         3       506         0        0.69643
   6.38831        13       510         2        0.66369
   6.39522        18       573         0        0.72024
   6.40212        26       492         0        0.69643
   6.40903        12       442         0        0.66964
   6.41594        13       547         0        0.72917
   6.42284        12       492         0        0.70833
   6.42975        20       513         0        0.70536
   6.43665        15       494         0        0.68155
   6.44356        11       561         0        0.68750
   6.45046        23       499         0        0.69345
   6.45737        23       464         0        0.72619
   6.46427        24       545         0        0.67560
   6.47118         5       527         0        0.68155
   6.47808        28       576         0        0.73214
   6.48499        17       511         0        0.66071
   6.49189        17       528         0        0.70833
   6.49880        20       575         0        0.71131
   6.50571        16       497         0        0.66667
   6.51261        15       603         0        0.72024
   6.51952        19       530         0        0.68750
   6.52642        11       536         0        0.70238
   6.53275        15       569         0        0.74702
   6.53966        13       547         0        0.73214
   6.54656        18       509         0        0.70238
   6.55347        14       496         0        0.67857
   6.56038        15       559         0        0.74702
   6.56728        15       632         0        0.72917
   6.57419         6       597         0        0.66369
   6.58109        16       545         0        0.66964
   6.58800        14       512         0        0.69643
   6.59490        33       518         0        0.71131
   6.60181        24       521         0        0.69940
   6.60871        11       460         0        0.69345
   6.61562        17       551         0        0.75000
   6.62252        14       563         0        0.73810
   6.62943        13       527         0        0.72024
   6.63633        24       577         0        0.77679
   6.64324        33       571         1        0.74405
   6.65015        24       589         1        0.77679
   6.65705        23       629         0        0.75595
   6.66396        19       502         0        0.69048
   6.67086        19       499         0        0.68750
   6.67777        20       548         0        0.72024
   6.68467        23       486         0        0.69940
   6.69158        25       456         0        0.71429
   6.69848        18       523         0        0.70238
   6.70539        17       471         0        0.70833
   6.71229        20       537         0        0.73214
   6.71920        18       561         0        0.70238
   6.72610         7       555         0        0.67262
   6.73301        26       542         0        0.70536
   6.73992        17       573         0        0.68452
   6.74682         8       501         0        0.68452
   6.75373        19       568         0        0.69940
   6.76063        31       557         0        0.70536
   6.76754        22       561         0        0.76190
   6.77444        25       575         0        0.77679
   6.78135        17       547         0        0.71726
   6.78825        19       530         0        0.73214
   6.79516        16       640         0        0.76488
   6.80206        27       601         0        0.75893
   6.80897        18       525         0        0.72619
   6.81587        24       603         0        0.73810
   6.82278        20       590         0        0.73810
   6.82969        37       566         0        0.75298
   6.83659        16       595         0        0.70536
   6.84350         9       581         0        0.70238
   6.85040        22       576         0        0.71726
   6.85731        17       580         0        0.72619
   6.86421        22       600         0        0.74107
   6.87112        18       504         0        0.69940
   6.87802        32       554         0        0.74405
   6.88493        38       593         0        0.72024
   6.89183        23       545         0        0.69048
   6.89874        25       613         0        0.74107
   6.90564        33       623         0        0.73512
   6.91200        11       611         0        0.69643
   6.91890        23       539         0        0.68155
   6.92581        23       568         0        0.71726
   6.93271        21       492         0        0.66071
   6.93962        21       542         0        0.69940
   6.94652        42       489         0        0.74702
   6.95343        26       506         0        0.69048
   6.96033        28       524         0        0.67857
   6.96724        23       543         0        0.66667
   6.97414        27       547         0        0.68750
   6.98105        30       514         0        0.65179
   6.98795        28       531         0        0.66964
   6.99486        36       559         0        0.69940
   7.00177        25       544         0        0.66667
   7.00867         9       584         0        0.69345
   7.01558        23       561         0        0.69643
   7.02248        24       547         0        0.69345
   7.02939        21       470         0        0.64583
   7.03629        22       598         0        0.69643
   7.04320        11       572         0        0.69345
   7.05010        27       588         0        0.70833
   7.05701        12       484         0        0.67262
   7.06391        21       568         0        0.69643
   7.07082        27       541         0        0.70833
   7.07772        29       576         0        0.72024
   7.08463        18       507         0        0.65774
   7.09154        25       487         0        0.68452
   7.09844        25       620         0        0.72024
   7.10535        29       598         0        0.72917
   7.11225        27       547         0        0.72321
   7.11916        24       525         0        0.71429
   7.12606        29       509         0        0.72619
   7.13297        25       573         0        0.72321
   7.13987        26       528         0        0.68155
   7.14678        22       593         0        0.72917
   7.15368        16       509         0        0.68452
   7.16059        20       581         0        0.72024
   7.16749        16       541         0        0.70536
   7.17440        11       550         0        0.71726
   7.18131        21       490         0        0.66369
   7.18821        23       589         0        0.71429
   7.19512        17       526         0        0.73512
   7.20202        18       493         0        0.67857
   7.20893        15       528         0        0.72024
   7.21583        20       577         0        0.70536
   7.22274        13       500         0        0.63690
   7.22964         6       505         0        0.67560
   7.23655        18       555         0        0.69048
   7.24345        22       591         0        0.72917
   7.25036        29       612         0        0.71131
   7.25726        22       544         0        0.69048
   7.26417        30       552         0        0.73810
   7.27108        25       610         0        0.74107
   7.27798        17       492         0        0.68452
   7.28489        39       492         0        0.70833
   7.29109        26       554         0        0.72619
   7.29799        19       590         0        0.70238
   7.30490        18       458         0        0.67857
   7.31180        16       436         0        0.66071
   7.31871        18       529         0        0.68155
   7.32561        12       490         0        0.69345
   7.33252        26       522         0        0.69345
   7.33942        43       591         0        0.71726
   7.34633        22       579         0        0.70238
   7.35324        34       566         0        0.72321
   7.36014        22       528         0        0.66369
   7.36705        33       551         0        0.74702
   7.37395        31       551         0        0.72024
   7.38086        32       584         0        0.69345
   7.38776        24       526         0        0.71726
   7.39467        25       551         0        0.71726
   7.40157        17       581         0        0.72024
   7.40848        18       465         0        0.69048
   7.41538        14       558         0        0.71131
   7.42229        22       617         0        0.76786
   7.42919        29       494         0        0.72321
   7.43610        16       600         0        0.72619
   7.44301        37       644         0        0.75595
   7.44991        24       532         0        0.69940
   7.45682        20       574         0        0.71726
   7.46372        29       534         0        0.75000
   7.47063        30       508         0        0.73214
   7.47753        29       571         0        0.72024
   7.48444        19       609         0        0.73512
   7.49134        16       636         0        0.73214
   7.49825        26       530         0        0.68155
   7.50515        18       578         0        0.72619
   7.51206        23       532         0        0.71131
   7.51896        25       535         0        0.70536
   7.52587        30       563         0        0.75298
   7.53278        20       612         0        0.70536
   7.53968        30       527         0        0.72619
   7.54659        23       498         0        0.70833
   7.55349        13       554         0        0.72619
   7.56040        24       524         0        0.70238
   7.56730        31       620         0        0.74107
   7.57421        27       528         0        0.72024
   7.58111        23       509         0        0.70536
   7.58802        26       527         0        0.69940
   7.59492        28       467         0        0.69643
   7.60183        31       540         0        0.67560
   7.60873        39       538         0        0.73512
   7.61564        46       507         0        0.72321
   7.62255        47       489         0        0.70238
   7.62945        17       519         0        0.68155
   7.63636        52       471         0        0.73214
   7.64326        20       493         0        0.72321
   7.65017        42       487         0        0.69643
   7.65707        34       525         0        0.70536
   7.66398        30       548         0        0.71726
   7.67045        29       583         0        0.72321
   7.67735        30       517         0        0.69048
   7.68426        27       497         0        0.66369
   7.69117        25       545         0        0.68750
   7.69807        41       576         0        0.72321
   7.70498        28       568         0        0.67857
   7.71188        30       559         0        0.72917
   7.71879        30       626         0        0.76786
   7.72569        30       522         0        0.70536
   7.73260        22       456         0        0.67262
   7.73950        45       530         0        0.68155
   7.74641        38       557         0        0.70833
   7.75331        40       549         0        0.74405
   7.76022        26       515         0        0.72619
   7.76712        23       481         0        0.66369
   7.77403        31       495         0        0.69940
   7.78094        22       500         0        0.71726
   7.78784        37       479         0        0.70536
   7.79475        28       528         0        0.71429
   7.80165        29       519         0        0.72321
   7.80856        22       473         0        0.70536
   7.81546        21       536         0        0.72321
   7.82237        27       477         0        0.68452
   7.82927        20       503         0        0.67262
   7.83618        23       442         0        0.69048
   7.84308        28       477         0        0.69345
   7.84999        47       471         0        0.71131
   7.85689        33       463         0        0.68452
   7.86380        28       481         0        0.69048
   7.87070        45       531         0        0.69940
   7.87761        32       504         0        0.67857
   7.88452        36       483         0        0.67560
   7.89142        41       493         0        0.71726
   7.89833        27       474         0        0.66369
   7.90523        34       494         0        0.67560
   7.91214        38       438         0        0.69345
   7.91904        44       533         0        0.70833
   7.92595        31       510         0        0.72619
   7.93285        44       504         0        0.69048
   7.93976        25       505         0        0.67560
   7.94666        48       423         0        0.67857
   7.95357        31       518         0        0.69940
   7.96047        33       545         0        0.70833
   7.96738        45       564         0        0.69345
   7.97429        46       574         0        0.72917
   7.98119        41       520         0        0.71726
   7.98810        53       515         0        0.72024
   7.99500        31       529         0        0.74702
   8.00191        16       514         0        0.69345
   8.00881        20       519         0        0.67560
   8.01572        28       556         0        0.69048
   8.02262        21       520         0        0.65476
   8.02953        19       447         0        0.64881
   8.03643        31       470         0        0.66667
   8.04334         5       568         0        0.69345
   8.04946        33       466         0        0.66667
   8.05637        24       501         0        0.62798
   8.06327        25       490         0        0.69643
   8.07018        25       520         0        0.70536
   8.07708        34       498         0        0.71429
   8.08399        15       504         0        0.69940
   8.09089        28       533         0        0.71131
   8.09780        26       470         0        0.62500
   8.10470        35       452         0        0.65774
   8.11161        34       477         0        0.67560
   8.11852        39       474         0        0.64881
   8.12542        42       476         0        0.68155
   8.13233        42       457         0        0.67560
   8.13923        46       517         0        0.66071
   8.14614        50       432         0        0.67262
   8.15304        52       518         0        0.70238
   8.15995        30       473         0        0.67262
   8.16685        35       526         0        0.68750
   8.17376        37       454         0        0.67857
   8.18066        21       452         0        0.61310
   8.18757        17       477         0        0.63393
   8.19447        30       483         0        0.65179
   8.20138        28       482         0        0.66667
   8.20829        32       484         0        0.66667
   8.21519        24       503         0        0.63988
   8.22210        35       499         0        0.66667
   8.22900        23       471         0        0.66667
   8.23591        30       493         0        0.70536
   8.24281        31       514         0        0.70536
   8.24972        29       459         0        0.68155
   8.25662        39       531         0        0.69048
   8.26353        34       523         0        0.67857
   8.27043        53       532         0        0.71726
   8.27734        39       478         0        0.67262
   8.28424        32       528         0        0.68155
   8.29115        35       471         0        0.70833
   8.29806        26       485         0        0.65476
   8.30496        34       455         0        0.65774
   8.31187        24       549         0        0.66964
   8.31877        33       485         0        0.69940
   8.32568        31       513         0        0.66667
   8.33258        24       516         0        0.70833
   8.33949        25       482         0        0.62202
   8.34639        51       488         0        0.64881
   8.35330        45       419         2        0.64881
   8.36020        49       454         0        0.63393
   8.36711        47       466         0        0.65774
   8.37401        44       471         0        0.64881
   8.38092        46       518         0        0.68750
   8.38783        35       475         0        0.69643
   8.39473        52       490         0        0.71726
   8.40164        38       510         0        0.63095
   8.40854        65       472         0        0.69643
   8.41545        62       391         0        0.64881
   8.42235        27       490         0        0.66667
   8.42770        54       481         0        0.65179
   8.43461        67       465         0        0.71726
   8.44151        62       452         0        0.64286
   8.44842        71       479         0        0.75000
   8.45532        64       476         0        0.69345
   8.46223        30       491         0        0.67262
   8.46913        51       497         0        0.68750
   8.47604        17       493         0        0.66071
   8.48294        28       514         0        0.69643
   8.48985        52       432         0        0.67857
   8.49675        25       527         0        0.66667
   8.50366        35       474         0        0.65476
   8.51056        34       494         0        0.68452
   8.51747        34       458         0        0.68155
   8.52438        28       518         0        0.67857
   8.53128        23       462         0        0.65774
   8.53819        46       442         0        0.72917
   8.54509        34       385         0        0.64583
   8.55200        19       483         0        0.66964
   8.55890        14       441         0        0.68750
   8.56581        30       460         0        0.68452
   8.57271        26       456         0        0.69643
   8.57962        50       482         0        0.69940
   8.58652        50       503         0        0.69643
   8.59343        36       440         0        0.66964
   8.60033        38       510         0        0.66071
   8.60724        27       481         0        0.68155
   8.61415        32       395         0        0.67262
   8.62105        50       446         0        0.69940
   8.62796        23       482         0        0.71131
   8.63486        21       565         0        0.69940
   8.64177        20       570         0        0.69345
   8.64867        15       511         0        0.66071
   8.65558        33       444         0        0.66964
   8.66248        33       462         0        0.69345
   8.66939        41       470         0        0.69048
   8.67629        30       495         0        0.65476
   8.68320        34       540         0        0.72321
   8.69010        24       472         0        0.68750
   8.69701        48       405         0        0.67560
   8.70392        40       493         0        0.68155
   8.71082        41       463         0        0.69345
   8.71773        33       419         0        0.65179
   8.72463        13       526         0        0.67560
   8.73154        34       436         0        0.69048
   8.73844        28       471         0        0.69940
   8.74535        35       546         0        0.68452
   8.75225        27       474         0        0.67560
   8.75916        32       489         0        0.63095
   8.76606        45       500         0        0.72321
   8.77297        40       450         0        0.73512
   8.77987        29       464         0        0.66071
   8.78678        33       503         0        0.66369
   8.79369        37       466         0        0.67560
   8.80059        33       506         0        0.69940
   8.80590        47       418         0        0.66071
   8.81280        39       467         0        0.66964
   8.81971        51       477         0        0.70833
   8.82661        25       480         0        0.64583
   8.83352        30       472         0        0.68750
   8.84042        35       500         0        0.69940
   8.84733        30       510         0        0.71131
   8.85423        24       501         0        0.67560
   8.86114        41       460         0        0.69048
   8.86804        48       423         0        0.69048
   8.87495        25       483         0        0.69345
   8.88186        48       493         0        0.70536
   8.88876        43       437         0        0.64286
   8.89567        38       484         0        0.69643
   8.90257        37       473         0        0.71131
   8.90948        50       424         0        0.69345
   8.91638        22       444         0        0.64583
   8.92329        26       468         0        0.66667
   8.93019        33       470         0        0.64881
   8.93710        33       450         0        0.66369
   8.94400        33       505         0        0.70238
   8.95091        27       583         0        0.69643
   8.95781        23       495         0        0.69643
   8.96472        21       468         0        0.66071
   8.97163        18       496         0        0.65476
   8.97853        38       503         0        0.68155
   8.98544        23       454         0        0.64583
   8.99234        30       470         0        0.65476
   8.99925        32       508         0        0.69643
   9.00615        24       509         0        0.68750
   9.01306        20       440         0        0.64583
   9.01996        26       532         0        0.68750
   9.02687        27       455         0        0.65774
   9.03377        15       506         0        0.67262
   9.04068        31       557         0        0.68750
   9.04758        28       543         0        0.67560
   9.05449        24       544         0        0.65179
   9.06140        26       553         0        0.67857
   9.06830        38       528         0        0.68155
   9.07521        28       516         0        0.66964
   9.08211        43       497         0        0.66667
   9.08902        38       575         0        0.72321
   9.09592        38       504         0        0.68155
   9.10283        39       437         0        0.67857
   9.10973        47       444         0        0.69940
   9.11664        29       512         0        0.72024
   9.12354        19       449         0        0.68155
   9.13045        54       496         0        0.71726
   9.13735        33       493         0        0.68750
   9.14426        27       514         0        0.70536
   9.15117        25       556         0        0.69048
   9.15807        23       517         0        0.68155
   9.16498        18       524         0        0.66369
   9.17188        35       474         0        0.69643
   9.17879        26       506         0        0.70238
   9.18435        19       515         0        0.69940
   9.19126        18       528         0        0.68452
   9.19817        17       488         0        0.66071
   9.20507        16       507         0        0.67857
   9.21198        17       469         0        0.71726
   9.21888        15       449         0        0.67857
   9.22579        43       520         0        0.69643
   9.23269        36       541         0        0.71726
   9.23960        30       528         0        0.71429
   9.24650        43       507         0        0.69345
   9.25341         4       480         0        0.65476
   9.26031        42       500         0        0.71726
   9.26722        18       502         0        0.67262
   9.27412        38       439         0        0.67560
   9.28103        27       503         0        0.72619
   9.28794        22       458         0        0.69345
   9.29484        31       467         0        0.69643
   9.30175        19       451         0        0.64881
   9.30865        17       488         0        0.70238
   9.31556        19       474         0        0.66369
   9.32246        12       478         0        0.65179
   9.32937        17       453         0        0.66369
   9.33627        20       409         0        0.63988
   9.34318        21       424         0        0.64583
   9.35008        40       428         0        0.68155
   9.35699        32       511         0        0.70833
   9.36389        30       480         0        0.67560
   9.37080        39       480         0        0.72024
   9.37771        16       506         0        0.66369
   9.38461        32       465         0        0.67262
   9.39152        37       472         0        0.65774
   9.39842        18       482         0        0.65774
   9.40533        18       528         0        0.68452
   9.41223        10       534         0        0.71429
   9.41914        34       527         0        0.74107
   9.42604        20       482         0        0.68452
   9.43295        11       519         0        0.67262
   9.43985        19       477         0        0.66071
   9.44676        21       516         0        0.68452
   9.45366        10       516         0        0.71131
   9.46057        15       556         0        0.67560
   9.46748        18       499         0        0.68750
   9.47438        13       490         0        0.69345
   9.48129        28       484         0        0.66667
   9.48819        10       505         0        0.66071
   9.49510        15       503         0        0.65179
   9.50200        15       543         0        0.67857
   9.50891        33       575         0        0.69048
   9.51581         7       516         0        0.66964
   9.52272         5       536         0        0.64881
   9.52962        47       502         0        0.72917
   9.53653        34       491         0        0.69345
   9.54343         5       591         0        0.70238
   9.55034        20       566         0        0.71131
   9.55724        23       498         0        0.67262
   9.56305        18       462         0        0.66964
