   0.00585         0         0         0        0.00000
   0.01202         0         0         0        0.00000
   0.01202         0         0         0        0.00000
   0.01826         0         0         0        0.00000
   0.01856         0         0         0        0.00000
   0.02491         0         0         0        0.00000
   0.02555         0         0         0        0.00000
   0.03202         0         0         0        0.00000
   0.03311         0         0         0        0.00000
   0.03964         0         0         0        0.00000
   0.04484         4         0         0        0.00595
   0.05143         0         0         0        0.00000
   0.05700         4         0         0        0.00595
   0.06367         0         0         0        0.00000
   0.07034         0         0         0        0.00000
   0.07387         0         0         0        0.00000
   0.08062         0         0         0        0.00000
   0.08737         4         0         0        0.00595
   0.09412         0         0         0        0.00000
   0.09586         4         0         0        0.00595
   0.10271         0         0         0        0.01190
   0.10956         8         0         0        0.02679
   0.11641         8         0         0        0.01190
   0.12326        30         0         1        0.04762
   0.13011         7        11         0        0.03869
   0.13696        10         0         0        0.02679
   0.14381         8        11         0        0.05952
   0.15066        20        12         1        0.06548
   0.15751        10         6         0        0.04762
   0.16435        16         4         0        0.03571
   0.17120         8         8         0        0.03571
   0.17805        18         0         0        0.03571
   0.18490         0         0         0        0.01488
   0.19175         6        12         0        0.06250
   0.19860        21         0         0        0.06250
   0.20545         4         0         1        0.03571
   0.21230        16         0         0        0.03869
   0.21915         8         0         0        0.01190
   0.22600        10         0         0        0.01786
   0.23285         8         0         0        0.02976
   0.23970         4         0         1        0.04464
   0.24654        18         0         0        0.02381
   0.25339         4        19         0        0.04167
   0.26024        12         0         0        0.03274
   0.26709         4         0         0        0.02083
   0.27394         6        10         0        0.02381
   0.28079         1         4         0        0.01786
   0.28764         0         0         0        0.01786
   0.29449        12         0         0        0.01786
   0.30134         0         0         0        0.03571
   0.30819        16         4         1        0.06845
   0.31504         8         4         0        0.04762
   0.32189         4         0         0        0.00595
   0.32874         4         0         0        0.02083
   0.33558        10         8         0        0.02976
   0.34243        12         0         0        0.03869
   0.34928        27         0         0        0.04762
   0.35613        34        15         0        0.11310
   0.36298        19        26         1        0.08929
   0.36983        16        23         0        0.09226
   0.37668         6        18         0        0.06548
   0.38353        21        36         1        0.10119
   0.39038         4        12         0        0.05952
   0.39723        25        12         0        0.05952
   0.40408        12        16         0        0.03571
   0.41093         6        22         0        0.06250
   0.41777        17         5         0        0.07143
   0.42462        14        28         0        0.05952
   0.43147        20         0         1        0.01786
   0.43832        11        24         0        0.05357
   0.44517        21        16         4        0.06845
   0.45202        19        22         0        0.08929
   0.45887        18        19         0        0.05357
   0.46458        15        23         0        0.10714
   0.47143        31        15         0        0.08333
   0.47828        13        15         0        0.05952
   0.48513        52        24         0        0.11607
   0.49198        53        29         0        0.11310
   0.49883        57        56         0        0.14583
   0.50568        14        34         0        0.08036
   0.51253         4        23         0        0.06548
   0.51938        67        43         0        0.16667
   0.52622        20        69         0        0.13690
   0.53307        29        80         0        0.17560
   0.53992        22        69         0        0.12500
   0.54677        10        57         0        0.11310
   0.55362        25        48         3        0.13095
   0.56047        32        88         0        0.15179
   0.56732        32       103         0        0.17262
   0.57417         8       128         0        0.18750
   0.58102        11       191         0        0.21429
   0.58787        28       204         1        0.33929
   0.59472         9       167         0        0.28274
   0.60157        15       166         0        0.27976
   0.60841        25       169         0        0.31548
   0.61526        21       229         0        0.30357
   0.62211        13       193         0        0.30952
   0.62896        26       135         0        0.26786
   0.63581        21       206         0        0.33631
   0.64266        39       177         0        0.28571
   0.64951        75       151         0        0.28869
   0.65636        98       150         0        0.33036
   0.66321        85       214         1        0.40179
   0.67006        47       195         0        0.31250
   0.67691        32       186         0        0.32143
   0.68376        19       225         0        0.31548
   0.69061        41       229         0        0.32143
   0.69745        23       181         0        0.27679
   0.70430        41       184         0        0.32440
   0.71115        45       224         0        0.33631
   0.71800        57       145         0        0.31845
   0.72485        68       139         0        0.29762
   0.73170        68       181         0        0.32143
   0.73855        35       201         0        0.34524
   0.74540        49       192         2        0.34226
   0.75225        16       161         0        0.31548
   0.75910        44       158         0        0.30357
   0.76595        20       192         0        0.28869
   0.77280        23       284         0        0.38690
   0.77964        20       181         0        0.31548
   0.78649        40       194         0        0.37202
   0.79334        12       194         1        0.35714
   0.80019        16       170         0        0.31548
   0.80704        26       185         0        0.32440
   0.81389        39       242         0        0.39583
   0.82074        15       211         0        0.39881
   0.82759        21       242         0        0.44643
   0.83230        20       240         0        0.40774
   0.83914         6       215         0        0.36607
   0.84599         2       217         0        0.38095
   0.85284         6       219         0        0.38095
   0.85969        14       195         0        0.40179
   0.86654         3       201         0        0.40774
   0.87339         4       311         1        0.41964
   0.88024         5       233         0        0.36310
   0.88709         5       206         0        0.36310
   0.89394        15       239         0        0.39881
   0.90079         7       252         0        0.37798
   0.90764         5       212         0        0.36310
   0.91449         1       226         0        0.35119
   0.92133        11       223         0        0.33929
   0.92818         8       276         0        0.38393
   0.93503        10       263         0        0.38095
   0.94188         5       280         0        0.38095
   0.94873        25       245         1        0.43155
   0.95558         4       218         0        0.39286
   0.96243         8       265         0        0.40179
   0.96928         4       254         0        0.44643
   0.97613         8       224         0        0.41964
   0.98298        10       279         1        0.42262
   0.98983         4       267         0        0.39286
   0.99668         6       285         0        0.43750
   1.00353         8       225         0        0.39286
   1.01037        20       273         0        0.41964
   1.01722         2       253         0        0.39583
   1.02407        10       319         0        0.44940
   1.03092        41       303         3        0.47321
   1.03777         6       317         0        0.46131
   1.04462        33       294         0        0.46726
   1.05147        23       269         0        0.44940
   1.05832        12       358         0        0.45238
   1.06517         5       239         0        0.41667
   1.07202         5       290         0        0.40774
   1.07887        16       296         0        0.42857
   1.08572        21       292         0        0.47321
   1.09256        22       301         2        0.41964
   1.09941        26       255         0        0.44940
   1.10626        16       285         0        0.45536
   1.11311        21       245         0        0.41071
   1.11996        20       258         0        0.39881
   1.12681        26       249         0        0.42857
   1.13366        24       239         0        0.38393
   1.14051         9       272         0        0.42857
   1.14736        18       284         0        0.41667
   1.15421        25       281         0        0.44940
   1.16106        24       305         0        0.43452
   1.16791        33       272         1        0.44345
   1.17476        18       301         0        0.42857
   1.18160        17       214         0        0.38988
   1.18845        34       257         2        0.40774
   1.19530        31       285         0        0.41667
   1.20142        22       258         0        0.41667
   1.20827        34       348         0        0.44345
   1.21512        16       311         0        0.44345
   1.22197        31       335         0        0.42560
   1.22882        21       261         2        0.41667
   1.23567        16       263         0        0.41071
   1.24252        26       298         0        0.44048
   1.24937         6       261         0        0.36012
   1.25622         9       234         0        0.36607
   1.26307        24       277         0        0.38690
   1.26992        15       230         0        0.41369
   1.27677         8       216         0        0.34821
   1.28362        45       221         0        0.41369
   1.29046        30       300         0        0.46726
   1.29731        17       339         0        0.49702
   1.30416        25       280         0        0.43452
   1.31101        22       289         0        0.47321
   1.31786        26       319         0        0.42560
   1.32471        11       266         0        0.41667
   1.33156        42       249         0        0.44345
   1.33841        55       274         3        0.43452
   1.34526         9       281         0        0.37500
   1.35211        27       264         1        0.43155
   1.35896        22       281         0        0.39881
   1.36581        33       285         0        0.44345
   1.37265        39       302         0        0.41667
   1.37950        24       270         0        0.42262
   1.38635        21       266         0        0.35417
   1.39320        26       231         0        0.38095
   1.40005        31       202         0        0.37500
   1.40690        37       215         0        0.35714
   1.41375        48       238         0        0.41071
   1.42060        36       234         0        0.41071
   1.42745        26       234         0        0.36607
   1.43430        32       233         0        0.36012
   1.44115        17       203         0        0.33333
   1.44800        34       218         0        0.38393
   1.45485        23       272         0        0.35417
   1.46169        13       266         0        0.33631
   1.46854        36       257         0        0.36905
   1.47539        70       242         0        0.41369
   1.48224        44       270         0        0.40179
   1.48909        42       246         0        0.41369
   1.49594        50       256         0        0.36607
   1.50279        37       245         0        0.37798
   1.50964        37       227         0        0.38393
   1.51649        41       231         0        0.43452
   1.52334        45       246         0        0.40179
   1.53019        38       239         1        0.39881
   1.53704        43       243         0        0.41964
   1.54388        45       271         0        0.43155
   1.55073        48       255         0        0.42857
   1.55758        52       260         0        0.44940
   1.56443        37       254         0        0.41667
   1.57029        38       224         0        0.42560
   1.57714        21       235         0        0.37202
   1.58399        35       225         0        0.35119
   1.59084        71       234         0        0.39583
   1.59769        35       250         0        0.37202
   1.60454        30       262         0        0.39583
   1.61139        36       236         0        0.41369
   1.61824        37       260         0        0.39881
   1.62509        41       245         0        0.41369
   1.63194        53       248         0        0.42262
   1.63879        37       265         0        0.41667
   1.64564        43       261         0        0.43452
   1.65249        32       259         0        0.39881
   1.65933        31       262         0        0.41369
   1.66618        46       235         0        0.42560
   1.67303        44       226         0        0.39583
   1.67988        32       243         0        0.41667
   1.68673        36       246         0        0.38690
   1.69358        30       267         0        0.42857
   1.70043        41       302         0        0.42857
   1.70728        46       284         0        0.46131
   1.71413        44       292         0        0.45833
   1.72098        47       257         0        0.43750
   1.72783        49       268         0        0.48810
   1.73468        50       284         0        0.46429
   1.74152        28       290         0        0.48214
   1.74837        38       288         0        0.48810
   1.75522        46       263         4        0.44940
   1.76207        43       275         0        0.45536
   1.76892        39       302         0        0.44940
   1.77577        32       251         0        0.41667
   1.78262        54       251         0        0.49107
   1.78947        25       263         0        0.41369
   1.79632        65       345         0        0.47619
   1.80317        36       337         0        0.43750
   1.81002        34       258         0        0.44048
   1.81687        48       257         0        0.43155
   1.82372        42       245         0        0.44048
   1.83056        44       290         0        0.48810
   1.83741        44       260         0        0.48810
   1.84426        30       259         0        0.48810
   1.85111        30       235         0        0.43750
   1.85796        34       269         0        0.51190
   1.86481        40       276         0        0.50298
   1.87166        33       275         0        0.44048
   1.87851        54       242         0        0.47024
   1.88536        36       235         0        0.47321
   1.89221        26       234         0        0.48810
   1.89906        65       312         0        0.49702
   1.90591        73       290         0        0.51190
   1.91275        83       239         2        0.50298
   1.91960        60       255         0        0.45238
   1.92645        47       228         0        0.40774
   1.93330        58       239         0        0.44643
   1.93945        61       243         0        0.46429
   1.94630        47       250         0        0.45536
   1.95315        39       242         0        0.42560
   1.95999        43       252         0        0.42262
   1.96684        45       221         0        0.42560
   1.97369        41       248         0        0.45833
   1.98054        68       255         0        0.41667
   1.98739        59       258         0        0.40179
   1.99424        57       246         0        0.46131
   2.00109        51       236         0        0.41071
   2.00794        61       228         0        0.44345
   2.01479        47       247         0        0.43155
   2.02164        46       268         0        0.43452
   2.02849        58       262         0        0.48214
   2.03534        45       238         0        0.40179
   2.04219        45       266         0        0.47024
   2.04903        52       253         0        0.41964
   2.05588        54       292         0        0.44940
   2.06273        38       282         0        0.51190
   2.06958        56       257         0        0.51488
   2.07643        54       281         0        0.51488
   2.08328        61       290         1        0.49107
   2.09013        46       260         0        0.44940
   2.09698        57       234         0        0.44940
   2.10383        49       273         0        0.47321
   2.11068        41       242         0        0.47917
   2.11753        36       248         0        0.45833
   2.12438        57       256         0        0.46131
   2.13122        29       191         0        0.38393
   2.13807        50       250         0        0.43452
   2.14492        48       274         0        0.47917
   2.15177        65       276         0        0.52679
   2.15862        34       263         0        0.47024
   2.16547        56       293         0        0.52083
   2.17232        48       243         1        0.46131
   2.17917        61       283         0        0.53869
   2.18602        68       273         0        0.49405
   2.19287        44       311         0        0.54167
   2.19972        26       283         0        0.47321
   2.20657        46       275         0        0.50000
   2.21342        62       322         0        0.54167
   2.22026        50       353         0        0.54464
   2.22711        58       404         0        0.55060
   2.23396        47       357         0        0.54464
   2.24081        53       412         0        0.55952
   2.24766        32       353         0        0.58036
   2.25451        44       367         0        0.56845
   2.26136        45       354         0        0.56845
   2.26821        52       373         0        0.55357
   2.27506        45       312         0        0.53571
   2.28191        41       432         0        0.59226
   2.28876        42       382         1        0.54167
   2.29561        38       364         0        0.52976
   2.30245        43       347         0        0.58036
   2.30893        55       428         0        0.56548
   2.31578        26       393         0        0.56548
   2.32263        52       382         0        0.56845
   2.32948        43       438         0        0.61607
   2.33633        38       382         1        0.58036
   2.34318        42       383         0        0.58333
   2.35002        64       409         4        0.59821
   2.35687        36       410         0        0.55357
   2.36372        62       441         0        0.58929
   2.37057        40       379         0        0.54464
   2.37742        36       365         0        0.55357
   2.38427        46       430         0        0.61310
   2.39112        31       429         0        0.55357
   2.39797        44       424         0        0.57440
   2.40482        28       386         0        0.59226
   2.41167        43       415         0        0.57440
   2.41852        34       425         0        0.60417
   2.42537        40       403         0        0.57143
   2.43221        30       424         0        0.55952
   2.43906        27       421         0        0.54762
   2.44591        29       397         0        0.53571
   2.45276        31       316         0        0.49405
   2.45961        55       408         0        0.53869
   2.46646        38       363         0        0.51488
   2.47331        57       388         0        0.52679
   2.48016        27       381         0        0.56250
   2.48701        33       420         0        0.58333
   2.49386        36       393         0        0.56250
   2.50071        32       430         0        0.56548
   2.50756        25       389         0        0.58036
   2.51441        35       453         0        0.63988
   2.52125        42       388         0        0.60119
   2.52810        30       410         0        0.57738
   2.53495        32       421         0        0.59821
   2.54180        40       401         0        0.58036
   2.54865        37       467         0        0.65774
   2.55550        31       417         0        0.60417
   2.56235        38       387         0        0.61012
   2.56920        40       376         0        0.58333
   2.57605        36       390         0        0.60119
   2.58290        22       357         0        0.51786
   2.58975        29       376         0        0.59524
   2.59660        36       418         0        0.61310
   2.60344        32       426         0        0.58929
   2.61029        21       408         0        0.61310
   2.61714        28       394         0        0.61310
   2.62399        27       401         0        0.59524
   2.63084        49       434         0        0.64286
   2.63769        34       348         0        0.62798
   2.64454        26       402         0        0.60119
   2.65139        32       408         0        0.60417
   2.65824        43       428         0        0.66667
   2.66509        42       398         0        0.61607
   2.67194        28       407         0        0.60714
   2.67835        25       374         0        0.60417
   2.68520        51       435         0        0.64583
   2.69205        32       433         0        0.53571
   2.69890        37       419         0        0.59524
   2.70575        56       422         2        0.62798
   2.71260        44       356         0        0.60119
   2.71944        33       391         0        0.58036
   2.72629        47       421         0        0.59821
   2.73314        36       375         0        0.61310
   2.73999        33       404         0        0.57143
   2.74684        51       401         0        0.62202
   2.75369        55       388         0        0.62500
   2.76054        78       417         0        0.63393
   2.76739        52       419         0        0.61905
   2.77424        45       415         0        0.58929
   2.78109        70       380         0        0.62202
   2.78794        61       431         0        0.67262
   2.79479        48       423         0        0.62500
   2.80163        53       397         0        0.63095
   2.80848        43       367         0        0.59821
   2.81533        52       342         0        0.60119
   2.82218        44       386         0        0.62202
   2.82903        60       380         0        0.62500
   2.83588        33       410         0        0.63988
   2.84273        30       370         0        0.58036
   2.84958        46       393         0        0.57143
   2.85643        37       359         0        0.59226
   2.86328        53       387         0        0.59524
   2.87013        43       424         0        0.63393
   2.87698        50       391         0        0.63690
   2.88383        33       413         0        0.62798
   2.89067        33       365         0        0.61012
   2.89752        47       354         0        0.59226
   2.90437        29       369         0        0.58631
   2.91122        33       397         0        0.56845
   2.91807        32       359         0        0.59524
   2.92492        32       364         0        0.57143
   2.93177        43       408         0        0.58929
   2.93862        44       357         0        0.59821
   2.94547        43       369         0        0.61012
   2.95232        29       459         0        0.59226
   2.95917        32       385         0        0.56548
   2.96602        45       371         0        0.59821
   2.97286        30       372         0        0.58631
   2.97971        38       390         0        0.58631
   2.98656        32       347         0        0.57440
   2.99341        38       383         0        0.62500
   3.00026        36       342         0        0.58631
   3.00711        34       410         0        0.63690
   3.01396        49       421         0        0.62202
   3.02081        37       406         0        0.61607
   3.02766        38       391         0        0.58036
   3.03451        43       446         0        0.63690
   3.04136        46       406         0        0.57738
   3.04744        57       356         0        0.59226
   3.05429        59       427         0        0.61905
   3.06114        25       412         0        0.59524
   3.06798        56       357         0        0.60714
   3.07483        39       464         0        0.61905
   3.08168        38       488         0        0.62500
   3.08853        35       381         0        0.57738
   3.09538        29       353         0        0.58631
   3.10223        35       417         0        0.59524
   3.10908        37       393         0        0.63095
   3.11593        35       400         0        0.62500
   3.12278        24       411         0        0.57143
   3.12963        31       400         0        0.57738
   3.13648        48       458         0        0.64286
   3.14333        23       442         0        0.59821
   3.15018        35       451         0        0.59821
   3.15702        41       481         0        0.62500
   3.16387        53       370         0        0.55952
   3.17072        48       451         1        0.63690
   3.17757        30       415         1        0.59226
   3.18442        32       439         0        0.59226
   3.19127        25       423         0        0.60714
   3.19812        17       406         0        0.61607
   3.20497        31       369         0        0.62500
   3.21182        31       483         0        0.69048
   3.21867        44       419         0        0.66667
   3.22552        45       415         0        0.65179
   3.23237        22       365         0        0.59821
   3.23921        48       411         0        0.65179
   3.24606        52       402         0        0.66667
   3.25291        55       447         0        0.67262
   3.25976        47       410         0        0.63095
   3.26661        71       395         0        0.61607
   3.27346        62       403         0        0.61905
   3.28031        76       431         0        0.67262
   3.28716        50       395         0        0.64286
   3.29401        57       432         0        0.65179
   3.30086        59       454         0        0.68750
   3.30771        35       448         0        0.65179
   3.31456        46       434         0        0.63988
   3.32141        50       452         0        0.66964
   3.32825        50       445         0        0.65476
   3.33510        47       404         0        0.61012
   3.34195        38       413         0        0.66667
   3.34880        55       438         0        0.66369
   3.35565        57       429         0        0.65179
   3.36250        65       411         0        0.65476
   3.36935        66       454         0        0.62202
   3.37620        53       412         0        0.66071
   3.38305        72       403         0        0.66667
   3.38990        78       419         0        0.69940
   3.39675        45       422         0        0.66964
   3.40360        48       435         0        0.66369
   3.41044        60       384         0        0.67857
   3.41695        69       493         0        0.66369
   3.42380        72       408         0        0.65476
   3.43064        82       423         0        0.66667
   3.43749        42       388         0        0.64286
   3.44434        49       380         0        0.62798
   3.45119        43       452         0        0.66369
   3.45804        47       451         0        0.66071
   3.46489        48       410         0        0.66667
   3.47174        66       419         0        0.62500
   3.47859        43       417         0        0.61607
   3.48544        64       442         0        0.67560
   3.49229        71       413         0        0.63095
   3.49914        49       450         0        0.69643
   3.50599        67       460         0        0.65774
   3.51284        48       456         0        0.63690
   3.51968        50       450         0        0.61607
   3.52653        49       467         0        0.63690
   3.53338        57       367         0        0.60417
   3.54023        46       408         0        0.63393
   3.54708        47       417         0        0.61012
   3.55393        70       383         0        0.62202
   3.56078        44       414         0        0.63393
   3.56763        43       419         0        0.61607
   3.57448        52       403         0        0.59524
   3.58133        55       459         0        0.66667
   3.58818        46       414         0        0.58036
   3.59503        62       469         0        0.66667
   3.60187        58       387         0        0.57143
   3.60872        46       416         0        0.59524
   3.61557        64       408         0        0.64286
   3.62242        60       423         0        0.62798
   3.62927        37       431         0        0.62202
   3.63612        54       457         0        0.61607
   3.64297        61       428         0        0.62202
   3.64982        59       481         0        0.69940
   3.65667        49       417         0        0.58631
   3.66352        47       428         0        0.61012
   3.67037        57       430         0        0.60714
   3.67722        54       365         0        0.63393
   3.68407        38       420         0        0.58333
   3.69091        35       403         0        0.61012
   3.69776        49       481         0        0.67857
   3.70461        65       436         0        0.63690
   3.71146        51       480         0        0.68155
   3.71831        59       442         0        0.65179
   3.72516        53       425         0        0.66964
   3.73201        61       398         0        0.63095
   3.73886        52       401         0        0.63393
   3.74571        39       420         0        0.58036
   3.75256        36       380         0        0.56548
   3.75941        31       480         0        0.63095
   3.76626        41       429         0        0.59226
   3.77310        43       432         0        0.66369
   3.77995        33       456         0        0.62500
   3.78634        38       404         0        0.68155
   3.79319        27       460         0        0.64583
   3.80004        42       403         0        0.68452
   3.80689        28       450         0        0.64881
   3.81374        40       423         0        0.64583
   3.82059        39       437         0        0.68750
   3.82744        50       434         0        0.65179
   3.83429        34       436         0        0.65179
   3.84114        27       417         0        0.62202
   3.84798        35       443         0        0.66071
   3.85483        31       446         0        0.64583
   3.86168        39       375         0        0.62798
   3.86853        30       377         0        0.63393
   3.87538        41       395         0        0.68750
   3.88223        26       408         0        0.65476
   3.88908        30       391         0        0.61905
   3.89593        37       399         0        0.62500
   3.90278        35       379         0        0.61607
   3.90963        47       385         0        0.64881
   3.91648        28       414         0        0.60714
   3.92333        43       386         0        0.58631
   3.93017        33       428         0        0.60119
   3.93702        37       426         0        0.66071
   3.94387        37       437         0        0.65179
   3.95072        28       447         0        0.61607
   3.95757        29       419         0        0.61012
   3.96442        26       405         0        0.61310
   3.97127        42       407         0        0.59821
   3.97812        42       353         0        0.61310
   3.98497        46       392         0        0.64881
   3.99182        49       460         0        0.64881
   3.99867        48       368         0        0.60714
   4.00552        37       358         0        0.64881
   4.01236        32       412         0        0.59524
   4.01921        32       477         0        0.61012
   4.02606        49       377         0        0.66369
   4.03291        41       429         0        0.62202
   4.03976        39       384         0        0.61012
   4.04661        25       364         0        0.62500
   4.05346        34       382         0        0.59821
   4.06031        40       404         0        0.61012
   4.06716        31       444         0        0.59524
   4.07401        47       394         0        0.60714
   4.08086        46       461         0        0.63690
   4.08771        30       456         0        0.61310
   4.09456        38       388         0        0.57440
   4.10140        40       416         0        0.58929
   4.10825        33       459         0        0.63393
   4.11510        27       432         0        0.59226
   4.12195        21       437         0        0.59226
   4.12880        32       393         0        0.61607
   4.13565        30       449         0        0.66071
   4.14250        39       427         0        0.62798
   4.14935        30       418         0        0.61607
   4.15502        34       425         0        0.64881
   4.16187        28       401         0        0.61607
   4.16872        45       375         0        0.60417
   4.17557        38       420         0        0.67262
   4.18242        18       388         0        0.60714
   4.18927        44       429         0        0.62798
   4.19612        32       407         0        0.60417
   4.20297        42       426         0        0.61310
   4.20982        30       420         0        0.62798
   4.21666        40       480         0        0.65476
   4.22351        24       442         0        0.61905
   4.23036        25       403         0        0.62798
   4.23721        36       477         0        0.66667
   4.24406        34       421         0        0.65179
   4.25091        36       412         0        0.63690
   4.25776        38       428         0        0.68452
   4.26461        36       436         0        0.63393
   4.27146        35       428         0        0.63988
   4.27831        40       463         0        0.60417
   4.28516        26       439         0        0.61012
   4.29201        42       400         0        0.61310
   4.29886        32       432         0        0.60714
   4.30570        25       416         0        0.63095
   4.31255        27       405         0        0.58631
   4.31940        31       412         0        0.62202
   4.32625        38       424         0        0.67857
   4.33310        31       482         0        0.64881
   4.33995        39       419         0        0.63988
   4.34680        35       452         0        0.66964
   4.35365        30       448         0        0.69940
   4.36050        28       432         0        0.69345
   4.36735        40       428         0        0.70833
   4.37420        40       503         0        0.71726
   4.38105        28       454         0        0.68452
   4.38789        31       451         0        0.70833
   4.39474        53       509         0        0.70238
   4.40159        30       499         0        0.69345
   4.40844        32       476         0        0.66369
   4.41529        48       462         0        0.69048
   4.42214        45       396         0        0.66667
   4.42899        39       400         0        0.66369
   4.43584        27       370         0        0.64286
   4.44269        39       452         0        0.68155
   4.44954        49       444         0        0.68750
   4.45639        39       476         0        0.70536
   4.46324        30       458         0        0.69345
   4.47009        43       409         0        0.69940
   4.47693        31       397         0        0.66667
   4.48378        36       395         0        0.64286
   4.49063        35       420         0        0.68452
   4.49748        27       482         0        0.69048
   4.50433        42       408         0        0.64881
   4.51118        36       417         0        0.68155
   4.51803        17       412         0        0.65774
   4.52435        27       425         0        0.67262
   4.53119        34       421         0        0.63690
   4.53804        41       440         0        0.68750
   4.54489        45       422         0        0.66667
   4.55174        31       425         0        0.66369
   4.55859        36       480         0        0.69940
   4.56544        43       443         0        0.67560
   4.57229        23       455         0        0.67262
   4.57914        37       503         0        0.70833
   4.58599        38       490         0        0.70238
   4.59284        43       440         0        0.67262
   4.59969        48       487         0        0.67560
   4.60654        37       470         0        0.65774
   4.61339        41       483         0        0.66964
   4.62023        32       402         0        0.60417
   4.62708        21       422         0        0.58929
   4.63393        43       439         0        0.63095
   4.64078        28       406         0        0.61012
   4.64763        32       443         0        0.63690
   4.65448        45       431         0        0.65774
   4.66133        64       428         0        0.61905
   4.66818        30       406         0        0.61905
   4.67503        35       430         0        0.59524
   4.68188        28       436         0        0.63690
   4.68873        35       397         0        0.59524
   4.69558        46       414         0        0.62798
   4.70242        40       411         0        0.59821
   4.70927        37       426         0        0.62798
   4.71612        39       407         0        0.60714
   4.72297        45       372         0        0.62500
   4.72982        39       412         0        0.61607
   4.73667        38       427         0        0.66071
   4.74352        43       459         0        0.61310
   4.75037        30       447         0        0.61012
   4.75722        47       432         0        0.58929
   4.76407        55       415         0        0.64286
   4.77092        31       455         0        0.65774
   4.77777        38       429         0        0.64881
   4.78462        29       434         0        0.63393
   4.79146        36       415         0        0.66667
   4.79831        47       442         0        0.67560
   4.80516        40       408         0        0.61310
   4.81201        53       468         0        0.63690
   4.81886        38       445         0        0.61607
   4.82571        53       392         0        0.67262
   4.83256        60       481         0        0.71429
   4.83941        51       469         0        0.67560
   4.84626        52       425         0        0.66369
   4.85311        54       456         0        0.68155
   4.85996        53       412         0        0.64286
   4.86681        42       441         0        0.62798
   4.87365        41       414         0        0.64583
   4.88050        35       419         0        0.67857
   4.88735        54       443         0        0.66369
   4.89263        43       415         0        0.66667
   4.89947        42       440         0        0.66667
   4.90632        43       404         0        0.62500
   4.91317        34       374         0        0.59226
   4.92002        26       394         0        0.63690
   4.92687        31       420         0        0.63690
   4.93372        43       486         0        0.67857
   4.94057        25       389         0        0.60119
   4.94742        51       412         0        0.69643
   4.95427        29       403         0        0.64881
   4.96112        39       437         0        0.64583
   4.96797        48       453         0        0.65179
   4.97482        28       413         0        0.60714
   4.98166        42       440         0        0.64881
   4.98851        38       429         0        0.60417
   4.99536        32       424         0        0.63988
   5.00221        43       382         0        0.59821
   5.00906        37       488         0        0.65179
   5.01591        27       459         0        0.64583
   5.02276        35       420         0        0.62798
   5.02961        34       394         0        0.58929
   5.03646        40       434         0        0.61905
   5.04331        27       344         0        0.60119
   5.05016        45       445         0        0.67857
   5.05701        45       435         0        0.66369
   5.06386        52       489         0        0.64881
   5.07070        45       454         0        0.63690
   5.07755        32       476         0        0.64881
   5.08440        46       472         0        0.66964
   5.09125        42       428         0        0.66071
   5.09810        46       408         0        0.64881
   5.10495        43       428         0        0.60417
   5.11180        43       445         0        0.63095
   5.11865        31       453         0        0.65774
   5.12550        37       402         0        0.60417
   5.13235        36       456         0        0.66071
   5.13920        28       396         0        0.63690
   5.14605        37       436         0        0.66667
   5.15289        28       438         0        0.66964
   5.15974        36       465         0        0.66964
   5.16659        26       451         0        0.68155
   5.17344        48       444         0        0.64881
   5.18029        50       476         0        0.69940
   5.18714        38       496         0        0.64881
   5.19399        55       458         0        0.69345
   5.20084        32       432         0        0.63988
   5.20769        44       456         0        0.67560
   5.21454        61       476         0        0.67857
   5.22139        42       413         0        0.65179
   5.22824        57       432         0        0.70536
   5.23509        46       457         0        0.65476
   5.24193        35       476         0        0.66667
   5.24878        35       437         0        0.61607
   5.25563        45       441         0        0.64583
   5.26110        42       460         0        0.68750
   5.26795        48       485         0        0.68750
   5.27480        48       453         0        0.63393
   5.28165        29       425         0        0.63690
   5.28850        25       411         0        0.64583
   5.29534        26       378         0        0.61012
   5.30219        31       448         0        0.62500
   5.30904        34       484         0        0.62798
   5.31589        29       421         0        0.62798
   5.32274        43       423         0        0.63988
   5.32959        38       389         0        0.60119
   5.33644        32       443         0        0.63095
   5.34329        37       375         0        0.59226
   5.35014        43       455         0        0.64286
   5.35699        39       426         0        0.59524
   5.36384        31       396         0        0.63095
   5.37069        41       397         0        0.60714
   5.37753        39       386         0        0.60119
   5.38438        39       377         0        0.57440
   5.39123        49       350         0        0.60714
   5.39808        40       382         0        0.61310
   5.40493        32       419         0        0.63988
   5.41178        34       372         0        0.57440
   5.41863        32       445         0        0.60417
   5.42548        26       425         0        0.61310
   5.43233        39       414         0        0.58333
   5.43918        40       340         0        0.58333
   5.44603        29       395         0        0.58333
   5.45288        47       377         0        0.61905
   5.45973        37       403         0        0.59524
   5.46657        38       408         0        0.58036
   5.47342        49       427         0        0.58333
   5.48027        36       428         0        0.66071
   5.48712        40       461         0        0.67857
   5.49397        57       433         0        0.64881
   5.50082        38       378         0        0.60417
   5.50767        31       434         0        0.60714
   5.51452        47       440         0        0.60417
   5.52137        59       434         0        0.61905
   5.52822        28       384         0        0.60714
   5.53507        49       446         0        0.64286
   5.54192        45       394         0        0.58929
   5.54876        44       410         0        0.60714
   5.55561        33       455         0        0.66071
   5.56246        46       451         0        0.61905
   5.56931        50       420         0        0.64286
   5.57616        31       420         0        0.64881
   5.58301        32       456         0        0.60417
   5.58986        31       418         0        0.59226
   5.59671        30       405         0        0.59821
   5.60356        38       438         0        0.59524
   5.61041        34       480         0        0.65774
   5.61726        59       468         0        0.63988
   5.62411        36       458         0        0.63393
   5.63062        35       385         0        0.60714
   5.63747        42       413         0        0.59226
   5.64432        36       437         0        0.56845
   5.65116        33       427         0        0.61310
   5.65801        37       465         0        0.62798
   5.66486        37       503         0        0.65179
   5.67171        48       498         0        0.66071
   5.67856        38       476         0        0.62500
   5.68541        40       469         0        0.65179
   5.69226        42       385         1        0.58036
   5.69911        34       383         0        0.60714
   5.70596        47       396         0        0.56845
   5.71281        49       439         0        0.62798
   5.71966        33       397         0        0.65774
   5.72651        34       364         0        0.58631
   5.73336        35       438         0        0.63690
   5.74020        46       422         0        0.63690
   5.74705        33       373         0        0.58929
   5.75390        31       437         0        0.63393
   5.76075        55       436         0        0.68155
   5.76760        45       439         0        0.63393
   5.77445        42       443         0        0.64583
   5.78130        33       443         0        0.61012
   5.78815        24       438         0        0.63690
   5.79500        35       406         0        0.65179
   5.80185        27       399         0        0.63095
   5.80870        42       403         0        0.60119
   5.81555        37       411         0        0.62798
   5.82239        38       483         0        0.67262
   5.82924        41       437         0        0.61905
   5.83609        30       416         0        0.61607
   5.84294        41       432         0        0.64881
   5.84979        48       451         0        0.66071
   5.85664        46       433         0        0.64881
   5.86349        34       391         0        0.59524
   5.87034        68       466         0        0.63393
   5.87719        38       457         0        0.67262
   5.88404        35       467         0        0.69048
   5.89089        40       434         0        0.65179
   5.89774        28       419         0        0.64286
   5.90459        40       422         0        0.67560
   5.91143        35       456         0        0.64881
   5.91828        31       412         0        0.62500
   5.92513        31       486         0        0.65774
   5.93198        29       438         0        0.66667
   5.93883        29       455         0        0.61310
   5.94568        37       429         0        0.60417
   5.95253        53       416         0        0.61905
   5.95938        32       449         0        0.65774
   5.96623        33       427         0        0.65774
   5.97308        28       433         0        0.66369
   5.97993        37       484         0        0.70238
   5.98678        34       516         0        0.67857
   5.99362        37       456         0        0.63393
   6.00016        34       464         0        0.68452
   6.00701        30       441         0        0.66667
   6.01386        35       431         0        0.68750
   6.02071        28       388         0        0.63690
   6.02756        29       501         0        0.68750
   6.03441        36       443         0        0.69345
   6.04125        34       466         0        0.70833
   6.04810        40       481         0        0.70238
   6.05495        48       448         0        0.72619
   6.06180        37       403         0        0.64583
   6.06865        25       480         0        0.66369
   6.07550        42       457         0        0.65774
   6.08235        43       466         0        0.66369
   6.08920        36       443         0        0.64583
   6.09605        46       454         0        0.64881
   6.10290        48       449         0        0.66964
   6.10975        29       495         0        0.66369
   6.11660        40       489         0        0.69940
   6.12345        43       459         0        0.71726
   6.13029        35       465         0        0.67857
   6.13714        32       434         0        0.63095
   6.14399        37       415         0        0.65476
   6.15084        43       431         0        0.69940
   6.15769        43       440         0        0.68750
   6.16454        51       495         0        0.68155
   6.17139        39       433         0        0.64881
   6.17824        47       425         0        0.67262
   6.18509        39       405         0        0.64583
   6.19194        40       434         0        0.71131
   6.19879        36       477         0        0.69643
   6.20564        29       454         0        0.66964
   6.21248        31       435         0        0.67560
   6.21933        37       482         0        0.71131
   6.22618        36       412         0        0.66071
   6.23303        35       423         0        0.66369
   6.23988        31       434         0        0.64881
   6.24673        43       410         0        0.65774
   6.25358        39       488         0        0.64286
   6.26043        39       501         0        0.68750
   6.26728        37       423         0        0.66369
   6.27413        36       428         0        0.66964
   6.28098        32       424         0        0.65476
   6.28783        28       446         0        0.66964
   6.29468        23       399         0        0.66071
   6.30152        47       424         0        0.67857
   6.30837        26       446         0        0.62500
   6.31522        33       438         0        0.65476
   6.32207        23       394         0        0.62798
   6.32892        43       431         0        0.69643
   6.33577        36       478         0        0.67857
   6.34262        20       415         0        0.64286
   6.34947        26       410         0        0.65476
   6.35632        27       455         0        0.64286
   6.36317        34       423         0        0.69643
   6.37002        35       401         0        0.68452
   6.37028        35       443         0        0.68452
   6.37713        31       399         0        0.63690
   6.38398        35       461         0        0.66369
   6.39083        32       518         0        0.68155
   6.39767        45       389         0        0.65774
   6.40452        26       438         0        0.67560
   6.41137        44       481         0        0.70536
   6.41822        32       470         0        0.67262
   6.42507        27       403         0        0.65774
   6.43192        26       444         0        0.65774
   6.43877        28       387         0        0.64286
   6.44562        27       433         0        0.65774
   6.45247        43       426         0        0.69940
   6.45932        32       438         0        0.65476
   6.46617        32       430         0        0.68750
   6.47302        28       440         0        0.67262
   6.47986        31       448         0        0.69048
   6.48671        35       458         0        0.72619
   6.49356        31       424         0        0.70238
   6.50041        38       423         0        0.72917
   6.50726        34       436         0        0.66667
   6.51411        27       398         0        0.68750
   6.52096        28       381         0        0.69345
   6.52781        30       424         0        0.67560
   6.53466        35       398         0        0.64881
   6.54151        30       412         0        0.66369
   6.54836        29       473         0        0.68750
   6.55521        34       464         0        0.69048
   6.56206        37       415         0        0.67857
   6.56890        32       434         0        0.70536
   6.57575        26       481         0        0.69048
   6.58260        46       442         0        0.72024
   6.58945        36       426         0        0.72619
   6.59630        35       453         0        0.73512
   6.60315        32       403         0        0.70238
   6.61000        38       475         0        0.70238
   6.61685        32       439         0        0.66369
   6.62370        33       476         0        0.69048
   6.63055        33       473         0        0.70833
   6.63740        30       429         0        0.68750
   6.64425        35       464         0        0.68452
   6.65109        41       433         0        0.69643
   6.65794        28       395         0        0.70833
   6.66479        34       435         0        0.69940
   6.67164        30       435         0        0.72321
   6.67849        30       445         0        0.73512
   6.68534        32       425         0        0.66964
   6.69219        26       424         0        0.66964
   6.69904        28       397         0        0.66667
   6.70589        43       460         0        0.69048
   6.71274        30       424         0        0.70833
   6.71959        44       441         0        0.72024
   6.72644        35       415         0        0.67262
   6.73329        34       415         0        0.65476
   6.74011        39       432         0        0.70238
   6.74696        43       472         0        0.69940
   6.75381        34       439         0        0.66964
   6.76066        31       401         0        0.69345
   6.76751        32       389         0        0.65179
   6.77436        40       397         0        0.67560
   6.78121        32       390         0        0.64286
   6.78806        32       419         0        0.69048
   6.79490        35       372         0        0.66369
   6.80175        32       413         0        0.73214
   6.80860        28       410         0        0.68750
   6.81545        37       430         0        0.70536
   6.82230        33       418         0        0.69940
   6.82915        34       479         0        0.69643
   6.83600        32       444         0        0.73810
   6.84285        30       401         0        0.68155
   6.84970        26       422         0        0.70238
   6.85655        35       401         0        0.69940
   6.86340        54       478         0        0.69940
   6.87025        33       404         0        0.69643
   6.87710        38       444         0        0.70238
   6.88394        51       455         0        0.74405
   6.89079        40       451         0        0.73810
   6.89764        33       439         0        0.69048
   6.90449        32       449         0        0.66071
   6.91134        40       398         0        0.61905
   6.91819        39       403         0        0.65476
   6.92504        42       428         0        0.66369
   6.93189        40       398         0        0.65774
   6.93874        40       421         0        0.66964
   6.94559        39       448         0        0.72917
   6.95244        37       418         0        0.68155
   6.95929        46       438         0        0.69940
   6.96613        36       454         0        0.70238
   6.97298        39       460         0        0.69048
   6.97983        30       437         0        0.70536
   6.98668        34       431         0        0.67262
   6.99353        30       402         0        0.69345
   7.00038        33       389         0        0.67560
   7.00723        28       452         0        0.71131
   7.01408        38       411         0        0.70833
   7.02093        34       449         0        0.69643
   7.02778        41       466         0        0.69048
   7.03463        42       468         0        0.71429
   7.04148        29       436         0        0.63095
   7.04833        34       451         0        0.69048
   7.05517        34       423         0        0.67560
   7.06202        31       453         0        0.70833
   7.06887        36       420         0        0.70536
   7.07572        25       416         0        0.69940
   7.08257        26       475         0        0.72321
   7.08942        30       420         0        0.66667
   7.09627        43       396         0        0.70833
   7.10312        25       397         0        0.69345
   7.10992        27       472         0        0.69048
   7.11677        32       451         0        0.69940
   7.12362        35       402         0        0.72321
   7.13047        35       399         0        0.66071
   7.13731        24       405         0        0.62500
   7.14416        34       448         0        0.71429
   7.15101        40       427         0        0.73214
   7.15786        37       469         0        0.72619
   7.16471        33       438         0        0.70238
   7.17156        28       411         0        0.69643
   7.17841        35       419         0        0.65476
   7.18526        28       470         0        0.71726
   7.19211        43       486         0        0.72619
   7.19896        47       447         0        0.71429
   7.20581        45       432         0        0.69048
   7.21266        30       453         0        0.67857
   7.21951        38       427         0        0.70833
   7.22635        34       488         0        0.69345
   7.23320        34       444         0        0.72619
   7.24005        30       477         0        0.75595
   7.24690        34       440         0        0.69048
   7.25375        28       440         0        0.68750
   7.26060        30       445         0        0.69643
   7.26745        30       438         0        0.67560
   7.27430        32       441         0        0.66667
   7.28115        35       481         0        0.73214
   7.28800        37       446         0        0.70833
   7.29485        32       450         0        0.71131
   7.30170        30       437         0        0.69048
   7.30854        35       439         0        0.72024
   7.31539        35       391         0        0.69048
   7.32224        37       442         0        0.68452
   7.32909        43       431         0        0.72321
   7.33594        46       507         0        0.74405
   7.34279        37       459         0        0.66667
   7.34964        40       465         0        0.67262
   7.35649        27       489         0        0.68750
   7.36334        42       419         0        0.68452
   7.37019        36       417         0        0.69345
   7.37704        32       480         0        0.69643
   7.38389        24       438         0        0.68750
   7.39074        26       405         0        0.66964
   7.39758        30       435         0        0.69048
   7.40443        26       439         0        0.70536
   7.41128        35       460         0        0.68155
   7.41813        34       434         0        0.68452
   7.42498        37       499         0        0.73214
   7.43183        32       499         0        0.71131
   7.43868        36       424         0        0.65179
   7.44553        40       385         0        0.66667
   7.45238        38       419         0        0.65476
   7.45923        30       378         0        0.67560
   7.46608        30       461         0        0.67560
   7.47293        34       466         0        0.68155
   7.47969        45       430         0        0.64583
   7.48654        31       468         0        0.68155
   7.49339        36       506         0        0.68452
   7.50024        40       450         0        0.67262
   7.50709        42       386         0        0.65179
   7.51394        33       403         0        0.66667
   7.52079        37       422         0        0.64286
   7.52764        32       414         0        0.64881
   7.53449        45       452         0        0.69048
   7.54134        31       423         0        0.67262
   7.54819        24       427         0        0.64881
   7.55503        33       423         0        0.69940
   7.56188        32       451         0        0.71131
   7.56873        36       426         0        0.69345
   7.57558        36       464         0        0.69345
   7.58243        36       445         0        0.69643
   7.58928        26       389         0        0.69048
   7.59613        38       435         0        0.66964
   7.60298        28       420         0        0.69643
   7.60983        40       469         0        0.73512
   7.61668        36       463         0        0.70536
   7.62353        28       421         0        0.68750
   7.63038        29       491         0        0.70238
   7.63723        37       445         0        0.74107
   7.64407        36       445         0        0.66667
   7.65092        49       435         0        0.72619
   7.65777        38       444         0        0.68750
   7.66462        54       410         0        0.73214
   7.67147        48       415         0        0.69345
   7.67832        46       426         0        0.65476
   7.68517        36       416         0        0.71429
   7.69202        39       451         0        0.75000
   7.69887        35       444         0        0.69940
   7.70572        26       381         0        0.68452
   7.71257        32       438         0        0.69345
   7.71942        41       424         0        0.68750
   7.72626        24       487         0        0.66964
   7.73311        46       408         0        0.69643
   7.73996        36       449         0        0.72321
   7.74681        30       477         0        0.69345
   7.75366        42       417         0        0.70238
   7.76051        41       471         0        0.67560
   7.76736        24       483         0        0.71726
   7.77421        38       472         0        0.72917
   7.78106        46       476         0        0.72619
   7.78791        30       539         0        0.72619
   7.79476        28       478         0        0.69940
   7.80161        35       430         0        0.65774
   7.80846        34       410         0        0.64286
   7.81530        30       413         0        0.68155
   7.82215        37       424         0        0.67560
   7.82900        34       444         0        0.69940
   7.83585        30       471         0        0.66964
   7.84270        32       422         0        0.65774
   7.84881        35       457         0        0.71726
   7.85566        32       469         0        0.69345
   7.86251        32       488         0        0.67560
   7.86936        29       476         0        0.69345
   7.87621        30       483         0        0.70833
   7.88306        34       443         0        0.67560
   7.88991        42       496         0        0.75893
   7.89676        31       436         0        0.67262
   7.90361        29       483         0        0.68452
   7.91045        32       439         0        0.69940
   7.91730        35       469         0        0.73214
   7.92415        31       458         0        0.69940
   7.93100        37       511         0        0.72024
   7.93785        30       508         0        0.73810
   7.94470        22       489         0        0.71726
   7.95155        35       478         0        0.72321
   7.95840        32       486         0        0.73214
   7.96525        20       477         0        0.68452
   7.97210        35       441         0        0.69643
   7.97895        36       491         0        0.70238
   7.98580        27       475         0        0.68750
   7.99265        32       520         0        0.69048
   7.99949        42       407         0        0.68750
   8.00634        33       434         0        0.69048
   8.01319        41       435         0        0.71131
   8.02004        36       442         0        0.72024
   8.02689        37       444         0        0.72321
   8.03374        39       436         0        0.69940
   8.04059        42       401         0        0.71429
   8.04744        45       481         0        0.69048
   8.05429        48       450         0        0.74405
   8.06114        42       433         0        0.70833
   8.06799        27       435         0        0.68155
   8.07484        32       455         0        0.73512
   8.08168        32       390         0        0.69940
   8.08853        26       437         0        0.70238
   8.09538        32       365         0        0.64881
   8.10223        35       445         0        0.70833
   8.10908        32       455         0        0.69345
   8.11593        34       415         0        0.72321
   8.12278        33       422         0        0.68155
   8.12963        24       425         0        0.65774
   8.13648        57       415         0        0.66964
   8.14333        37       517         0        0.71131
   8.15018        42       471         0        0.66964
   8.15703        22       447         0        0.70238
   8.16388        36       432         0        0.72024
   8.17072        29       432         0        0.67857
   8.17757        34       419         0        0.72321
   8.18442        48       492         0        0.69643
   8.19127        33       466         0        0.71429
   8.19812        41       492         0        0.71726
   8.20497        53       473         0        0.73214
   8.21182        45       481         0        0.73512
   8.21806        44       475         0        0.70536
   8.22491        33       482         0        0.72024
   8.23176        45       517         0        0.73214
   8.23861        33       433         0        0.70536
   8.24546        32       449         0        0.72024
   8.25231        30       475         0        0.71726
   8.25916        44       427         0        0.72024
   8.26601        31       478         0        0.72321
   8.27286        39       520         0        0.72917
   8.27971        27       436         0        0.66964
   8.28655        40       476         0        0.68750
   8.29340        30       482         0        0.69345
   8.30025        36       470         0        0.72321
   8.30710        42       479         0        0.72917
   8.31395        37       455         0        0.68155
   8.32080        35       467         0        0.71131
   8.32765        39       526         0        0.71726
   8.33450        30       461         0        0.71726
   8.34135        26       410         0        0.66964
   8.34820        37       504         0        0.72024
   8.35505        55       445         0        0.77976
   8.36190        44       501         0        0.73810
   8.36874        41       488         0        0.75298
   8.37559        24       461         0        0.68155
   8.38244        30       432         0        0.69940
   8.38929        40       476         0        0.71726
   8.39614        39       481         0        0.71429
   8.40299        41       427         0        0.75000
   8.40984        36       460         0        0.73810
   8.41669        32       439         0        0.72917
   8.42354        30       397         0        0.68750
   8.43039        41       502         0        0.73810
   8.43724        46       511         0        0.75298
   8.44409        34       412         0        0.68452
   8.45093        18       459         0        0.67262
   8.45778        36       448         0        0.69643
   8.46463        35       445         0        0.72024
   8.47148        47       476         0        0.67857
   8.47833        35       414         0        0.72917
   8.48518        30       467         0        0.72321
   8.49203        33       521         0        0.73214
   8.49888        34       444         0        0.68750
   8.50573        43       437         0        0.69940
   8.51258        35       446         0        0.69940
   8.51943        16       423         0        0.71726
   8.52628        33       523         0        0.72917
   8.53313        38       443         0        0.66369
   8.53997        29       403         0        0.71429
   8.54682        32       444         0        0.72321
   8.55367        45       453         0        0.72321
   8.56052        42       452         0        0.72321
   8.56737        37       469         0        0.69940
   8.57422        32       497         0        0.68155
   8.58107        32       429         0        0.67262
   8.58786        57       427         0        0.71726
   8.59471        40       495         0        0.72619
   8.60156        39       511         0        0.75893
   8.60841        33       380         0        0.72619
   8.61526        38       442         0        0.74702
   8.62211        40       462         0        0.74702
   8.62896        21       491         0        0.72024
   8.63581        30       460         0        0.72024
   8.64265        35       496         0        0.72321
   8.64950        31       414         0        0.69048
   8.65635        44       503         0        0.77381
   8.66320        49       448         0        0.75000
   8.67005        37       505         0        0.72024
   8.67690        40       423         0        0.69940
   8.68375        30       435         0        0.72321
   8.69060        34       450         0        0.73810
   8.69745        30       434         0        0.70833
   8.70430        39       490         0        0.73810
   8.71115        19       443         0        0.70536
   8.71800        43       494         0        0.72619
   8.72485        52       472         0        0.79762
   8.73169        35       443         0        0.72619
   8.73854        48       449         0        0.70536
   8.74539        63       521         0        0.73214
   8.75224        46       454         0        0.74405
   8.75909        34       437         0        0.73810
   8.76594        28       438         0        0.72024
   8.77279        43       485         0        0.73214
   8.77964        42       459         0        0.72917
   8.78649        23       449         0        0.70238
   8.79334        46       487         0        0.69643
   8.80019        31       479         0        0.69048
   8.80704        27       439         0        0.70536
   8.81388        40       462         0        0.71726
   8.82073        29       503         0        0.72321
   8.82758        30       465         0        0.72619
   8.83443        41       503         0        0.72917
   8.84128        28       440         0        0.68155
   8.84813        40       496         0        0.77083
   8.85498        41       445         0        0.72321
   8.86183        50       433         0        0.69643
   8.86868        38       524         0        0.72321
   8.87553        38       440         0        0.67262
   8.88238        39       494         0        0.73512
   8.88923        29       467         0        0.73214
   8.89608        39       485         0        0.73214
   8.90292        27       469         0        0.71726
   8.90977        22       413         0        0.71726
   8.91662        22       446         0        0.72917
   8.92347        44       461         0        0.74405
   8.93032        19       460         0        0.67262
   8.93717        37       454         0        0.71429
   8.94402        29       521         0        0.76190
   8.95087        39       456         0        0.71726
   8.95772        34       487         0        0.71131
   8.95791        40       453         0        0.68750
   8.96476        36       487         0        0.72321
   8.97161        31       486         0        0.73810
   8.97846        40       498         0        0.76190
   8.98530        30       506         0        0.77381
   8.99215        28       472         0        0.74702
   8.99900        32       463         0        0.68452
   9.00585        35       493         0        0.73512
   9.01270        41       458         0        0.71131
   9.01955        23       482         0        0.69643
   9.02640        33       509         0        0.73214
   9.03325        43       494         0        0.73512
   9.04010        29       444         0        0.72619
   9.04695        35       428         0        0.72024
   9.05380        35       472         0        0.72619
   9.06065        41       421         0        0.71131
   9.06749        44       464         0        0.72917
   9.07434        34       416         0        0.69940
   9.08119        27       422         0        0.69345
   9.08804        40       481         0        0.72619
   9.09489        42       414         0        0.69940
   9.10174        25       447         0        0.72024
   9.10859        22       419         0        0.69643
   9.11544        22       417         0        0.69940
   9.12229        24       467         0        0.74702
   9.12914        36       450         0        0.73214
   9.13599        35       457         0        0.70833
   9.14284        45       519         0        0.74702
   9.14969        28       451         0        0.72321
   9.15653        30       477         0        0.71131
   9.16338        31       419         0        0.70238
   9.17023        41       537         0        0.74702
   9.17708        24       477         0        0.69345
   9.18393        25       482         0        0.70833
   9.19078        35       438         0        0.74405
   9.19763        35       462         0        0.70536
   9.20448        35       409         0        0.70833
   9.21133        39       482         0        0.70833
   9.21818        34       481         0        0.72619
   9.22503        28       489         0        0.72619
   9.23188        40       515         0        0.75595
   9.23872        45       465         0        0.70238
   9.24557        39       464         0        0.75298
   9.25242        22       446         0        0.69940
   9.25927        37       502         0        0.75595
   9.26612        35       416         0        0.73214
   9.27297        34       486         0        0.74107
   9.27982        32       466         0        0.73214
   9.28667        28       404         0        0.66964
   9.29352        31       459         0        0.72619
   9.30037        26       431         0        0.75298
   9.30722        34       446         0        0.73512
   9.31407        30       488         0        0.73214
   9.32092        32       503         0        0.72917
   9.32776        31       484         0        0.76190
   9.32801        33       481         0        0.73810
