   0.00592         0         0         0        0.00000
   0.01208         0         0         0        0.00000
   0.01214         0         0         0        0.00000
   0.01839         0         0         0        0.00000
   0.01875         0         0         0        0.00000
   0.02509         0         0         0        0.00000
   0.02580         0         0         0        0.00000
   0.03227         0         0         0        0.00000
   0.03344         0         0         0        0.00000
   0.03997         0         0         0        0.00000
   0.04528         0         0         0        0.01488
   0.05187         0         0         0        0.00000
   0.05756         0         0         0        0.00000
   0.06423         0         0         0        0.00000
   0.07090         0         0         0        0.00000
   0.07462         0         0         0        0.00000
   0.08137         0         0         0        0.00000
   0.08812         0         0         0        0.00000
   0.09487         0         0         0        0.00000
   0.09687         0         0         0        0.01190
   0.10372        19         0         2        0.07143
   0.11057        17         7         0        0.03869
   0.11742        14        27         0        0.08631
   0.12427        12        26         0        0.06250
   0.13112        15         4         0        0.05952
   0.13797         2        32         0        0.09821
   0.14481         6        26         0        0.10714
   0.15166         0        26         0        0.05952
   0.15851        16        39         2        0.13988
   0.16536         4        29         0        0.10119
   0.17221         6        41         0        0.14286
   0.17906         8         0         0        0.01190
   0.18591        20        16         0        0.08631
   0.19276         9        15         0        0.05060
   0.19961         5        51         0        0.07738
   0.20646        14        38         0        0.11607
   0.21331         0        51         0        0.12798
   0.22016        26        48         1        0.11607
   0.22701         0        46         0        0.09226
   0.23385        10        31         0        0.07440
   0.24070        14        66         0        0.17560
   0.24755        14        96         1        0.22619
   0.25440         0        70         0        0.15179
   0.26125         6        72         0        0.17262
   0.26810         6        77         0        0.14286
   0.27495         4        56         0        0.11012
   0.28180         6        60         0        0.14286
   0.28865         4        72         0        0.16667
   0.29550        18        38         0        0.09226
   0.30235         4        55         0        0.11310
   0.30920         3        65         0        0.17560
   0.31604         0        55         0        0.11905
   0.32289        23        74         3        0.16369
   0.32974         6        66         0        0.13095
   0.33659         6        50         0        0.14881
   0.34344         0        84         0        0.13095
   0.35029         2        76         0        0.16964
   0.35714         0        87         0        0.15476
   0.36399        15        64         0        0.16964
   0.37084        18        86         0        0.15476
   0.37769         1        67         0        0.13095
   0.38454         6        66         0        0.15774
   0.39139         0        50         0        0.09821
   0.39824         4        45         0        0.08333
   0.40508        15        44         0        0.15774
   0.41193        30        62         1        0.16964
   0.41878         3        33         0        0.11310
   0.42563        22        50         0        0.16071
   0.43248        14        43         0        0.17560
   0.43933        19        45         0        0.11012
   0.44618         9        56         0        0.13690
   0.45303        47        28         1        0.12202
   0.45988        17        34         0        0.15476
   0.46673        22        40         0        0.10417
   0.46885        18        48         0        0.10714
   0.47570        50        41         2        0.15179
   0.48255        30        60         4        0.15476
   0.48939        20        34         0        0.14583
   0.49624         5        59         0        0.11012
   0.50309        18        59         0        0.15774
   0.50994        15        74         0        0.16071
   0.51679        24        84         1        0.22321
   0.52364         6        85         0        0.15476
   0.53049        19        98         0        0.22321
   0.53734        24        51         0        0.14286
   0.54419        57        60         0        0.19940
   0.55104        27        90         0        0.22619
   0.55789        46       125         0        0.27679
   0.56474        32       177         0        0.30060
   0.57158        38       126         0        0.28274
   0.57843        27       160         0        0.30952
   0.58528        47       138         0        0.30655
   0.59213        50       135         0        0.29167
   0.59898        44       136         0        0.26786
   0.60583        42       207         0        0.34821
   0.61268        23       187         0        0.33333
   0.61953        20       155         0        0.26190
   0.62638        40       188         0        0.35119
   0.63323        61       153         3        0.40476
   0.64008        46       207         0        0.42262
   0.64693        56       220         0        0.40774
   0.65378        30       276         0        0.45238
   0.66062        20       266         0        0.43155
   0.66747        35       217         0        0.42857
   0.67432        38       193         0        0.36905
   0.68117        29       236         0        0.40179
   0.68802        35       249         0        0.48512
   0.69487        32       251         0        0.48214
   0.70172        32       256         0        0.46726
   0.70857        48       226         0        0.43155
   0.71542        46       206         0        0.46726
   0.72227        32       258         0        0.44345
   0.72912        34       239         0        0.51786
   0.73597        45       231         0        0.50893
   0.74281        39       258         0        0.47321
   0.74966        26       294         0        0.49107
   0.75651        44       350         0        0.52976
   0.76336        44       285         0        0.52976
   0.77021        35       281         0        0.46726
   0.77706        36       254         0        0.52381
   0.78391        32       291         0        0.49405
   0.79076        40       317         0        0.55357
   0.79761        28       255         0        0.44345
   0.80446        40       265         0        0.46726
   0.81131        44       336         3        0.55952
   0.81816        29       305         0        0.48512
   0.82501        27       293         0        0.47917
   0.83185        52       273         0        0.54464
   0.83870        55       236         0        0.45833
   0.83967        31       296         0        0.48512
   0.84652        42       301         0        0.52381
   0.85337        30       293         0        0.44345
   0.86022        25       279         0        0.47024
   0.86707        50       274         0        0.47917
   0.87391        36       269         0        0.48810
   0.88076        32       318         0        0.53571
   0.88761        24       289         0        0.52679
   0.89446        36       322         0        0.51488
   0.90131        44       386         0        0.55357
   0.90816        56       328         0        0.55357
   0.91501        44       306         0        0.53571
   0.92186        41       264         0        0.48512
   0.92871        31       318         0        0.56548
   0.93556        44       341         0        0.58929
   0.94241        62       284         0        0.53571
   0.94926        31       298         1        0.51488
   0.95610        30       293         1        0.54167
   0.96295        13       272         0        0.47917
   0.96980        30       245         0        0.45833
   0.97665        35       301         0        0.50893
   0.98350        29       282         0        0.52083
   0.99035        64       286         0        0.57143
   0.99720        49       250         0        0.52976
   1.00405        45       337         0        0.62500
   1.01090        59       291         0        0.58929
   1.01775        49       279         0        0.63095
   1.02460        41       277         0        0.56548
   1.03145        37       263         0        0.55655
   1.03830        54       290         2        0.59524
   1.04514        32       255         0        0.52381
   1.05199        36       288         0        0.53274
   1.05884        43       276         0        0.58929
   1.06569        47       272         0        0.54464
   1.07254        28       319         0        0.59226
   1.07939        28       307         0        0.58631
   1.08624        47       257         0        0.53869
   1.09309        66       255         2        0.57738
   1.09994        48       290         0        0.61607
   1.10679        31       275         0        0.55952
   1.11364        41       253         0        0.51786
   1.12049        46       313         0        0.57143
   1.12733        59       294         0        0.59524
   1.13418        25       277         0        0.54762
   1.14103        22       279         0        0.52976
   1.14788        46       289         0        0.57143
   1.15473        37       305         0        0.59821
   1.16158        33       359         0        0.60714
   1.16843        38       330         0        0.62202
   1.17528        18       335         0        0.58631
   1.18213        62       324         0        0.66369
   1.18898        39       339         0        0.61905
   1.19583        45       356         0        0.63690
   1.20268        65       317         0        0.60417
   1.20953        43       363         0        0.66071
   1.21157        36       369         0        0.65476
   1.21842        37       356         0        0.59226
   1.22527        44       340         0        0.63690
   1.23211        16       343         0        0.60119
   1.23896         4       381         0        0.59226
   1.24581         6       341         0        0.61012
   1.25266        15       334         0        0.59524
   1.25951        28       319         0        0.60714
   1.26636        15       295         0        0.55655
   1.27321        22       343         0        0.61310
   1.28006         8       291         0        0.54167
   1.28691        36       290         0        0.58929
   1.29376        12       329         0        0.57143
   1.30061        24       319         0        0.58631
   1.30746        26       328         0        0.62202
   1.31431        26       289         0        0.52976
   1.32115        27       333         0        0.61012
   1.32800        18       297         0        0.55952
   1.33485        12       310         0        0.57143
   1.34170        17       320         0        0.57143
   1.34855        12       346         0        0.65476
   1.35540        22       345         0        0.60417
   1.36225        31       324         0        0.60119
   1.36910        26       344         0        0.63988
   1.37595        25       326         0        0.59524
   1.38280        28       312         0        0.57738
   1.38965        26       276         0        0.56548
   1.39650        24       300         0        0.58333
   1.40334        14       316         0        0.58929
   1.41019        39       267         3        0.54464
   1.41704        36       288         4        0.52083
   1.42389        15       322         0        0.56845
   1.43074        47       322         0        0.60119
   1.43759        34       313         0        0.60119
   1.44444        28       335         0        0.63690
   1.45129        20       326         0        0.61607
   1.45814        20       352         0        0.62202
   1.46499        11       286         0        0.57440
   1.47184        12       337         0        0.64881
   1.47869        27       308         0        0.61012
   1.48554        27       287         0        0.57738
   1.49238        31       329         0        0.62500
   1.49923        16       278         0        0.56250
   1.50608        19       336         0        0.59226
   1.51293        21       300         0        0.57440
   1.51978        17       285         0        0.57738
   1.52663        21       301         0        0.63393
   1.53348        46       306         0        0.59226
   1.54033        30       326         0        0.63393
   1.54718        52       271         0        0.53869
   1.55403        35       321         0        0.62798
   1.56088        32       319         0        0.57440
   1.56773        25       254         0        0.51190
   1.57457        40       336         0        0.55357
   1.58142        30       372         0        0.63988
   1.58342        25       340         0        0.61012
   1.59027        18       377         0        0.58929
   1.59712        40       319         0        0.56250
   1.60397        37       357         0        0.63988
   1.61082        11       369         0        0.65179
   1.61767        38       352         0        0.61905
   1.62452        18       374         0        0.58333
   1.63137        27       357         0        0.60417
   1.63822        23       355         0        0.62500
   1.64507        31       379         0        0.66071
   1.65192        25       382         0        0.63095
   1.65877        20       381         0        0.64286
   1.66561        29       352         0        0.65476
   1.67246        10       396         0        0.66667
   1.67931         0       413         0        0.63095
   1.68616         4       446         0        0.64881
   1.69301         0       409         0        0.66369
   1.69986         2       366         0        0.62500
   1.70671         0       335         0        0.54464
   1.71356         3       395         0        0.63690
   1.72041         2       331         0        0.60119
   1.72726        15       405         0        0.65476
   1.73411         0       421         0        0.66369
   1.74096         1       377         0        0.63393
   1.74781         3       350         0        0.60417
   1.75465        10       435         0        0.66964
   1.76150         5       324         0        0.61012
   1.76835        23       384         0        0.65774
   1.77520         6       436         0        0.65774
   1.78205         7       415         0        0.62202
   1.78890         3       370         0        0.59226
   1.79575         4       373         0        0.60714
   1.80260         2       436         0        0.65476
   1.80945         8       393         0        0.68155
   1.81630         8       444         0        0.66667
   1.82315         8       399         0        0.69048
   1.83000         0       409         0        0.65179
   1.83684         1       410         0        0.71131
   1.84369         5       393         0        0.62500
   1.85054         7       428         0        0.68452
   1.85739         0       460         0        0.65476
   1.86424         0       393         0        0.65179
   1.87109         7       414         0        0.66071
   1.87794         5       418         0        0.65476
   1.88479         6       391         0        0.65179
   1.89164         4       394         0        0.63095
   1.89849         0       414         0        0.67560
   1.90534         0       355         0        0.66964
   1.91219         0       416         0        0.65774
   1.91904         1       394         0        0.69048
   1.92588        16       371         0        0.62798
   1.93273         2       363         0        0.63393
   1.93958         0       378         0        0.69048
   1.94643         4       381         0        0.63988
   1.95328         3       408         0        0.65774
   1.95605        13       389         0        0.65774
   1.96290         0       407         0        0.64286
   1.96975         0       434         0        0.63393
   1.97660         6       441         0        0.64286
   1.98344        11       464         0        0.68750
   1.99029         6       395         0        0.65476
   1.99714         4       501         0        0.70536
   2.00399        17       400         0        0.67560
   2.01084         8       378         0        0.64583
   2.01769        13       387         0        0.66369
   2.02454         9       418         0        0.68155
   2.03139         0       399         0        0.64583
   2.03824         2       439         0        0.61012
   2.04509         1       375         0        0.63988
   2.05194         0       423         0        0.66964
   2.05879         0       399         0        0.64881
   2.06564        12       445         0        0.70833
   2.07248        17       407         0        0.66964
   2.07933         0       389         0        0.64286
   2.08618         7       345         0        0.58929
   2.09303         3       411         0        0.69643
   2.09988         7       420         0        0.64286
   2.10673         1       378         0        0.62202
   2.11358        17       402         3        0.65476
   2.12043         1       377         0        0.63095
   2.12728         0       394         0        0.61607
   2.13413         0       378         0        0.67560
   2.14098        10       462         0        0.67560
   2.14783         0       450         0        0.66964
   2.15467         0       397         0        0.64881
   2.16152         0       403         0        0.63690
   2.16837         0       361         0        0.60714
   2.17522         5       408         0        0.63988
   2.18207         5       393         0        0.60714
   2.18892        15       412         0        0.63095
   2.19577         2       386         0        0.62798
   2.20262        25       409         0        0.59821
   2.20947         8       365         0        0.63690
   2.21632         8       374         0        0.63690
   2.22317        34       449         0        0.66369
   2.23002         8       419         0        0.63393
   2.23687         6       457         0        0.65476
   2.24371         0       425         0        0.64583
   2.25056         0       338         0        0.55060
   2.25741         4       429         0        0.64286
   2.26426         3       378         0        0.59524
   2.27111         3       515         0        0.70833
   2.27796         8       419         0        0.66369
   2.28481         0       432         0        0.61607
   2.29166         4       419         0        0.62500
   2.29851         3       399         0        0.62500
   2.30536         0       446         0        0.67857
   2.31221         5       474         0        0.68452
   2.31906         5       436         0        0.67560
   2.32590         5       440         0        0.67262
   2.32910         2       454         0        0.66964
   2.33595         0       415         0        0.62500
   2.34280         5       432         0        0.65774
   2.34965         6       422         0        0.66071
   2.35650        11       406         0        0.65476
   2.36334         4       406         0        0.63690
   2.37019        11       420         0        0.68155
   2.37704         3       452         0        0.66964
   2.38389         3       442         0        0.68452
   2.39074         6       454         0        0.66964
   2.39759         1       415         0        0.65179
   2.40444         0       419         0        0.66071
   2.41129         0       389         0        0.63690
   2.41814         0       413         0        0.68155
   2.42499         0       394         0        0.63988
   2.43184         0       452         0        0.68452
   2.43869         0       417         0        0.67262
   2.44553         5       450         0        0.69345
   2.45238         4       435         0        0.70536
   2.45923         0       397         0        0.64286
   2.46608        17       449         0        0.68750
   2.47293        12       407         0        0.68452
   2.47978         6       423         0        0.66369
   2.48663         2       437         0        0.65476
   2.49348         4       408         0        0.67857
   2.50033        13       401         0        0.68155
   2.50718        17       430         0        0.70238
   2.51403         3       425         0        0.67857
   2.52088         3       404         0        0.67857
   2.52773         3       445         0        0.72619
   2.53457         0       427         0        0.72321
   2.54142         1       418         0        0.68155
   2.54827        16       401         0        0.69345
   2.55512         1       394         0        0.71131
   2.56197         3       429         0        0.68452
   2.56882         5       431         0        0.69643
   2.57567         1       360         0        0.64583
   2.58252         5       428         0        0.63690
   2.58937        14       423         0        0.71726
   2.59622         0       376         0        0.61607
   2.60307         1       390         0        0.62798
   2.60992         2       416         0        0.64881
   2.61676        11       422         0        0.64881
   2.62361         5       404         0        0.65179
   2.63046         3       400         0        0.66964
   2.63731        14       397         0        0.68155
   2.64416         3       426         0        0.68750
   2.65101         7       406         0        0.68452
   2.65786         4       401         0        0.66369
   2.66471        13       397         0        0.65179
   2.67156        12       408         3        0.67560
   2.67841         5       463         0        0.71726
   2.68526         0       471         0        0.69345
   2.69211         7       497         0        0.69940
   2.69896         1       487         0        0.68750
   2.70267         2       457         0        0.69345
   2.70951         7       462         0        0.68452
   2.71636         9       434         0        0.72619
   2.72321         1       440         0        0.67262
   2.73006         6       458         0        0.67262
   2.73691         1       414         0        0.67262
   2.74376         3       459         0        0.71726
   2.75061         0       405         0        0.65179
   2.75746         5       429         0        0.70536
   2.76431         2       473         0        0.71429
   2.77116        15       423         0        0.71429
   2.77801         3       413         0        0.67857
   2.78486         0       442         0        0.70833
   2.79171         7       443         0        0.70833
   2.79855         0       442         0        0.68452
   2.80540         2       448         0        0.68155
   2.81225         1       432         0        0.69940
   2.81910         2       419         0        0.67262
   2.82595         0       396         0        0.64286
   2.83280         8       456         0        0.69048
   2.83965         5       435         0        0.68750
   2.84650         2       439         0        0.69643
   2.85335         9       420         0        0.66964
   2.86020         2       435         0        0.68155
   2.86705         7       489         0        0.72024
   2.87390        11       438         0        0.70833
   2.88074         3       420         0        0.68155
   2.88759         4       408         0        0.68750
   2.89444        11       475         0        0.68452
   2.90129         8       438         0        0.69940
   2.90814         0       465         0        0.69940
   2.91499         9       428         0        0.69345
   2.92184        14       428         3        0.69643
   2.92869         9       393         0        0.68452
   2.93554        10       461         2        0.66667
   2.94239        17       432         2        0.71429
   2.94924        11       391         0        0.68750
   2.95609        15       447         0        0.71429
   2.96294         3       442         0        0.70238
   2.96978         3       442         0        0.68452
   2.97663         9       433         0        0.64881
   2.98348         9       442         0        0.68155
   2.99033         3       469         0        0.72321
   2.99718         3       444         0        0.66369
   3.00403         5       483         0        0.71726
   3.01088         0       445         0        0.66964
   3.01773         6       432         0        0.69345
   3.02458         7       455         0        0.70536
   3.03143         3       474         0        0.69345
   3.03828         4       456         0        0.72619
   3.04513         4       505         0        0.71131
   3.05197         2       430         0        0.65476
   3.05882         5       494         0        0.73214
   3.06567         5       437         0        0.68750
   3.07252         2       498         0        0.73512
   3.07706         5       441         0        0.69643
   3.08391         2       438         0        0.68155
   3.09075         2       416         0        0.66071
   3.09760         4       436         0        0.69048
   3.10445         1       477         0        0.70536
   3.11130         4       412         0        0.70238
   3.11815         4       411         0        0.70536
   3.12500        10       414         0        0.71429
   3.13185         1       459         0        0.69345
   3.13870         6       442         0        0.68155
   3.14555         0       481         0        0.69048
   3.15240         6       496         0        0.69643
   3.15925         4       482         0        0.71726
   3.16610         9       411         0        0.70536
   3.17294         0       424         0        0.66667
   3.17979         0       400         0        0.67262
   3.18664        12       431         0        0.70833
   3.19349         6       443         0        0.70536
   3.20034         8       413         0        0.67560
   3.20719         2       433         0        0.69048
   3.21404         3       438         0        0.72917
   3.22089         4       450         0        0.71131
   3.22774         8       465         0        0.69643
   3.23459        13       473         0        0.70833
   3.24144        11       472         0        0.71429
   3.24829         4       442         0        0.70536
   3.25514        11       419         0        0.71726
   3.26198         7       437         0        0.71131
   3.26883         5       434         0        0.69345
   3.27568        10       460         0        0.69940
   3.28253         2       434         0        0.68750
   3.28938         6       444         0        0.71429
   3.29623         4       459         0        0.66667
   3.30308         9       472         0        0.69048
   3.30993         0       428         0        0.65774
   3.31678         9       444         0        0.69643
   3.32363         2       460         0        0.70536
   3.33048         4       457         0        0.68750
   3.33733         5       411         0        0.68452
   3.34417         4       460         0        0.70238
   3.35102         2       406         0        0.69643
   3.35787         0       439         0        0.70536
   3.36472         3       444         0        0.72321
   3.37157         5       423         0        0.68155
   3.37842         3       442         0        0.70536
   3.38527         2       416         0        0.62202
   3.39212         7       412         0        0.69345
   3.39897         9       481         0        0.72321
   3.40582         4       442         0        0.68750
   3.41267         3       398         0        0.65774
   3.41952         3       435         0        0.69048
   3.42637         6       395         0        0.66964
   3.43321         6       415         0        0.68155
   3.44006         3       422         0        0.68750
   3.44691         7       408         0        0.69345
   3.45170         3       414         0        0.68155
   3.45855         4       425         0        0.68155
   3.46540         4       419         0        0.67560
   3.47225         9       464         0        0.69048
   3.47910         3       370         0        0.63095
   3.48595         3       409         0        0.63988
   3.49279         3       427         0        0.64881
   3.49964         1       404         0        0.69048
   3.50649        10       397         0        0.68155
   3.51334         1       419         0        0.64583
   3.52019         1       399         0        0.66369
   3.52704         7       442         0        0.66071
   3.53389         0       418         0        0.63393
   3.54074         6       407         0        0.69643
   3.54759         5       416         0        0.63393
   3.55444         6       407         0        0.67857
   3.56129         0       465         0        0.73214
   3.56814         6       406         0        0.66667
   3.57498         2       462         0        0.69940
   3.58183         0       444         0        0.69048
   3.58868         3       451         0        0.72619
   3.59553         4       430         0        0.69940
   3.60238         5       436         0        0.69940
   3.60923         5       364         0        0.64583
   3.61608         1       417         0        0.64583
   3.62293         2       411         0        0.67857
   3.62978         0       477         0        0.69345
   3.63663         1       458         0        0.69048
   3.64348         6       374         0        0.67560
   3.65033         1       412         0        0.66071
   3.65717         0       415         0        0.65179
   3.66402        10       451         0        0.69048
   3.67087         0       403         0        0.63690
   3.67772         2       460         0        0.69345
   3.68457         0       433         0        0.68750
   3.69142         0       376         0        0.62500
   3.69827         0       423         0        0.71429
   3.70512         8       444         0        0.72024
   3.71197         0       415         0        0.64286
   3.71882         0       429         0        0.65774
   3.72567         0       389         0        0.66369
   3.73252         0       440         0        0.71131
   3.73937         4       500         0        0.72321
   3.74621         0       476         0        0.69940
   3.75306         0       447         0        0.70536
   3.75991         0       434         0        0.69643
   3.76676         0       399         0        0.68155
   3.77361         2       428         0        0.68452
   3.78046         0       443         0        0.65774
   3.78731         2       461         0        0.70833
   3.79416         0       387         0        0.68155
   3.80101         2       467         0        0.72321
   3.80786         0       427         0        0.66964
   3.81471         9       390         0        0.66369
   3.82156         0       417         0        0.69048
   3.82711         2       428         0        0.67262
   3.83396         2       415         0        0.70238
   3.84081         0       412         0        0.63988
   3.84766         2       463         0        0.68155
   3.85451         2       414         0        0.66964
   3.86136         1       422         0        0.68155
   3.86821         0       470         0        0.64881
   3.87506         0       452         0        0.66369
   3.88191         0       436         0        0.66369
   3.88876         0       462         0        0.69643
   3.89561         2       383         0        0.64583
   3.90245         0       445         0        0.67857
   3.90930         2       421         0        0.69345
   3.91615         8       441         0        0.69940
   3.92300         0       409         0        0.68155
   3.92985         3       512         0        0.70536
   3.93670         0       455         0        0.68452
   3.94355         2       410         0        0.68155
   3.95040         0       419         0        0.65179
   3.95725         7       386         0        0.67262
   3.96410         0       411         0        0.64881
   3.97095         0       413         0        0.68155
   3.97780         1       403         0        0.62202
   3.98464        10       427         0        0.66071
   3.99149         3       400         0        0.66071
   3.99834         6       486         0        0.72917
   4.00519         0       439         0        0.66667
   4.01204         0       432         0        0.65774
   4.01889         5       429         0        0.68155
   4.02574         2       417         0        0.69345
   4.03259         0       452         0        0.67262
   4.03944         2       411         0        0.66369
   4.04629         0       459         0        0.65179
   4.05314         0       451         0        0.68155
   4.05999         8       394         0        0.68452
   4.06684         4       472         0        0.69048
   4.07368        10       439         0        0.69345
   4.08053         0       428         0        0.65476
   4.08738         0       403         0        0.66667
   4.09423         0       434         0        0.70238
   4.10108         2       459         0        0.72917
   4.10793         0       459         0        0.68750
   4.11478         3       441         0        0.69345
   4.12163         0       465         0        0.68750
   4.12848         0       376         0        0.63690
   4.13533         0       420         0        0.64881
   4.14218         7       421         0        0.69048
   4.14903         0       418         0        0.69048
   4.15587         9       427         0        0.71726
   4.16272         0       427         0        0.66667
   4.16957         4       384         0        0.65179
   4.17642         0       424         0        0.70833
   4.18327         0       469         0        0.69940
   4.19012         0       423         0        0.69048
   4.19697         0       444         0        0.70536
   4.20247         2       454         0        0.70833
   4.20932         0       436         0        0.66369
   4.21616         4       437         0        0.69345
   4.22301         4       464         0        0.70536
   4.22986         0       420         0        0.68155
   4.23671         0       498         0        0.67857
   4.24356         7       435         0        0.68155
   4.25041         4       402         0        0.70238
   4.25726         8       391         0        0.68750
   4.26411         7       433         0        0.68750
   4.27096         0       465         0        0.64881
   4.27781         5       474         0        0.66667
   4.28466         0       446         0        0.68155
   4.29151         0       428         0        0.69940
   4.29835         0       345         0        0.62798
   4.30520         5       421         0        0.69643
   4.31205         0       455         0        0.69048
   4.31890         1       467         0        0.70833
   4.32575         3       405         0        0.66667
   4.33260         0       442         0        0.66071
   4.33945         4       401         0        0.65774
   4.34630         0       458         0        0.68452
   4.35315         0       366         0        0.68452
   4.36000        11       424         0        0.70238
   4.36685        15       442         0        0.68750
   4.37370         6       374         0        0.64583
   4.38055         0       376         0        0.62798
   4.38739         1       436         0        0.68750
   4.39424         0       444         0        0.66071
   4.40109         0       405         0        0.67560
   4.40794         0       399         0        0.66964
   4.41479         3       470         0        0.72024
   4.42164         4       469         0        0.68750
   4.42849         0       433         0        0.66369
   4.43534         0       447         0        0.64881
   4.44219         4       473         0        0.67857
   4.44904         2       413         0        0.69940
   4.45589         1       469         0        0.69345
   4.46274         5       424         0        0.66667
   4.46958         0       409         0        0.66071
   4.47643         7       411         0        0.67262
   4.48328         0       431         0        0.66369
   4.49013         3       447         0        0.69940
   4.49698         4       461         0        0.67560
   4.50383         2       456         0        0.70833
   4.51068         0       468         0        0.70833
   4.51753         6       448         0        0.70238
   4.52438         0       413         0        0.66369
   4.53123         2       457         0        0.71131
   4.53808         0       495         0        0.70833
   4.54493         0       419         0        0.63690
   4.55178         6       425         0        0.67262
   4.55862         4       399         0        0.64286
   4.56547         2       433         0        0.65774
   4.57232         6       470         0        0.72321
   4.57809         0       437         0        0.65179
   4.58494         6       431         0        0.67560
   4.59179         0       438         0        0.66071
   4.59864         4       398         0        0.67857
   4.60549         6       433         0        0.69345
   4.61234         6       431         0        0.66964
   4.61919         0       418         0        0.66667
   4.62604         2       409         0        0.67560
   4.63288         0       475         0        0.68750
   4.63973         0       468         0        0.70238
   4.64658         0       433         0        0.67560
   4.65343         6       431         0        0.69048
   4.66028         9       466         0        0.73214
   4.66713         2       413         0        0.64881
   4.67398         0       464         0        0.65476
   4.68083         0       433         0        0.64881
   4.68768         3       443         0        0.71429
   4.69453         0       432         0        0.68155
   4.70138         0       445         0        0.67857
   4.70823         0       439         0        0.68155
   4.71507         0       440         0        0.68452
   4.72192         7       502         0        0.68155
   4.72877         4       401         0        0.67262
   4.73562         3       397         0        0.69940
   4.74247         7       408         0        0.66667
   4.74932         0       449         0        0.65774
   4.75617        11       439         0        0.67857
   4.76302         0       440         0        0.67560
   4.76987         0       444         0        0.69643
   4.77672         0       416         0        0.61905
   4.78357         5       415         0        0.65179
   4.79042         7       410         0        0.69345
   4.79727         8       449         0        0.64286
   4.80411        10       405         0        0.67262
   4.81096         3       473         0        0.66071
   4.81781         6       454         0        0.67560
   4.82466         2       419         0        0.64286
   4.83151         0       488         0        0.69345
   4.83836         3       408         0        0.66369
   4.84521         0       460         0        0.67857
   4.85206         0       414         0        0.63095
   4.85891         0       425         0        0.66071
   4.86576         4       489         0        0.69048
   4.87261         0       431         0        0.70536
   4.87946         0       445         0        0.66369
   4.88630         3       434         0        0.65179
   4.89315         0       455         0        0.69643
   4.90000         5       417         0        0.66964
   4.90685         0       445         0        0.66964
   4.91370         0       458         0        0.70238
   4.92055         1       418         0        0.64583
   4.92740         0       462         0        0.69940
   4.93425         2       421         0        0.63393
   4.94110         0       428         0        0.66071
   4.94795         3       427         0        0.65476
   4.95357         8       442         0        0.70833
   4.96042         0       437         0        0.67560
   4.96727         5       506         0        0.72619
   4.97412         2       466         0        0.67857
   4.98097         5       444         0        0.69345
   4.98781         7       438         0        0.68452
   4.99466         0       442         0        0.62798
   5.00151         0       430         0        0.63988
   5.00836         9       464         0        0.72024
   5.01521         0       415         0        0.68750
   5.02206         5       409         0        0.66071
   5.02891         4       416         0        0.68452
   5.03576         3       439         0        0.66964
   5.04261         0       402         0        0.65179
   5.04946         2       398         0        0.66071
   5.05631         5       434         0        0.66667
   5.06316         0       417         0        0.63393
   5.07001         0       443         0        0.72024
   5.07685         0       452         0        0.67857
   5.08370         7       467         0        0.69940
   5.09055         0       417         0        0.68155
   5.09740         3       458         0        0.72024
   5.10425         2       480         0        0.71429
   5.11110         2       399         0        0.67560
   5.11795         0       467         0        0.69643
   5.12480         0       417         0        0.70238
   5.13165         0       434         0        0.69048
   5.13850         8       456         0        0.68750
   5.14535         3       466         0        0.69048
   5.15220         1       439         0        0.66667
   5.15904         7       436         0        0.71429
   5.16589         0       441         0        0.67262
   5.17274         0       429         0        0.67262
   5.17959         0       410         0        0.64583
   5.18644         1       419         0        0.63393
   5.19329         0       463         0        0.68452
   5.20014         5       438         0        0.64881
   5.20699         2       436         0        0.68155
   5.21384         1       461         0        0.69940
   5.22069         0       438         0        0.68750
   5.22754         0       441         0        0.65179
   5.23439         2       453         0        0.69940
   5.24124         0       472         0        0.69940
   5.24808         0       418         0        0.69940
   5.25493         6       430         0        0.67262
   5.26178         0       440         0        0.66369
   5.26863         2       404         0        0.64286
   5.27548         0       464         0        0.70833
   5.28233         1       452         0        0.68750
   5.28918         3       434         0        0.68155
   5.29603         1       448         0        0.67262
   5.30288         0       414         0        0.65179
   5.30973         0       436         0        0.67560
   5.31658         2       452         0        0.70536
   5.32343         4       453         0        0.71131
   5.32926         0       458         0        0.72321
   5.33611         0       437         0        0.66667
   5.34296         0       417         0        0.63988
   5.34981         0       463         0        0.69643
   5.35666         0       411         0        0.66667
   5.36351         6       414         0        0.66071
   5.37036         3       438         0        0.68750
   5.37721         4       444         0        0.70238
   5.38405         5       423         0        0.66667
   5.39090         0       401         0        0.68750
   5.39775         0       444         0        0.68750
   5.40460         0       454         0        0.70238
   5.41145         2       448         0        0.65774
   5.41830         4       436         0        0.70238
   5.42515         9       461         0        0.75298
   5.43200         0       449         0        0.70536
   5.43885         6       447         0        0.65774
   5.44570         2       438         0        0.68750
   5.45255         0       419         0        0.65179
   5.45940         0       424         0        0.66964
   5.46625         0       437         0        0.65476
   5.47309         0       433         0        0.65774
   5.47994         0       411         0        0.67857
   5.48679         0       411         0        0.66369
   5.49364         0       479         0        0.70238
   5.50049         0       434         0        0.67560
   5.50734         0       397         0        0.69345
   5.51419         0       461         0        0.69940
   5.52104         0       488         0        0.69048
   5.52789         2       451         0        0.69940
   5.53474         0       398         0        0.68155
   5.54159         0       415         0        0.66964
   5.54844         0       440         0        0.68750
   5.55528         3       451         0        0.70536
   5.56213         4       401         0        0.66071
   5.56898         7       432         0        0.67857
   5.57583         6       414         0        0.67560
   5.58268         2       420         0        0.65774
   5.58953         6       437         0        0.69048
   5.59638         6       458         0        0.67262
   5.60323         2       427         0        0.66667
   5.61008         2       394         0        0.65476
   5.61693         1       441         0        0.67262
   5.62378         0       439         0        0.63690
   5.63063         2       441         0        0.66667
   5.63748         6       473         0        0.69048
   5.64432         0       461         0        0.69048
   5.65117         0       505         0        0.72024
   5.65802         0       443         0        0.68452
   5.66487         4       495         0        0.68155
   5.67172         0       413         0        0.65774
   5.67857         4       408         0        0.68155
   5.68542         4       421         0        0.68750
   5.69227         0       424         0        0.67857
   5.69912         0       412         0        0.65774
   5.70472         5       386         0        0.65476
   5.71157         2       456         0        0.64583
   5.71842         2       444         0        0.65476
   5.72527         7       436         0        0.66071
   5.73212         5       414         0        0.65774
   5.73897         0       457         0        0.65774
   5.74582         5       403         0        0.63690
   5.75267         0       398         0        0.66667
   5.75952        18       463         0        0.70238
   5.76636         8       440         0        0.69345
   5.77321         0       434         0        0.65179
   5.78006         2       395         0        0.68155
   5.78691         1       522         0        0.71131
   5.79376         3       441         0        0.67262
   5.80061         1       449         0        0.64881
   5.80746         1       438         0        0.67857
   5.81431         1       454         0        0.68750
   5.82116         4       501         0        0.72619
   5.82801         0       415         0        0.66667
   5.83486         0       431         0        0.67560
   5.84171        11       433         0        0.68750
   5.84856         0       476         0        0.67560
   5.85540         0       426         0        0.66071
   5.86225         0       420         0        0.63393
   5.86910         0       412         0        0.65179
   5.87595         2       440         0        0.67262
   5.88280         0       396         0        0.65476
   5.88965         0       459         0        0.69643
   5.89650         0       404         0        0.65179
   5.90335         4       435         0        0.69048
   5.91020         6       495         0        0.69048
   5.91705         2       434         0        0.70536
   5.92390         6       417         0        0.65774
   5.93075         0       465         0        0.67262
   5.93759         0       435         0        0.65179
   5.94444         2       462         0        0.70833
   5.95129         2       449         0        0.69048
   5.95814         2       433         0        0.66071
   5.96499         0       435         0        0.68155
   5.97184         4       434         0        0.67262
   5.97869         0       441         0        0.68452
   5.98554         6       418         0        0.69345
   5.99239         0       437         0        0.66369
   5.99924         0       458         0        0.66667
   6.00609         0       451         0        0.64881
   6.01294         4       440         0        0.67857
   6.01979         4       408         0        0.65476
   6.02663         0       410         0        0.62500
   6.03348         2       404         0        0.60714
   6.04033         0       384         0        0.59524
   6.04718         0       425         0        0.63095
   6.05403         1       409         0        0.60714
   6.06088         3       399         0        0.61607
   6.06773         0       419         0        0.62500
   6.07458         0       380         0        0.62202
   6.08015         0       409         0        0.61310
   6.08700         0       397         0        0.62798
   6.09385         3       410         0        0.63690
   6.10069         8       456         0        0.66964
   6.10754         0       389         0        0.63393
   6.11439         0       447         0        0.65476
   6.12124         5       460         0        0.70833
   6.12809         0       454         0        0.69940
   6.13494         2       421         0        0.62202
   6.14179         8       446         0        0.69345
   6.14864         0       427         0        0.67857
   6.15549         2       430         0        0.64583
   6.16234         4       461         0        0.66667
   6.16919         7       470         0        0.69643
   6.17604         0       457         0        0.67560
   6.18288         2       444         0        0.68155
   6.18973         4       466         0        0.70238
   6.19658         0       477         0        0.65774
   6.20343         0       483         0        0.69048
   6.21028         0       426         0        0.66667
   6.21713         0       457         0        0.66964
   6.22398         8       436         0        0.64583
   6.23083         0       451         0        0.65774
   6.23768         2       416         0        0.64881
   6.24453         2       480         0        0.69048
   6.25138         0       441         0        0.66369
   6.25823         0       430         0        0.65179
   6.26508         3       476         0        0.68750
   6.27192         0       475         0        0.66964
   6.27877         6       398         0        0.65179
   6.28562        24       387         3        0.67262
   6.29247         3       407         0        0.64286
   6.29932         0       383         0        0.58631
   6.30617         7       419         0        0.63988
   6.31302         0       419         0        0.62798
   6.31987         2       360         0        0.59226
   6.32672         0       356         0        0.58333
   6.33357         3       386         0        0.62500
   6.34042        17       413         0        0.62798
   6.34727         0       391         0        0.59524
   6.35411         3       445         0        0.65476
   6.36096         3       387         0        0.61607
   6.36781         3       392         0        0.61012
   6.37466         3       415         0        0.66667
   6.38151         0       409         0        0.63988
   6.38836         0       408         0        0.66071
   6.39521         0       361         0        0.62500
   6.40206        11       398         0        0.63690
   6.40891         9       395         0        0.65476
   6.41576         2       431         0        0.64286
   6.42261         0       426         0        0.66369
   6.42946         0       444         0        0.67560
   6.43631         0       394         0        0.63988
   6.44315         7       402         0        0.67857
   6.45000         6       393         0        0.65179
   6.45526         3       469         0        0.67857
   6.46211         0       445         0        0.64286
   6.46896         8       398         0        0.61607
   6.47581         0       426         0        0.63690
   6.48265         0       447         0        0.64881
   6.48950         0       386         0        0.62500
   6.49635         4       420         0        0.64286
   6.50320        10       481         0        0.70238
   6.51005         0       467         0        0.67560
   6.51690         1       435         0        0.65774
   6.52375         2       438         0        0.65774
   6.53060        10       415         0        0.67560
   6.53745         2       453         0        0.66369
   6.54430         2       405         0        0.62500
   6.55115         4       398         0        0.63988
   6.55800         8       441         0        0.64881
   6.56484         5       413         0        0.62500
   6.57169         0       419         0        0.65476
   6.57854         2       456         0        0.69048
   6.58539         4       445         0        0.66667
   6.59224        13       415         0        0.66667
   6.59909        15       430         0        0.68452
   6.60594         2       446         0        0.69048
   6.61279         2       427         0        0.69940
   6.61964        11       391         0        0.66667
   6.62649         0       398         0        0.64881
   6.63334         2       422         0        0.68750
   6.64019        15       394         0        0.66964
   6.64704         6       411         0        0.65774
   6.65388         2       372         0        0.61310
   6.66073         6       416         0        0.70833
   6.66758         2       436         0        0.67560
   6.67443         4       443         0        0.68452
   6.68128         2       386         0        0.65774
   6.68813         4       429         0        0.67262
   6.69498         3       447         0        0.71131
   6.70183         5       427         0        0.72024
   6.70868         2       410         0        0.66071
   6.71553         0       451         0        0.69940
   6.72238         4       412         0        0.67560
   6.72923         0       441         0        0.67857
   6.73607         4       427         0        0.69643
   6.74292         0       444         0        0.66071
   6.74977         0       417         0        0.68155
   6.75662         0       409         0        0.66667
   6.76347         0       483         0        0.72321
   6.77032         0       450         0        0.67857
   6.77717         0       399         0        0.63988
   6.78402         3       445         0        0.71429
   6.79087         0       429         0        0.68155
   6.79772         4       432         0        0.69048
   6.80457         0       408         0        0.66964
   6.81142         2       458         0        0.69345
   6.81827         0       459         0        0.71726
   6.82511         0       466         0        0.72321
   6.83035         0       434         0        0.69048
   6.83720         0       432         0        0.68452
   6.84405         3       447         0        0.70833
   6.85090         0       415         0        0.68452
   6.85775         2       397         0        0.66369
   6.86460         0       432         0        0.66964
   6.87145         0       383         0        0.65774
   6.87830         0       455         0        0.68452
   6.88515         0       411         0        0.68155
   6.89200         2       444         0        0.69643
   6.89885         2       435         0        0.69048
   6.90570         5       442         0        0.66667
   6.91254         0       424         0        0.63988
   6.91939         0       427         0        0.70536
   6.92624         0       405         0        0.66369
   6.93309         3       419         0        0.67857
   6.93994         0       419         0        0.68155
   6.94679         0       422         0        0.67560
   6.95364         0       387         0        0.68452
   6.96049         0       428         0        0.71429
   6.96734         2       447         0        0.72619
   6.97419         2       426         0        0.72917
   6.98104         0       464         0        0.69940
   6.98789         0       427         0        0.67857
   6.99473         4       440         0        0.72321
   7.00158         0       425         0        0.70536
   7.00843         0       396         0        0.69048
   7.01528         0       468         0        0.69345
   7.02213         4       446         0        0.72917
   7.02898         0       462         0        0.72917
   7.03583         0       469         0        0.70536
   7.04268         5       407         0        0.67857
   7.04953         0       405         0        0.72619
   7.05638         0       458         0        0.71429
   7.06323         0       372         0        0.69048
   7.07008         3       412         0        0.68750
   7.07693         0       466         0        0.72619
   7.08377         0       416         0        0.69643
   7.09062         2       403         0        0.68155
   7.09747         0       421         0        0.69048
   7.10432         0       432         0        0.69940
   7.11117         0       408         0        0.69643
   7.11802         2       439         0        0.69048
   7.12487         0       418         0        0.69940
   7.13172         0       429         0        0.72024
   7.13857         1       437         0        0.67262
   7.14542         0       449         0        0.71726
   7.15227         0       450         0        0.72917
   7.15912         0       469         0        0.73214
   7.16596         6       445         0        0.73810
   7.17281         4       398         0        0.69345
   7.17966         0       431         0        0.70238
   7.18651         6       436         0        0.71131
   7.19336         0       430         0        0.73214
   7.20021         2       433         0        0.71726
   7.20621         3       455         0        0.72917
   7.21306         1       446         0        0.71726
   7.21991         0       430         0        0.72917
   7.22676         5       453         0        0.71429
   7.23361         0       439         0        0.71131
   7.24046         9       412         0        0.71131
   7.24731         6       430         0        0.71726
   7.25416         8       419         0        0.70833
   7.26101         3       405         0        0.69345
   7.26785         0       477         0        0.73810
   7.27470         0       445         0        0.71429
   7.28155         0       457         0        0.72917
   7.28840         3       448         0        0.73512
   7.29525         0       443         0        0.70536
   7.30210         4       405         0        0.72619
   7.30895         0       387         0        0.69345
   7.31580         0       395         0        0.67560
   7.32265         2       410         0        0.70536
   7.32950         0       475         0        0.71131
   7.33635         5       435         0        0.68452
   7.34320         0       390         0        0.67560
   7.35004         0       462         0        0.72024
   7.35689         0       444         0        0.73810
   7.36374         0       462         0        0.69940
   7.37059         2       477         0        0.72321
   7.37744         0       442         0        0.69940
   7.38429         0       472         0        0.71429
   7.39114         0       443         0        0.72619
   7.39799         0       466         0        0.69643
   7.40484         0       387         0        0.66071
   7.41169         3       457         0        0.74405
   7.41854         0       438         0        0.65476
   7.42539         0       445         0        0.72321
   7.43224         0       468         0        0.68750
   7.43908         0       429         0        0.69940
   7.44593         0       456         0        0.71131
   7.45278         3       505         0        0.72024
   7.45963         0       454         0        0.71429
   7.46648         1       434         0        0.73214
   7.47333         0       475         0        0.73512
   7.48018         0       408         0        0.67560
   7.48703         0       469         0        0.69643
   7.49388         6       395         0        0.68452
   7.50073         0       447         0        0.71429
   7.50758         2       422         0        0.66071
   7.51443         0       478         0        0.73214
   7.52127         3       451         0        0.67262
   7.52812         3       472         0        0.72024
   7.53497         8       420         0        0.66369
   7.54182         0       429         0        0.66964
   7.54867         3       423         0        0.66071
   7.55552         9       465         0        0.69940
   7.56237         5       418         0        0.67560
   7.56922         0       447         0        0.69048
   7.57607         4       459         0        0.72619
   7.58209         5       429         0        0.71726
   7.58894         2       449         0        0.67262
   7.59578         4       412         0        0.73512
   7.60263         5       443         0        0.69048
   7.60948         5       423         0        0.72917
   7.61633         5       413         0        0.69643
   7.62318         2       408         0        0.68155
   7.63003         3       412         0        0.66369
   7.63688         0       416         0        0.70833
   7.64373         0       501         0        0.72917
   7.65058         0       434         0        0.72321
   7.65743         0       429         0        0.71131
   7.66428         2       412         0        0.70536
   7.67113         3       413         0        0.68750
   7.67798         0       440         0        0.71429
   7.68482         2       453         0        0.70238
   7.69167         0       434         0        0.70536
   7.69852         0       429         0        0.72321
   7.70537         2       464         0        0.72321
   7.71222         5       427         0        0.69940
   7.71907         3       419         0        0.68452
   7.72592         3       432         0        0.70238
   7.73277         0       452         0        0.69940
   7.73962         0       425         0        0.70238
   7.74647         5       414         0        0.68750
   7.75332         0       449         0        0.72024
   7.76017         1       426         0        0.68452
   7.76701         0       381         0        0.69643
   7.77386         0       429         0        0.68155
   7.78071         2       439         0        0.71429
   7.78756         0       424         0        0.69940
   7.79441         0       468         0        0.70833
   7.80126         2       418         0        0.68750
   7.80811         0       456         0        0.71429
   7.81496         3       418         0        0.70238
   7.82181         0       402         0        0.67857
   7.82866         0       427         0        0.67857
   7.83551         0       437         0        0.68452
   7.84236         0       407         0        0.66667
   7.84921         0       477         0        0.75000
   7.85605         0       467         0        0.74702
   7.86290         0       447         0        0.72619
   7.86975         0       460         0        0.69940
   7.87660         3       502         0        0.73810
   7.88345         5       458         0        0.74107
   7.89030         0       423         0        0.66667
   7.89715         0       461         0        0.70833
   7.90400         0       449         0        0.71131
   7.91085         0       458         0        0.69048
   7.91770         3       479         0        0.75298
   7.92455         0       453         0        0.68155
   7.93140         2       452         0        0.72321
   7.93824         0       416         0        0.68750
   7.94509         0       421         0        0.64583
   7.95194         0       393         0        0.65476
   7.95761         0       413         0        0.68155
   7.96446         0       468         0        0.72619
   7.97131         2       493         0        0.69345
   7.97816        10       443         2        0.68452
   7.98501        11       459         0        0.69643
   7.99186         0       491         0        0.72024
   7.99871         1       421         0        0.67560
   8.00556         2       466         0        0.70238
   8.01241         0       448         0        0.68750
   8.01926         0       455         0        0.67857
   8.02610         0       412         0        0.68155
   8.03295         0       400         0        0.65774
   8.03980         3       459         0        0.67262
   8.04665        15       376         0        0.62500
   8.05350        22       371         0        0.64583
   8.06035         0       443         0        0.62798
   8.06720         0       404         0        0.64583
   8.07405         3       416         0        0.65179
   8.08090         1       468         0        0.69048
   8.08775         7       431         0        0.68452
   8.09460         4       442         0        0.72321
   8.10145         3       424         0        0.67857
   8.10830         4       415         0        0.67560
   8.11514         4       466         0        0.70833
   8.12199         4       461         0        0.68452
   8.12884         0       466         0        0.74405
   8.13569         1       406         0        0.66369
   8.14254         3       440         0        0.67262
   8.14939         0       451         0        0.72917
   8.15624         2       416         0        0.69345
   8.16309         0       426         0        0.69940
   8.16994         0       417         0        0.72024
   8.17679         5       388         0        0.71429
   8.18364         2       441         0        0.71131
   8.19049         0       446         0        0.77083
   8.19733         7       404         0        0.73214
   8.20418         0       423         0        0.72619
   8.21103         0       458         0        0.71429
   8.21788         3       428         0        0.68750
   8.22473         3       381         0        0.66071
   8.23158         0       411         0        0.67560
   8.23843         5       405         0        0.70238
   8.24528        11       406         0        0.73214
   8.25213         1       424         0        0.71726
   8.25898         8       423         0        0.72619
   8.26583         7       420         0        0.68750
   8.27268         2       403         0        0.69345
   8.27953         2       422         0        0.71429
   8.28637         3       425         0        0.72024
   8.29322         0       423         0        0.71131
   8.30007         1       416         0        0.67857
   8.30692         0       429         0        0.70536
   8.31377         3       425         0        0.67262
   8.32062         0       399         0        0.69048
   8.32747         4       412         0        0.69940
   8.33314         1       383         0        0.66964
   8.33999         0       392         0        0.71131
   8.34684         0       433         0        0.69643
   8.35369         0       437         0        0.70536
   8.36054         0       433         0        0.71131
   8.36739         3       432         0        0.69345
   8.37424         7       413         0        0.72321
   8.38108         1       455         0        0.66071
   8.38793         0       499         0        0.72024
   8.39478         0       402         0        0.66071
   8.40163         0       437         0        0.69345
   8.40848         5       412         0        0.68750
   8.41533         1       449         0        0.69048
   8.42218         5       439         0        0.70238
   8.42903         4       471         0        0.70536
   8.43588         0       406         0        0.66964
   8.44273         0       412         0        0.68155
   8.44958         1       454         0        0.73810
   8.45643         0       470         0        0.71726
   8.46327         4       436         0        0.72321
   8.47012         0       462         0        0.71131
   8.47697         4       444         0        0.71429
   8.48382         5       448         0        0.72619
   8.49067         0       420         0        0.69643
   8.49752         3       427         0        0.68155
   8.50437         0       410         0        0.67560
   8.51122         1       409         0        0.68452
   8.51807         4       411         0        0.71429
   8.52492         8       397         0        0.67857
   8.53177         2       422         0        0.71131
   8.53862         9       436         0        0.69048
   8.54547         8       467         0        0.74107
   8.55231        11       421         0        0.67560
   8.55916         5       442         0        0.71726
   8.56601         1       443         0        0.72917
   8.57286         8       449         0        0.69643
   8.57971         3       456         0        0.71131
   8.58656         9       432         0        0.70833
   8.59341         1       422         0        0.70536
   8.60026         4       449         0        0.66667
   8.60711         1       452         0        0.69940
   8.61396         8       444         0        0.74702
   8.62081         4       419         0        0.68750
   8.62766         4       455         0        0.68155
   8.63450         7       430         0        0.72619
   8.64135         5       460         0        0.72321
   8.64820         1       491         0        0.73810
   8.65505         4       466         0        0.69048
   8.66190         3       456         0        0.70238
   8.66875         6       426         0        0.67262
   8.67560         1       460         0        0.69940
   8.68245         2       426         0        0.69048
   8.68930         3       476         0        0.71429
   8.69615         4       419         0        0.67857
   8.70300         1       439         0        0.68750
   8.70888         1       418         0        0.67857
   8.71573        10       431         0        0.71726
   8.72257         9       450         0        0.69048
   8.72942        12       435         0        0.70536
   8.73627         4       401         0        0.66964
   8.74312         0       419         0        0.66071
   8.74997         0       442         0        0.68452
   8.75682         5       425         0        0.69940
   8.76367         3       422         0        0.69643
   8.77052        10       421         0        0.69048
   8.77737         9       400         0        0.67262
   8.78422        12       418         0        0.69940
   8.79107         0       435         0        0.69940
   8.79792         0       380         0        0.66964
   8.80476         4       425         0        0.71131
   8.81161         0       434         0        0.66071
   8.81846         1       417         0        0.65774
   8.82531         1       430         0        0.70536
   8.83216         0       463         0        0.70536
   8.83901         0       462         0        0.73810
   8.84586         0       412         0        0.69345
   8.85271         0       434         0        0.72321
   8.85956         0       415         0        0.73810
   8.86641         0       419         0        0.67262
   8.87326         5       454         0        0.75595
   8.88011         0       469         0        0.72024
   8.88696         1       431         0        0.72024
   8.89380        10       435         0        0.72024
   8.90065         2       406         0        0.72321
   8.90750         0       476         0        0.70833
   8.91435         1       426         0        0.70536
   8.92120         0       388         0        0.67560
   8.92805         0       432         0        0.69345
   8.93490         0       430         0        0.67857
   8.94175         2       434         0        0.71131
   8.94860         0       426         0        0.65179
   8.95545        15       387         0        0.63690
   8.96230         0       409         0        0.63690
   8.96915         0       417         0        0.67262
   8.97599         0       432         0        0.67560
   8.98284         0       424         0        0.66369
   8.98969         0       400         0        0.66369
   8.99654         0       459         0        0.68750
   9.00339         1       395         0        0.69048
   9.01024        11       414         0        0.71726
   9.01709         0       442         0        0.70536
   9.02394         9       406         0        0.68155
   9.03079         6       425         0        0.66369
   9.03764         0       400         0        0.69940
   9.04449         1       402         0        0.68155
   9.05134         1       447         0        0.70833
   9.05819         0       419         0        0.71131
   9.06503         2       400         0        0.67560
   9.07188         0       421         0        0.66964
   9.07873         0       438         0        0.69345
   9.08433         2       398         0        0.69048
   9.09118         1       397         0        0.63988
   9.09803         4       423         0        0.67262
   9.10488         4       411         0        0.72321
   9.11173         0       432         0        0.72024
   9.11858         0       420         0        0.68750
   9.12543         0       410         0        0.73810
   9.13228         4       453         0        0.73214
   9.13912         0       411         0        0.70536
   9.14597         0       433         0        0.69643
   9.15282         0       415         0        0.68750
   9.15967         8       467         0        0.72619
   9.16652         1       422         0        0.71726
   9.17337         6       412         0        0.68452
   9.18022         0       399         0        0.71131
   9.18707         0       421         0        0.64583
   9.19392         0       408         0        0.70536
   9.20077         1       490         0        0.72024
   9.20762         2       391         0        0.68750
   9.21447         2       364         0        0.65476
   9.22131         4       412         0        0.67857
   9.22816         0       440         0        0.71131
   9.23501        10       433         0        0.71726
   9.24186         3       427         0        0.72619
   9.24871         1       494         0        0.72619
   9.25556         1       399         0        0.67857
   9.26241         2       401         0        0.67560
   9.26926        10       462         0        0.72321
   9.27611         9       419         0        0.69345
   9.28296         1       472         0        0.71131
   9.28981         5       424         0        0.72321
   9.29666         0       397         0        0.65179
   9.30351        13       443         0        0.72024
   9.31035         2       424         0        0.69643
   9.31720         4       418         0        0.69048
   9.32405         0       438         0        0.68155
   9.33090         6       419         0        0.66071
   9.33775         6       440         0        0.68155
   9.34460         2       418         0        0.67560
   9.35145         2       395         0        0.62500
   9.35830         0       390         0        0.64583
   9.36515         2       373         0        0.64286
   9.37200         0       439         0        0.69940
   9.37885         9       444         0        0.69345
   9.38570         5       421         0        0.66369
   9.39254         5       403         0        0.71131
   9.39939         9       415         0        0.70238
   9.40624         6       455         0        0.71131
   9.41309         0       377         0        0.66369
   9.41994         0       427         0        0.64583
   9.42679         0       428         0        0.68452
   9.43364         9       381         0        0.68452
   9.44049         5       440         0        0.67857
   9.44734         5       431         0        0.68750
   9.45419        15       390         0        0.68155
   9.46018         1       423         0        0.70536
