#Res      C3C12L-0025
   2.000       3.2136
   3.000       1.2096
   4.000       0.8349
   5.000       0.6188
   6.000       0.6265
   7.000       0.5855
   8.000       0.7036
   9.000       0.6270
  10.000       0.6777
  11.000       0.8038
  12.000       0.8296
  13.000       0.7605
  14.000       0.8482
  15.000       1.0960
  18.000       1.3265
  19.000       0.7751
  20.000       0.6152
  21.000       0.4954
  22.000       0.4691
  23.000       0.4643
  24.000       0.5420
  25.000       0.4708
  26.000       0.4955
  27.000       0.6015
  28.000       0.6044
  29.000       0.5758
  30.000       0.6901
  31.000       0.9046
  34.000       1.1863
  35.000       0.9340
  36.000       0.6822
  37.000       0.4544
  38.000       0.4057
  39.000       0.4052
  40.000       0.4634
  41.000       0.4446
  42.000       0.4038
  43.000       0.4572
  44.000       0.4644
  45.000       0.4710
  46.000       0.5462
  47.000       0.6681
  50.000       1.2238
  51.000       0.9028
  52.000       0.6210
  53.000       0.5211
  54.000       0.4344
  55.000       0.3934
  56.000       0.4081
  57.000       0.3865
  58.000       0.4045
  59.000       0.4450
  60.000       0.4293
  61.000       0.4224
  62.000       0.4832
  63.000       0.6266
  66.000       2.0246
  67.000       1.0313
  68.000       0.6826
  69.000       0.5957
  70.000       0.4651
  71.000       0.3781
  72.000       0.3570
  73.000       0.3497
  74.000       0.3877
  75.000       0.4587
  76.000       0.4273
  77.000       0.4027
  78.000       0.4513
  79.000       0.6664
  82.000       1.6387
  83.000       0.7852
  84.000       0.6648
  85.000       0.5293
  86.000       0.4386
  87.000       0.3604
  88.000       0.3598
  89.000       0.3795
  90.000       0.4082
  91.000       0.4187
  92.000       0.4066
  93.000       0.3930
  94.000       0.4579
  95.000       0.7030
  98.000       1.1339
  99.000       0.7179
 100.000       0.6394
 101.000       0.5028
 102.000       0.4288
 103.000       0.3561
 104.000       0.3542
 105.000       0.3730
 106.000       0.4158
 107.000       0.4442
 108.000       0.4212
 109.000       0.4037
 110.000       0.4624
 111.000       0.8601
 114.000       1.1218
 115.000       0.7005
 116.000       0.6400
 117.000       0.5058
 118.000       0.4300
 119.000       0.3636
 120.000       0.3707
 121.000       0.4055
 122.000       0.4302
 123.000       0.4298
 124.000       0.4096
 125.000       0.3914
 126.000       0.4491
 127.000       0.6439
 130.000       1.0458
 131.000       0.7069
 132.000       0.6214
 133.000       0.5088
 134.000       0.4440
 135.000       0.3734
 136.000       0.3737
 137.000       0.4001
 138.000       0.4270
 139.000       0.4215
 140.000       0.4167
 141.000       0.4123
 142.000       0.4724
 143.000       0.6419
 146.000       1.9041
 147.000       1.0649
 148.000       0.7951
 149.000       0.5685
 150.000       0.4890
 151.000       0.4118
 152.000       0.3831
 153.000       0.3943
 154.000       0.4408
 155.000       0.4383
 156.000       0.4427
 157.000       0.4563
 158.000       0.5622
 159.000       0.7934
 162.000       1.7277
 163.000       1.1052
 164.000       0.9399
 165.000       0.7024
 166.000       0.5538
 167.000       0.4545
 168.000       0.4436
 169.000       0.4284
 170.000       0.4686
 171.000       0.5106
 172.000       0.5241
 173.000       0.6020
 174.000       0.7594
 175.000       1.2109
 178.000       1.7381
 179.000       1.6419
 180.000       1.5062
 181.000       0.9556
 182.000       0.7822
 183.000       0.6246
 184.000       0.5325
 185.000       0.5340
 186.000       0.5997
 187.000       0.6852
 188.000       0.7485
 189.000       0.9305
 190.000       1.2654
 191.000       2.0629
 194.000       2.3379
 195.000       1.4380
 196.000       1.1056
 197.000       0.9124
 198.000       0.8330
 199.000       0.8654
 200.000       0.8646
 201.000       0.9960
 202.000       0.9865
 203.000       0.7301
 204.000       0.8197
 205.000       0.8381
 206.000       0.9487
 207.000       1.1105
 210.000       0.8987
 211.000       0.7086
 212.000       0.8698
 213.000       0.9544
 214.000       0.8362
 215.000       0.7575
 216.000       0.5101
 217.000       0.5447
 218.000       0.5976
 219.000       0.5375
 220.000       0.5339
 221.000       0.5731
 222.000       0.8159
 223.000       1.1547
 226.000       0.6259
 227.000       0.5417
 228.000       0.5824
 229.000       0.5925
 230.000       0.5636
 231.000       0.5251
 232.000       0.4612
 233.000       0.4109
 234.000       0.4498
 235.000       0.4612
 236.000       0.4571
 237.000       0.5326
 238.000       1.0428
 239.000       1.7273
 242.000       0.5941
 243.000       0.4640
 244.000       0.4614
 245.000       0.5153
 246.000       0.4672
 247.000       0.4475
 248.000       0.4061
 249.000       0.3714
 250.000       0.4038
 251.000       0.4125
 252.000       0.4416
 253.000       0.5817
 254.000       1.1822
 255.000       2.3706
 258.000       0.5770
 259.000       0.4175
 260.000       0.4179
 261.000       0.3925
 262.000       0.4010
 263.000       0.4016
 264.000       0.3894
 265.000       0.3642
 266.000       0.3891
 267.000       0.4430
 268.000       0.4852
 269.000       0.6058
 270.000       0.9177
 271.000       1.6323
 274.000       0.6159
 275.000       0.4196
 276.000       0.4100
 277.000       0.3814
 278.000       0.3757
 279.000       0.4026
 280.000       0.4070
 281.000       0.3720
 282.000       0.4021
 283.000       0.4452
 284.000       0.5057
 285.000       0.5805
 286.000       0.7778
 287.000       1.1063
 290.000       0.5796
 291.000       0.4104
 292.000       0.4002
 293.000       0.3936
 294.000       0.3798
 295.000       0.4128
 296.000       0.4100
 297.000       0.3599
 298.000       0.3841
 299.000       0.4445
 300.000       0.5253
 301.000       0.7054
 302.000       1.0987
 303.000       1.9173
 306.000       0.6175
 307.000       0.4131
 308.000       0.4070
 309.000       0.4066
 310.000       0.4349
 311.000       0.4648
 312.000       0.4086
 313.000       0.3554
 314.000       0.3773
 315.000       0.4640
 316.000       0.6678
 317.000       1.1469
 318.000       1.7440
 319.000       3.1374
 322.000       0.5905
 323.000       0.4249
 324.000       0.4114
 325.000       0.3893
 326.000       0.4037
 327.000       0.4208
 328.000       0.4064
 329.000       0.3745
 330.000       0.4201
 331.000       0.5324
 332.000       0.6909
 333.000       0.7992
 334.000       1.0236
 335.000       1.4218
 338.000       0.6421
 339.000       0.4742
 340.000       0.4416
 341.000       0.4004
 342.000       0.4076
 343.000       0.4154
 344.000       0.4082
 345.000       0.3863
 346.000       0.4258
 347.000       0.4914
 348.000       0.5640
 349.000       0.7132
 350.000       1.0399
 351.000       1.4712
 354.000       0.7795
 355.000       0.6110
 356.000       0.5299
 357.000       0.4750
 358.000       0.4667
 359.000       0.4425
 360.000       0.4544
 361.000       0.4354
 362.000       0.4766
 363.000       0.4880
 364.000       0.5774
 365.000       0.7744
 366.000       1.1099
 367.000       2.0834
 370.000       1.5835
 371.000       1.0048
 372.000       0.8685
 373.000       0.6954
 374.000       0.6510
 375.000       0.5412
 376.000       0.5162
 377.000       0.4611
 378.000       0.5128
 379.000       0.5855
 380.000       0.7599
 381.000       1.2576
 382.000       1.6965
 383.000       2.9135
