0.00585879      0.00000000      0          0         
0.01202209      0.00000000      0          0         
0.01202972      0.00000000      0          0         
0.01827566      0.00000000      0          0         
0.01855922      0.00000000      0          0         
0.02490499      0.00000000      0          0         
0.02553430      0.00000000      0          0         
0.03200398      0.00000000      0          0         
0.03307108      0.00000000      0          0         
0.03959933      0.00000000      0          0         
0.04476535      0.00000000      0          0         
0.05135889      0.00000000      0          0         
0.05691918      0.00000000      0          0         
0.06358595      0.00000000      0          0         
0.07025272      0.00000000      0          0         
0.07377306      0.00000000      0          0         
0.08052277      0.00000000      0          0         
0.08727267      0.00595238      0          4         
0.09402239      0.00000000      0          0         
0.09575592      0.01785714      0          12        
0.10260517      0.01785714      0          0         
0.10945442      0.02380952      0          4         
0.11630346      0.05952381      16         4         
0.12315271      0.01785714      6          0         
0.13000196      0.04166667      10         8         
0.13685121      0.00000000      0          0         
0.14370025      0.06845238      9          18        
0.15054950      0.00595238      0          4         
0.15739875      0.02678571      5          6         
0.16424800      0.00595238      0          4         
0.17109704      0.00000000      0          0         
0.17794629      0.03571429      0          18        
0.18479554      0.03869048      7          12        
0.19164478      0.01190476      0          0         
0.19849403      0.05059524      7          8         
0.20534308      0.02380952      0          10        
0.21219232      0.05654762      9          2         
0.21904157      0.03571429      10         4         
0.22589082      0.09523810      41         4         
0.23273986      0.14583333      58         2         
0.23958911      0.11011905      42         0         
0.24643836      0.06547619      21         10        
0.25328761      0.07142857      27         6         
0.26013665      0.12202381      45         6         
0.26698590      0.13690476      42         14        
0.27383515      0.13392857      44         14        
0.28068440      0.10416667      44         2         
0.28753364      0.08333333      30         12        
0.29438269      0.08630952      34         4         
0.30123194      0.05952381      14         12        
0.30808118      0.01190476      0          8         
0.31493043      0.04761905      13         6         
0.32177948      0.02380952      0          0         
0.32862872      0.01190476      0          4         
0.33547797      0.02380952      0          14        
0.34232722      0.01190476      0          8         
0.34917626      0.02380952      0          4         
0.35602551      0.00000000      0          0         
0.36287476      0.01190476      0          8         
0.36972401      0.03869048      5          0         
0.37657305      0.01190476      0          4         
0.38342230      0.02678571      7          4         
0.39027155      0.05059524      9          16        
0.39712080      0.00595238      0          4         
0.40397004      0.02083333      5          2         
0.41081909      0.07440476      21         4         
0.41766834      0.02976190      0          12        
0.42451758      0.01785714      0          12        
0.43136683      0.00595238      0          4         
0.43821588      0.01785714      0          10        
0.44506512      0.01190476      0          8         
0.45191437      0.08928571      18         12        
0.45876362      0.04464286      9          8         
0.46422208      0.01190476      0          8         
0.47107132      0.01190476      0          6         
0.47792057      0.02678571      9          0         
0.48476961      0.00000000      0          0         
0.49161886      0.00595238      0          4         
0.49846811      0.08928571      30         18        
0.50531736      0.07440476      24         18        
0.51216640      0.00595238      0          2         
0.51901565      0.04166667      14         0         
0.52586490      0.05654762      12         0         
0.53271415      0.03571429      10         2         
0.53956319      0.08928571      20         12        
0.54641244      0.05357143      13         8         
0.55326169      0.07440476      21         14        
0.56011094      0.08928571      14         15        
0.56696018      0.13392857      32         18        
0.57380923      0.09523810      33         12        
0.58065847      0.09821429      27         25        
0.58750772      0.14583333      42         30        
0.59435697      0.10714286      45         2         
0.60120601      0.13095238      38         31        
0.60805526      0.11309524      22         41        
0.61490451      0.08630952      22         22        
0.62175376      0.05357143      12         9         
0.62860280      0.07142857      21         11        
0.63545205      0.11607143      35         16        
0.64230130      0.09821429      27         18        
0.64915055      0.16071429      45         28        
0.65599980      0.16666667      60         18        
0.66284884      0.18154762      78         14        
0.66969809      0.19940476      79         18        
0.67654733      0.19047619      65         30        
0.68339658      0.20535714      68         28        
0.69024563      0.24107143      93         34        
0.69709487      0.18452381      78         22        
0.70394412      0.20238095      71         30        
0.71079337      0.17559524      64         24        
0.71764241      0.13988095      48         22        
0.72449166      0.22619048      67         40        
0.73134091      0.18750000      75         16        
0.73819016      0.22916667      87         29        
0.74503920      0.21428571      76         32        
0.75188845      0.24107143      96         17        
0.75873770      0.22023810      96         12        
0.76558695      0.23511905      102        22        
0.77243619      0.27380952      118        20        
0.77928524      0.26785714      119        13        
0.78613449      0.29464286      119        37        
0.79298373      0.30952381      132        51        
0.79983298      0.24107143      106        16        
0.80668203      0.26785714      118        12        
0.81353127      0.29761905      143        14        
0.82038052      0.25000000      95         26        
0.82722977      0.26190476      113        22        
0.83275523      0.24702381      106        12        
0.83960448      0.19940476      75         22        
0.84645373      0.21428571      72         28        
0.85330277      0.22619048      97         10        
0.86015202      0.26488095      101        29        
0.86700127      0.24404762      99         6         
0.87385052      0.23214286      89         12        
0.88069956      0.22619048      93         13        
0.88754881      0.25297619      96         17        
0.89439806      0.25000000      88         24        
0.90124731      0.24107143      93         27        
0.90809635      0.25892857      108        12        
0.91494560      0.27976190      101        27        
0.92179485      0.29464286      108        34        
0.92864409      0.27976190      105        46        
0.93549334      0.25000000      102        14        
0.94234239      0.30654762      125        25        
0.94919163      0.30059524      121        30        
0.95604088      0.29761905      143        18        
0.96289013      0.22619048      106        14        
0.96973917      0.25000000      100        28        
0.97658842      0.22916667      96         12        
0.98343767      0.27083333      120        22        
0.99028692      0.26190476      119        20        
0.99713596      0.30654762      122        38        
1.00398521      0.29464286      127        27        
1.01083446      0.33035714      153        14        
1.01768371      0.32440476      151        22        
1.02453295      0.27678571      103        28        
1.03138200      0.29166667      126        18        
1.03823125      0.25000000      116        14        
1.04508049      0.31250000      161        8         
1.05192974      0.31547619      138        22        
1.05877879      0.30952381      130        23        
1.06562803      0.27083333      122        14        
1.07247728      0.29166667      132        14        
1.07932653      0.24404762      103        8         
1.08617557      0.30059524      150        8         
1.09302482      0.31250000      140        16        
1.09987407      0.27083333      119        20        
1.10672332      0.30357143      153        16        
1.11357236      0.35714286      177        10        
1.12042161      0.39583333      198        10        
1.12727086      0.34226190      168        16        
1.13412011      0.37797619      196        10        
1.14096935      0.37202381      193        12        
1.14781840      0.36309524      188        6         
1.15466765      0.40773810      212        13        
1.16151689      0.39285714      201        6         
1.16836614      0.35416667      196        12        
1.17521518      0.37202381      184        19        
1.18206443      0.33035714      175        6         
1.18891368      0.39880952      181        14        
1.19576293      0.44940476      221        14        
1.20182631      0.35714286      171        19        
1.20867556      0.43154762      190        43        
1.21552481      0.38690476      164        31        
1.22237385      0.36904762      168        24        
1.22922310      0.40773810      179        19        
1.23607235      0.33035714      150        21        
1.24292159      0.37797619      167        14        
1.24977064      0.37500000      175        16        
1.25661988      0.36309524      174        2         
1.26346913      0.41369048      220        6         
1.27031838      0.38095238      195        4         
1.27716742      0.35714286      176        8         
1.28401667      0.40178571      203        6         
1.29086592      0.39285714      188        13        
1.29771517      0.40773810      202        7         
1.30456442      0.35119048      170        4         
1.31141346      0.35416667      164        12        
1.31826271      0.32738095      154        7         
1.32511196      0.34821429      163        9         
1.33196121      0.33928571      180        10        
1.33881025      0.31547619      149        7         
1.34565950      0.37797619      171        15        
1.35250874      0.33333333      148        21        
1.35935799      0.38095238      164        15        
1.36620704      0.33928571      144        14        
1.37305628      0.27083333      130        6         
1.37990553      0.30952381      135        20        
1.38675478      0.31547619      145        7         
1.39360403      0.30654762      142        14        
1.40045307      0.31547619      145        8         
1.40730232      0.31250000      143        4         
1.41415157      0.32440476      151        8         
1.42100082      0.22619048      113        0         
1.42784986      0.33630952      155        5         
1.43469911      0.37500000      176        4         
1.44154836      0.32440476      169        12        
1.44839760      0.35119048      163        4         
1.45524665      0.35416667      174        8         
1.46209590      0.36309524      165        20        
1.46894514      0.37500000      184        4         
1.47579439      0.28273810      134        6         
1.48264344      0.32142857      158        6         
1.48949268      0.27083333      116        12        
1.49634193      0.32440476      144        12        
1.50319118      0.38988095      175        20        
1.51004043      0.38095238      182        14        
1.51688947      0.44345238      194        19        
1.52373872      0.41964286      206        14        
1.53058797      0.44940476      211        22        
1.53743722      0.42261905      207        22        
1.54428626      0.42559524      186        28        
1.55113551      0.43452381      185        28        
1.55798476      0.33630952      158        12        
1.56483400      0.33333333      139        22        
1.57060722      0.34523810      154        22        
1.57745647      0.39285714      174        28        
1.58430571      0.36011905      158        16        
1.59115476      0.39583333      172        20        
1.59800400      0.45833333      178        42        
1.60485325      0.50892857      222        32        
1.61170250      0.42559524      185        34        
1.61855154      0.41666667      171        38        
1.62540079      0.37500000      173        22        
1.63225004      0.42857143      195        31        
1.63909929      0.42261905      183        19        
1.64594833      0.50595238      242        23        
1.65279758      0.44047619      221        16        
1.65964683      0.46428571      213        30        
1.66649608      0.43452381      215        12        
1.67334533      0.47023810      235        16        
1.68019437      0.49702381      234        12        
1.68704362      0.48809524      230        18        
1.69389286      0.47619048      225        20        
1.70074211      0.50297619      243        14        
1.70759116      0.43452381      218        10        
1.71444040      0.45535714      216        22        
1.72128965      0.46726190      219        26        
1.72813890      0.44940476      217        14        
1.73498794      0.44642857      215        26        
1.74183719      0.44345238      198        26        
1.74868644      0.45238095      206        35        
1.75553569      0.45833333      216        32        
1.76238494      0.51785714      254        24        
1.76923398      0.48511905      239        20        
1.77608323      0.47619048      222        24        
1.78293248      0.46726190      219        32        
1.78978172      0.49404762      236        16        
1.79663077      0.52380952      238        20        
1.80348002      0.53869048      260        27        
1.81032926      0.47619048      230        22        
1.81717851      0.47619048      231        33        
1.82402756      0.54166667      262        28        
1.83087680      0.48214286      230        28        
1.83772605      0.52678571      246        26        
1.84457530      0.50297619      252        10        
1.85142434      0.48809524      238        22        
1.85827359      0.50000000      242        16        
1.86512284      0.42559524      222        8         
1.87197209      0.48214286      242        10        
1.87882134      0.47023810      227        21        
1.88567038      0.43452381      214        14        
1.89251963      0.42559524      204        14        
1.89936888      0.44642857      226        10        
1.90621812      0.43750000      223        10        
1.91306717      0.41071429      206        12        
1.91991642      0.49404762      228        26        
1.92676566      0.46428571      215        14        
1.93361491      0.47321429      236        16        
1.94017317      0.45535714      231        10        
1.94702242      0.46428571      225        19        
1.95387167      0.44047619      214        12        
1.96072071      0.47023810      234        14        
1.96756996      0.41666667      202        18        
1.97441921      0.44345238      208        28        
1.98126846      0.44345238      212        26        
1.98811750      0.43750000      204        37        
1.99496675      0.43452381      206        38        
2.00181600      0.43750000      206        28        
2.00866525      0.44047619      200        39        
2.01551429      0.41666667      199        40        
2.02236354      0.45535714      221        33        
2.02921279      0.43750000      196        44        
2.03606203      0.38690476      182        34        
2.04291128      0.42261905      200        30        
2.04976032      0.37500000      185        17        
2.05660957      0.38988095      179        32        
2.06345882      0.40178571      184        39        
2.07030807      0.45833333      195        68        
2.07715711      0.41964286      183        39        
2.08400636      0.40178571      191        24        
2.09085561      0.38690476      174        40        
2.09770486      0.40178571      188        33        
2.10455390      0.43452381      195        42        
2.11140315      0.43154762      191        42        
2.11825240      0.41666667      189        33        
2.12510165      0.43750000      199        39        
2.13195089      0.41666667      194        36        
2.13879994      0.41369048      192        36        
2.14564918      0.43154762      190        38        
2.15249843      0.45238095      197        49        
2.15934768      0.39880952      185        30        
2.16619672      0.44047619      211        32        
2.17304597      0.42857143      199        28        
2.17989522      0.42857143      195        33        
2.18674447      0.38095238      178        28        
2.19359351      0.40476190      190        32        
2.20044276      0.43154762      198        36        
2.20729201      0.43750000      185        43        
2.21414126      0.42559524      193        46        
2.22099030      0.44345238      197        50        
2.22783955      0.42559524      197        40        
2.23468880      0.44047619      209        30        
2.24153804      0.43750000      224        25        
2.24838729      0.42261905      204        17        
2.25523634      0.41071429      198        33        
2.26208558      0.44642857      212        33        
2.26893483      0.43154762      206        32        
2.27578408      0.41666667      207        28        
2.28263312      0.44345238      216        30        
2.28948237      0.41666667      196        24        
2.29633162      0.40476190      191        17        
2.30318087      0.41369048      199        25        
2.31002991      0.44047619      202        33        
2.31051824      0.41369048      198        29        
2.31736748      0.41666667      200        31        
2.32421673      0.47321429      218        42        
2.33106578      0.39583333      192        20        
2.33791502      0.41964286      210        16        
2.34476427      0.36904762      178        22        
2.35161352      0.46428571      207        28        
2.35846256      0.48809524      233        22        
2.36531181      0.47023810      219        26        
2.37216106      0.46130952      221        22        
2.37901031      0.43154762      204        28        
2.38585935      0.50297619      236        31        
2.39270860      0.47619048      231        22        
2.39955785      0.47321429      231        27        
2.40640710      0.48809524      234        35        
2.41325634      0.49702381      231        37        
2.42010539      0.48511905      238        27        
2.42695464      0.51488095      251        29        
2.43380388      0.49702381      242        29        
2.44065313      0.55654762      278        27        
2.44750218      0.52678571      266        22        
2.45435142      0.51785714      257        23        
2.46120067      0.50892857      262        21        
2.46804992      0.49107143      250        25        
2.47489896      0.54761905      274        41        
2.48174821      0.52083333      250        52        
2.48859746      0.52083333      262        38        
2.49544671      0.56845238      279        26        
2.50229596      0.54464286      270        29        
2.50914500      0.55952381      277        33        
2.51599425      0.54166667      266        32        
2.52284350      0.52976190      262        25        
2.52969274      0.55952381      271        26        
2.53654179      0.57738095      287        33        
2.54339104      0.56250000      278        27        
2.55024028      0.54464286      298        28        
2.55708953      0.56547619      278        29        
2.56393857      0.52678571      261        28        
2.57078782      0.52678571      268        24        
2.57763707      0.53273810      271        24        
2.58448632      0.53273810      268        25        
2.59133536      0.57440476      296        27        
2.59818461      0.53273810      273        21        
2.60503386      0.58035714      285        44        
2.61188311      0.54761905      285        27        
2.61873236      0.59226190      294        36        
2.62558140      0.60416667      304        27        
2.63243065      0.56547619      282        27        
2.63927989      0.54761905      278        28        
2.64612914      0.56250000      275        43        
2.65297819      0.55357143      280        36        
2.65982743      0.54464286      267        41        
2.66667668      0.54464286      268        45        
2.67352593      0.55059524      279        34        
2.68037497      0.55952381      275        37        
2.68164999      0.54761905      274        36        
2.68849923      0.59523810      298        44        
2.69534848      0.56547619      278        47        
2.70219753      0.55357143      277        42        
2.70904677      0.54761905      271        40        
2.71589602      0.50595238      258        26        
2.72274527      0.53273810      267        29        
2.72959431      0.54464286      278        22        
2.73644356      0.56547619      281        33        
2.74329281      0.55654762      290        26        
2.75014206      0.54761905      278        21        
2.75699110      0.54464286      282        22        
2.76384035      0.58035714      300        18        
2.77068960      0.58035714      303        32        
2.77753885      0.52380952      284        14        
2.78438809      0.56547619      300        14        
2.79123714      0.58035714      310        16        
2.79808639      0.54166667      292        18        
2.80493563      0.53273810      290        22        
2.81178488      0.59226190      301        29        
2.81863393      0.56845238      295        18        
2.82548317      0.52380952      284        20        
2.83233242      0.58035714      290        24        
2.83918167      0.57738095      290        26        
2.84603071      0.60416667      324        22        
2.85287996      0.55059524      294        16        
2.85972921      0.62202381      317        22        
2.86657846      0.59523810      305        32        
2.87342771      0.62202381      302        45        
2.88027675      0.59523810      305        34        
2.88712600      0.58928571      291        50        
2.89397525      0.58035714      297        30        
2.90082449      0.55059524      291        20        
2.90767354      0.60416667      305        42        
2.91452279      0.61011905      319        24        
2.92137203      0.62202381      314        27        
2.92822128      0.58630952      304        28        
2.93507033      0.62500000      312        32        
2.94191957      0.61904762      319        26        
2.94876882      0.58035714      315        16        
2.95561807      0.59226190      320        18        
2.96246711      0.58333333      311        24        
2.96931636      0.60119048      322        24        
2.97616561      0.56845238      293        28        
2.98301486      0.56250000      301        40        
2.98986411      0.55357143      304        10        
2.99671315      0.55357143      304        12        
3.00356240      0.55059524      298        14        
3.01041165      0.58333333      305        22        
3.01726089      0.61904762      326        19        
3.02410994      0.61607143      349        16        
3.03095919      0.64880952      344        17        
3.03780843      0.58928571      318        14        
3.04465768      0.56845238      315        10        
3.05150672      0.61607143      341        10        
3.05279752      0.60119048      324        14        
3.05964676      0.59821429      328        6         
3.06649601      0.57440476      329        14        
3.07334506      0.58928571      324        16        
3.08019430      0.60714286      348        14        
3.08704355      0.54761905      313        4         
3.09389280      0.62500000      343        14        
3.10074184      0.59523810      327        8         
3.10759109      0.63095238      352        18        
3.11444034      0.56250000      309        14        
3.12128959      0.55059524      305        6         
3.12813863      0.59226190      339        6         
3.13498788      0.52083333      303        6         
3.14183713      0.55952381      327        10        
3.14868638      0.58630952      323        12        
3.15553562      0.53571429      306        4         
3.16238467      0.55952381      324        8         
3.16923392      0.59226190      337        8         
3.17608316      0.56845238      322        4         
3.18293241      0.59226190      329        18        
3.18978146      0.58035714      341        6         
3.19663070      0.55952381      319        6         
3.20347995      0.59523810      339        8         
3.21032920      0.62797619      351        14        
3.21717824      0.59821429      335        12        
3.22402749      0.60714286      337        14        
3.23087674      0.60714286      355        16        
3.23772599      0.59821429      344        6         
3.24457524      0.58630952      324        22        
3.25142428      0.63392857      349        21        
3.25827353      0.64583333      361        12        
3.26512278      0.58035714      328        14        
3.27197202      0.62202381      347        12        
3.27882107      0.63988095      340        15        
3.28567032      0.65178571      371        10        
3.29251956      0.62500000      359        4         
3.29936881      0.58333333      344        6         
3.30621785      0.58630952      341        4         
3.31306710      0.60714286      352        6         
3.31991635      0.58630952      336        4         
3.32676560      0.61904762      346        2         
3.33361464      0.58333333      338        4         
3.34046389      0.59226190      341        0         
3.34731314      0.58035714      353        0         
3.35416239      0.63392857      394        4         
3.36101164      0.58928571      349        0         
3.36786068      0.60714286      368        0         
3.37470993      0.61607143      374        0         
3.38155918      0.61607143      375        8         
3.38840842      0.62797619      377        0         
3.39525747      0.58630952      333        4         
3.40210671      0.60119048      342        18        
3.40895596      0.61011905      356        8         
3.41580521      0.56547619      316        6         
3.42265425      0.58928571      341        6         
3.42414218      0.61011905      344        8         
3.43099143      0.65178571      348        22        
3.43784068      0.61607143      340        10        
3.44468972      0.59523810      341        6         
3.45153897      0.58630952      331        6         
3.45838822      0.62797619      356        6         
3.46523746      0.59821429      341        6         
3.47208651      0.60119048      342        6         
3.47893575      0.63988095      364        4         
3.48578500      0.66071429      366        10        
3.49263425      0.65178571      369        8         
3.49948329      0.63988095      363        8         
3.50633254      0.59821429      347        6         
3.51318179      0.64285714      355        9         
3.52003104      0.59821429      345        4         
3.52688029      0.61904762      354        6         
3.53372933      0.65773810      381        16        
3.54057858      0.63392857      363        6         
3.54742783      0.66071429      379        6         
3.55427707      0.65178571      360        12        
3.56112612      0.63690476      360        8         
3.56797537      0.65178571      366        8         
3.57482461      0.64583333      373        14        
3.58167386      0.61309524      367        10        
3.58852291      0.61309524      336        12        
3.59537215      0.62500000      344        12        
3.60222140      0.63988095      355        18        
3.60907065      0.62202381      353        8         
3.61591990      0.65178571      368        14        
3.62276894      0.60416667      333        16        
3.62961819      0.64285714      369        8         
3.63646744      0.66071429      368        6         
3.64331669      0.60714286      341        12        
3.65016573      0.61011905      336        14        
3.65701498      0.58035714      321        8         
3.66386423      0.61011905      338        12        
3.67071347      0.61011905      338        16        
3.67756252      0.63988095      354        20        
3.68441177      0.63988095      375        12        
3.69126101      0.62202381      348        10        
3.69811026      0.62500000      352        14        
3.70495931      0.63988095      353        14        
3.71180855      0.62202381      340        14        
3.71865780      0.65178571      365        12        
3.72550705      0.63095238      350        22        
3.73235630      0.60714286      324        30        
3.73920534      0.64880952      351        34        
3.74605459      0.66369048      357        32        
3.75290384      0.62202381      340        16        
3.75975309      0.64880952      355        24        
3.76660213      0.59523810      344        10        
3.77345138      0.63095238      356        12        
3.78030063      0.63095238      340        16        
3.78714987      0.58630952      322        12        
3.79399892      0.60714286      346        8         
3.79615427      0.61309524      335        12        
3.80300351      0.63392857      341        16        
3.80985276      0.60416667      335        12        
3.81670181      0.62202381      342        16        
3.82355105      0.59523810      346        16        
3.83040030      0.62202381      345        13        
3.83724955      0.61904762      342        18        
3.84409859      0.62202381      348        18        
3.85094784      0.62797619      340        25        
3.85779709      0.66964286      355        35        
3.86464634      0.65178571      351        26        
3.87149538      0.64583333      351        20        
3.87834463      0.66964286      355        34        
3.88519388      0.66071429      363        20        
3.89204313      0.64583333      367        12        
3.89889237      0.67261905      388        18        
3.90574142      0.69642857      381        22        
3.91259067      0.66369048      365        22        
3.91943991      0.67857143      368        20        
3.92628916      0.72023810      386        43        
3.93313821      0.70238095      391        25        
3.93998745      0.67261905      380        18        
3.94683670      0.67857143      380        12        
3.95368595      0.66964286      355        12        
3.96053499      0.69642857      389        19        
3.96738424      0.69345238      394        10        
3.97423349      0.69940476      391        22        
3.98108274      0.70238095      386        18        
3.98793199      0.72321429      419        14        
3.99478103      0.69345238      397        12        
4.00163028      0.68154762      398        6         
4.00847953      0.70535714      422        12        
4.01532877      0.71130952      417        8         
4.02217782      0.72023810      415        4         
4.02902707      0.69047619      405        10        
4.03587631      0.72916667      430        8         
4.04272556      0.70833333      425        6         
4.04957460      0.70238095      397        6         
4.05642385      0.69642857      422        8         
4.06327310      0.71428571      414        6         
4.07012235      0.70238095      406        6         
4.07697139      0.71130952      412        8         
4.08382064      0.70238095      406        2         
4.09066989      0.72321429      428        6         
4.09751914      0.74702381      432        12        
4.10436839      0.74702381      429        11        
4.11121743      0.74107143      421        17        
4.11806668      0.75595238      411        27        
4.12491593      0.74107143      413        22        
4.13176517      0.76488095      449        13        
4.13861422      0.78273810      434        27        
4.14546346      0.76785714      427        24        
4.15231271      0.75892857      417        32        
4.15916196      0.73809524      397        34        
4.16601100      0.72916667      400        24        
4.16933665      0.75000000      416        18        
4.17618590      0.73214286      407        19        
4.18303515      0.70535714      396        15        
4.18988419      0.68452381      396        9         
4.19673344      0.72023810      405        14        
4.20358269      0.71428571      408        11        
4.21043194      0.71726190      413        19        
4.21728098      0.73809524      407        30        
4.22413023      0.72916667      400        34        
4.23097948      0.76190476      427        29        
4.23782872      0.72619048      402        29        
4.24467777      0.75297619      420        23        
4.25152702      0.75000000      415        22        
4.25837626      0.73809524      430        4         
4.26522551      0.72321429      409        18        
4.27207476      0.74404762      420        11        
4.27892380      0.77083333      434        21        
4.28577305      0.73214286      413        14        
4.29262230      0.72916667      419        14        
4.29947155      0.72321429      407        17        
4.30632059      0.76488095      426        20        
4.31316984      0.74107143      414        17        
4.32001909      0.74404762      412        20        
4.32686834      0.70833333      396        17        
4.33371738      0.76785714      427        20        
4.34056663      0.69345238      405        17        
4.34741588      0.71428571      404        11        
4.35426512      0.73809524      425        11        
4.36111437      0.73214286      421        8         
4.36796342      0.74404762      421        11        
4.37481266      0.72023810      414        14        
4.38166191      0.72023810      406        9         
4.38851116      0.76190476      419        28        
4.39536020      0.70833333      403        11        
4.40220945      0.70238095      402        11        
4.40905870      0.75000000      428        14        
4.41590795      0.76190476      426        11        
4.42275699      0.74107143      432        14        
4.42960624      0.74107143      437        12        
4.43645549      0.75297619      446        4         
4.44330474      0.74404762      424        10        
4.45015378      0.78869048      460        8         
4.45700303      0.80357143      467        8         
4.46385227      0.77976190      447        14        
4.47070152      0.80357143      463        8         
4.47755077      0.79166667      468        10        
4.48439981      0.80952381      460        10        
4.49124906      0.80952381      472        8         
4.49809831      0.80357143      462        10        
4.50494756      0.80654762      468        8         
4.51179660      0.82142857      466        16        
4.51864585      0.78869048      470        8         
4.52549510      0.77380952      443        8         
4.53234435      0.80357143      450        20        
4.53919339      0.77976190      451        8         
4.54321638      0.78571429      447        12        
4.55006563      0.76190476      428        6         
4.55691488      0.81250000      468        10        
4.56376392      0.81250000      465        16        
4.57061317      0.80059524      466        10        
4.57746242      0.80059524      460        14        
4.58431167      0.76785714      437        14        
4.59116071      0.79761905      449        16        
4.59800996      0.79761905      451        12        
4.60485920      0.79166667      448        18        
4.61170845      0.83035714      464        18        
4.61855750      0.83928571      468        22        
4.62540674      0.80357143      462        10        
4.63225599      0.83035714      474        10        
4.63910524      0.80654762      463        18        
4.64595449      0.77976190      447        12        
4.65280353      0.86607143      492        16        
4.65965278      0.82142857      475        10        
4.66650203      0.81845238      486        10        
4.67335128      0.82738095      476        12        
4.68020032      0.80357143      475        10        
4.68704957      0.74404762      435        8         
4.69389882      0.80357143      453        12        
4.70074806      0.84821429      482        12        
4.70759711      0.80357143      470        6         
4.71444636      0.82440476      471        6         
4.72129560      0.81547619      472        10        
4.72814485      0.78869048      456        10        
4.73499410      0.78869048      453        12        
4.74184314      0.82142857      492        12        
4.74869239      0.83928571      478        12        
4.75554164      0.81547619      477        8         
4.76239089      0.80952381      462        10        
4.76923993      0.80654762      454        10        
4.77608918      0.79761905      470        8         
4.78293843      0.80357143      479        8         
4.78978768      0.81250000      466        10        
4.79663672      0.77678571      457        4         
4.80348597      0.78273810      449        8         
4.81033522      0.79761905      454        9         
4.81718446      0.82142857      467        12        
4.82403351      0.76190476      438        6         
4.83088276      0.81547619      465        12        
4.83773200      0.80357143      457        10        
4.84458125      0.79166667      465        12        
4.85143050      0.80357143      457        12        
4.85827954      0.81845238      461        8         
4.86512879      0.81547619      465        10        
4.87197804      0.78869048      462        10        
4.87882729      0.79761905      454        14        
4.88567633      0.80357143      459        10        
4.89252558      0.81845238      467        10        
4.89937483      0.81250000      457        24        
4.90622408      0.80059524      464        8         
4.91307312      0.79166667      455        8         
4.91782685      0.83630952      491        8         
4.92467610      0.83333333      484        8         
4.93152535      0.81250000      465        12        
4.93837439      0.79464286      465        4         
4.94522364      0.81547619      468        12        
4.95207289      0.82142857      482        6         
4.95892214      0.78273810      461        6         
4.96577118      0.78273810      460        8         
4.97262043      0.80654762      466        10        
4.97946968      0.80654762      457        10        
4.98631893      0.78273810      450        10        
4.99316797      0.79761905      444        12        
5.00001722      0.79464286      467        8         
5.00686647      0.76190476      437        10        
5.01371571      0.83928571      483        10        
5.02056496      0.79761905      453        10        
5.02741401      0.82738095      476        8         
5.03426325      0.79761905      459        10        
5.04111250      0.79464286      462        10        
5.04796175      0.78273810      449        6         
5.05481079      0.80357143      467        10        
5.06166004      0.80952381      463        12        
5.06850929      0.84226190      482        10        
5.07535854      0.77678571      439        12        
5.08220758      0.82142857      477        10        
5.08905683      0.76785714      445        10        
5.09590608      0.77380952      451        8         
5.10275533      0.78571429      462        6         
5.10960457      0.77976190      455        6         
5.11645362      0.80654762      464        15        
5.12330287      0.78273810      451        12        
5.13015211      0.79761905      463        8         
5.13700136      0.83035714      476        12        
5.14385041      0.79761905      454        12        
5.15069965      0.79166667      458        10        
5.15754890      0.78273810      457        8         
5.16439815      0.80059524      461        12        
5.17124719      0.77380952      442        10        
5.17809644      0.80059524      455        12        
5.18494569      0.81250000      462        8         
5.19179494      0.83035714      468        10        
5.19864398      0.83333333      470        12        
5.20549323      0.84226190      465        35        
5.21234248      0.79464286      442        29        
5.21919173      0.77380952      432        27        
5.22604097      0.79166667      460        11        
5.23289002      0.79761905      467        9         
5.23973927      0.83333333      468        17        
5.24658851      0.78571429      457        11        
5.25343776      0.86011905      499        22        
5.26028680      0.79761905      447        15        
5.26713605      0.78273810      448        10        
5.27398530      0.80357143      450        16        
5.28083455      0.80952381      449        16        
5.28768359      0.82738095      470        14        
5.29241417      0.83035714      455        30        
5.29926342      0.83928571      464        29        
5.30611267      0.80654762      440        33        
5.31296171      0.80952381      445        18        
5.31981096      0.81547619      459        22        
5.32666021      0.79761905      441        26        
5.33350946      0.83928571      473        28        
5.34035850      0.82142857      460        22        
5.34720775      0.80952381      455        24        
5.35405700      0.79464286      443        24        
5.36090624      0.82142857      471        18        
5.36775529      0.84523810      458        18        
5.37460454      0.83928571      463        25        
5.38145378      0.84523810      466        22        
5.38830303      0.82142857      462        17        
5.39515228      0.88392857      487        26        
5.40200132      0.81547619      463        17        
5.40885057      0.83928571      466        26        
5.41569982      0.81845238      458        20        
5.42254907      0.86011905      465        26        
5.42939811      0.86011905      480        24        
5.43624736      0.84226190      472        13        
5.44309661      0.81250000      457        21        
5.44994586      0.82440476      456        28        
5.45679490      0.85119048      485        18        
5.46364415      0.83035714      462        23        
5.47049340      0.82738095      450        28        
5.47734264      0.81845238      446        21        
5.48419189      0.86904762      480        19        
5.49104094      0.85714286      474        43        
5.49789018      0.80059524      458        13        
5.50473943      0.83035714      463        23        
5.51158868      0.79464286      445        25        
5.51843772      0.77678571      439        17        
5.52528697      0.85714286      490        16        
5.53213622      0.85416667      483        23        
5.53898547      0.83928571      478        14        
5.54583451      0.84226190      470        23        
5.55268376      0.85416667      489        14        
5.55953301      0.85119048      488        17        
5.56638226      0.83333333      472        20        
5.57323130      0.84226190      480        17        
5.58008055      0.83333333      482        17        
5.58692980      0.84821429      478        20        
5.59377904      0.86309524      477        21        
5.60062829      0.88095238      490        26        
5.60747733      0.82142857      471        11        
5.61432658      0.84226190      484        17        
5.62117583      0.86904762      487        26        
5.62802508      0.85119048      494        14        
5.63487412      0.85119048      484        14        
5.64172337      0.86904762      504        19        
5.64857262      0.84226190      478        23        
5.65542187      0.85416667      484        22        
5.66227091      0.83333333      475        19        
5.66730887      0.86904762      495        20        
5.67415812      0.87202381      492        26        
5.68100737      0.86309524      494        20        
5.68785641      0.83035714      463        23        
5.69470566      0.80952381      470        17        
5.70155491      0.84226190      470        27        
5.70840415      0.86309524      482        23        
5.71525320      0.83630952      475        14        
5.72210245      0.85119048      477        20        
5.72895169      0.86904762      496        19        
5.73580094      0.84226190      484        17        
5.74264999      0.86904762      487        20        
5.74949923      0.86607143      518        10        
5.75634848      0.85714286      497        10        
5.76319773      0.84226190      491        8         
5.77004698      0.88988095      516        10        
5.77689602      0.86011905      498        10        
5.78374527      0.89880952      512        18        
5.79059452      0.85416667      497        12        
5.79744377      0.84523810      491        14        
5.80429281      0.86607143      492        18        
5.81114206      0.85119048      482        18        
5.81799131      0.86011905      506        12        
5.82484055      0.84821429      488        12        
5.83168960      0.85714286      501        10        
5.83853885      0.83035714      476        12        
5.84538809      0.85714286      497        8         
5.85223734      0.88690476      500        10        
5.85908659      0.86904762      523        6         
5.86593563      0.86607143      498        12        
5.87278488      0.87202381      503        10        
5.87963413      0.87500000      508        6         
5.88648338      0.86904762      509        6         
5.89333242      0.84821429      487        10        
5.90018167      0.87202381      497        14        
5.90703092      0.89583333      519        10        
5.91388017      0.88392857      506        8         
5.92072921      0.87797619      513        8         
5.92757846      0.83630952      478        8         
5.93442771      0.86607143      498        6         
5.94127695      0.87202381      513        4         
5.94812600      0.86309524      508        6         
5.95497524      0.87202381      499        12        
5.96182449      0.83928571      483        12        
5.96867374      0.87500000      506        8         
5.97552299      0.84523810      480        12        
5.98237203      0.86904762      505        8         
5.98922128      0.83333333      483        6         
5.99607053      0.86607143      493        12        
6.00291978      0.85416667      493        8         
6.00976882      0.86309524      504        2         
6.01661807      0.86011905      495        10        
6.02346732      0.86904762      502        10        
6.03031656      0.88095238      508        10        
6.03716561      0.89285714      512        12        
6.04289271      0.83928571      499        6         
6.04974196      0.88095238      510        10        
6.05659121      0.88690476      513        8         
6.06344025      0.88690476      513        10        
6.07028950      0.86011905      495        10        
6.07713875      0.87797619      504        12        
6.08398800      0.88392857      510        12        
6.09083704      0.86309524      498        10        
6.09768629      0.86607143      496        10        
6.10453554      0.88690476      527        4         
6.11138479      0.88392857      510        8         
6.11823383      0.89285714      517        10        
6.12508308      0.86309524      501        10        
6.13193233      0.88690476      516        10        
6.13878157      0.87797619      507        12        
6.14563082      0.89880952      527        6         
6.15247987      0.88392857      508        21        
6.15932911      0.90178571      524        22        
6.16617836      0.92857143      530        23        
6.17302761      0.89583333      510        21        
6.17987665      0.92559524      530        24        
6.18672590      0.86904762      498        24        
6.19357515      0.91369048      521        21        
6.20042440      0.85416667      487        18        
6.20727344      0.91369048      515        26        
6.21412269      0.90178571      512        26        
6.22097194      0.88392857      511        20        
6.22782119      0.92261905      530        19        
6.23467043      0.91964286      527        26        
6.24151948      0.91071429      521        24        
6.24836873      0.87797619      509        9         
6.25521797      0.89880952      516        8         
6.26206722      0.87797619      496        12        
6.26891626      0.88392857      510        10        
6.27576551      0.88392857      508        8         
6.28261476      0.85119048      494        8         
6.28946401      0.85416667      494        10        
6.29631305      0.82142857      484        6         
6.30316230      0.86309524      508        6         
6.31001155      0.86011905      501        8         
6.31686080      0.83035714      483        6         
6.32370984      0.83333333      482        10        
6.33055909      0.87202381      498        10        
6.33740834      0.88095238      517        8         
6.34425759      0.89583333      519        12        
6.35110683      0.86904762      494        10        
6.35795588      0.87500000      510        10        
6.36480512      0.89285714      521        10        
6.37165437      0.87202381      507        10        
6.37850362      0.89880952      518        12        
6.38535266      0.87202381      501        12        
6.39220191      0.89583333      520        10        
6.39905116      0.83630952      480        12        
6.40590041      0.83333333      474        12        
6.41274945      0.86309524      490        10        
6.41857410      0.83333333      475        14        
6.42542335      0.87202381      489        12        
6.43227260      0.87500000      501        14        
6.43912164      0.88690476      499        20        
6.44597089      0.87202381      503        16        
6.45282014      0.86904762      491        20        
6.45966938      0.84523810      483        16        
6.46651843      0.86309524      489        18        
6.47336768      0.82738095      476        14        
6.48021692      0.84821429      486        6         
6.48706617      0.82738095      487        6         
6.49391522      0.86904762      494        16        
6.50076446      0.83035714      471        16        
6.50761371      0.83035714      480        16        
6.51446296      0.85714286      484        18        
6.52131221      0.89285714      498        14        
6.52816125      0.87202381      500        20        
6.53501050      0.83928571      481        10        
6.54185975      0.91071429      518        20        
6.54870900      0.87202381      497        12        
6.55555804      0.87202381      497        12        
6.56240729      0.85714286      490        12        
6.56925654      0.88095238      502        12        
6.57610578      0.91369048      518        12        
6.58295483      0.88988095      502        12        
6.58980408      0.87202381      498        8         
6.59665332      0.89285714      500        10        
6.60350257      0.87797619      484        12        
6.61035182      0.89880952      502        12        
6.61720086      0.88392857      501        12        
6.62405011      0.93154762      523        10        
6.63089936      0.89583333      509        10        
6.63774861      0.88690476      499        12        
6.64459765      0.86904762      492        8         
6.65144690      0.83630952      480        8         
6.65829615      0.87202381      500        8         
6.66514540      0.88392857      484        12        
6.67199444      0.89880952      509        12        
6.67884369      0.87202381      497        6         
6.68569293      0.87797619      502        6         
6.69254218      0.87500000      497        12        
6.69939123      0.85416667      482        12        
6.70624047      0.87797619      504        12        
6.71308972      0.84226190      479        12        
6.71993897      0.85416667      480        10        
6.72678822      0.87202381      510        12        
6.73363726      0.88690476      506        12        
6.74048651      0.86011905      484        12        
6.74733576      0.88988095      506        10        
6.75418501      0.86904762      495        12        
6.76103405      0.87202381      494        12        
6.76788330      0.84226190      477        12        
6.77473255      0.87797619      498        14        
6.78158179      0.88392857      498        12        
6.78843084      0.85119048      483        12        
6.79405938      0.87500000      498        12        
6.80090863      0.88988095      510        10        
6.80775787      0.82738095      476        8         
6.81460692      0.86309524      495        10        
6.82145617      0.83333333      477        10        
6.82830541      0.85416667      487        12        
6.83515466      0.83928571      475        10        
6.84200370      0.85119048      490        12        
6.84885295      0.85714286      498        10        
6.85570220      0.84523810      486        10        
6.86255145      0.88095238      504        10        
6.86940049      0.87202381      490        12        
6.87624974      0.86607143      488        10        
6.88309899      0.89583333      496        12        
6.88994824      0.88988095      505        10        
6.89679749      0.89583333      509        10        
6.90364653      0.90178571      513        12        
6.91049578      0.89583333      509        12        
6.91734503      0.90476190      514        10        
6.92419427      0.93452381      532        12        
6.93104332      0.91071429      517        10        
6.93789256      0.92559524      529        12        
6.94474181      0.86011905      490        12        
6.95159106      0.89880952      513        10        
6.95844010      0.89285714      509        12        
6.96528935      0.86607143      492        10        
6.97213860      0.90178571      515        12        
6.97898785      0.87797619      497        10        
6.98583710      0.88988095      503        12        
6.99268614      0.90178571      501        12        
6.99953539      0.88095238      499        10        
7.00638464      0.86011905      494        10        
7.01323388      0.89880952      510        10        
7.02008293      0.90773810      514        12        
7.02693218      0.90178571      507        12        
7.03378142      0.89880952      516        8         
7.04063067      0.88690476      512        8         
7.04747972      0.86309524      497        10        
7.05432896      0.88690476      506        10        
7.06117821      0.93452381      522        10        
7.06802746      0.87202381      494        10        
7.07487650      0.89880952      515        10        
7.08172575      0.93154762      532        12        
7.08857500      0.89583333      503        6         
7.09542425      0.86607143      490        12        
7.10227350      0.89880952      512        12        
7.10912254      0.89285714      509        10        
7.11597179      0.91964286      523        10        
7.12282104      0.85119048      486        12        
7.12967028      0.87500000      497        10        
7.13651933      0.85714286      490        10        
7.14336858      0.88392857      505        10        
7.15021782      0.89285714      497        12        
7.15706707      0.86309524      493        12        
7.16391612      0.90476190      509        12        
7.16993072      0.88392857      494        12        
7.17677997      0.87202381      489        10        
7.18362922      0.87500000      490        10        
7.19047826      0.89880952      508        10        
7.19732751      0.90178571      506        8         
7.20417676      0.88392857      500        12        
7.21102601      0.87797619      494        10        
7.21787505      0.90178571      518        12        
7.22472430      0.90773810      513        10        
7.23157355      0.89285714      506        12        
7.23842280      0.88690476      504        12        
7.24527184      0.89880952      504        10        
7.25212109      0.87797619      501        12        
7.25897034      0.90178571      516        12        
7.26581958      0.87797619      497        10        
7.27266883      0.89285714      498        12        
7.27951788      0.87500000      489        10        
7.28636712      0.88392857      504        10        
7.29321637      0.88690476      500        10        
7.30006562      0.89285714      504        12        
7.30691466      0.88095238      497        12        
7.31376391      0.89583333      511        8         
7.32061316      0.89285714      504        10        
7.32746241      0.89880952      509        12        
7.33431145      0.86309524      497        12        
7.34116070      0.88690476      507        6         
7.34800995      0.89285714      505        12        
7.35485920      0.87202381      504        10        
7.36170844      0.89880952      509        12        
7.36855749      0.91071429      520        8         
7.37540674      0.91666667      521        10        
7.38225598      0.88690476      500        12        
7.38910523      0.91369048      525        8         
7.39595428      0.90476190      516        10        
7.40280352      0.86011905      494        10        
7.40965277      0.88690476      507        10        
7.41650202      0.85714286      490        10        
7.42335106      0.90178571      509        12        
7.43020031      0.87202381      488        12        
7.43704956      0.90476190      514        12        
7.44389881      0.88690476      505        10        
7.45074785      0.87797619      502        10        
7.45759710      0.82738095      477        6         
7.46444635      0.87202381      500        10        
7.47129560      0.91071429      517        8         
7.47814484      0.89285714      515        8         
7.48499389      0.87202381      495        10        
7.49184313      0.90178571      511        10        
7.49869238      0.86607143      498        10        
7.50554163      0.86309524      516        10        
7.51239067      0.88988095      511        12        
7.51923992      0.86309524      495        8         
7.52608917      0.87202381      499        10        
7.53293842      0.89880952      500        12        
7.53978746      0.87797619      499        10        
7.54582113      0.86904762      488        12        
7.55267038      0.89583333      508        10        
7.55951963      0.90178571      517        10        
7.56636867      0.83630952      474        10        
7.57321792      0.90773810      508        10        
7.58006716      0.86904762      495        10        
7.58691641      0.89583333      505        10        
7.59376546      0.88690476      499        10        
7.60061470      0.84821429      478        10        
7.60746395      0.85714286      486        10        
7.61431320      0.82440476      473        8         
7.62116224      0.85119048      496        10        
7.62801149      0.88690476      512        10        
7.63486074      0.87500000      488        12        
7.64170999      0.88392857      513        16        
7.64855924      0.88392857      504        12        
7.65540828      0.86607143      504        10        
7.66225753      0.83035714      474        10        
7.66910678      0.84226190      487        12        
7.67595602      0.82440476      479        10        
7.68280507      0.85119048      488        8         
7.68965432      0.91964286      519        10        
7.69650356      0.88095238      502        10        
7.70335281      0.87202381      494        10        
7.71020186      0.88988095      508        12        
7.71705110      0.88988095      497        12        
7.72390035      0.88392857      496        8         
7.73074960      0.91071429      513        12        
7.73759885      0.91369048      515        12        
7.74444789      0.90178571      516        12        
7.75129714      0.90773810      515        10        
7.75814639      0.87500000      493        10        
7.76499564      0.87500000      498        12        
7.77184468      0.90178571      502        16        
7.77869393      0.88690476      495        12        
7.78554318      0.88095238      495        12        
7.79239242      0.89285714      505        12        
7.79924147      0.86309524      486        12        
7.80609072      0.88988095      506        10        
7.81293996      0.84821429      481        12        
7.81978921      0.88095238      494        10        
7.82663826      0.87202381      499        8         
7.83348750      0.83928571      469        6         
7.84033675      0.85714286      494        8         
7.84718600      0.88690476      506        12        
7.85403525      0.86607143      491        12        
7.86088429      0.88095238      498        12        
7.86773354      0.90178571      516        12        
7.87458279      0.89583333      515        12        
7.88143204      0.88095238      497        12        
7.88828108      0.89285714      508        12        
7.89513033      0.88988095      495        12        
7.90197958      0.89285714      509        8         
7.90882882      0.87797619      501        10        
7.91567787      0.92261905      524        10        
7.92161276      0.91369048      519        12        
7.92846201      0.87500000      497        10        
7.93531126      0.90773810      516        10        
7.94216030      0.87500000      509        10        
7.94900955      0.89285714      504        14        
7.95585880      0.92559524      530        12        
7.96270805      0.88988095      506        12        
7.96955709      0.87797619      496        10        
7.97640634      0.86309524      490        10        
7.98325559      0.91369048      522        10        
7.99010483      0.89285714      506        12        
7.99695388      0.89583333      496        12        
8.00380313      0.90773810      514        12        
8.01065237      0.87500000      500        10        
8.01750162      0.88988095      497        12        
8.02435087      0.89285714      507        12        
8.03119991      0.91964286      520        12        
8.03804916      0.88392857      507        10        
8.04489841      0.91666667      531        8         
8.05174766      0.87797619      494        8         
8.05859670      0.88988095      512        10        
8.06544595      0.88392857      512        12        
8.07229520      0.88690476      501        12        
8.07914445      0.85416667      499        10        
8.08599349      0.88988095      501        12        
8.09284274      0.87202381      493        6         
8.09969198      0.89583333      501        12        
8.10654123      0.88690476      499        12        
8.11339048      0.86309524      491        12        
8.12023952      0.86011905      486        12        
8.12708877      0.85714286      487        8         
8.13393802      0.88988095      505        10        
8.14078727      0.86011905      487        10        
8.14763631      0.86011905      485        10        
8.15448556      0.88988095      502        12        
8.16133481      0.89583333      511        10        
8.16818406      0.88392857      505        12        
8.17503310      0.90773810      510        12        
8.18188235      0.88988095      504        10        
8.18873160      0.88988095      510        10        
8.19558084      0.86607143      496        8         
8.20242989      0.87500000      490        8         
8.20927914      0.88690476      499        12        
8.21612838      0.90476190      515        12        
8.22297763      0.86011905      480        12        
8.22982688      0.88392857      492        12        
8.23667592      0.82738095      466        12        
8.24352517      0.88095238      511        12        
8.25037442      0.86904762      496        12        
8.25722367      0.85119048      480        12        
8.26407271      0.86011905      501        8         
8.27092196      0.85119048      486        10        
8.27777121      0.86607143      483        12        
8.28462046      0.87797619      497        12        
8.29146950      0.91666667      516        12        
8.29747079      0.85714286      485        12        
8.30432004      0.88095238      498        12        
8.31116929      0.85119048      475        10        
8.31801833      0.83928571      486        10        
8.32486758      0.87500000      497        12        
8.33171682      0.89583333      513        12        
8.33856607      0.88095238      511        12        
8.34541512      0.89880952      528        6         
8.35226436      0.86607143      495        10        
8.35911361      0.87797619      498        10        
8.36596286      0.86011905      482        12        
8.37281190      0.88690476      513        10        
8.37966115      0.89285714      500        12        
8.38651040      0.87500000      499        12        
8.39335965      0.87202381      493        12        
8.40020890      0.87500000      495        10        
8.40705794      0.86309524      486        12        
8.41390719      0.89880952      503        8         
8.42075644      0.86904762      497        10        
8.42760568      0.88392857      504        12        
8.43445473      0.87500000      498        12        
8.44130398      0.91071429      515        10        
8.44815322      0.88690476      501        12        
8.45500247      0.86904762      493        12        
8.46185152      0.86904762      511        10        
8.46870076      0.89285714      511        10        
8.47555001      0.91369048      517        12        
8.48239926      0.91964286      524        12        
8.48924851      0.90773810      510        10        
8.49609755      0.89583333      511        10        
8.50294680      0.85119048      485        12        
8.50979605      0.80357143      456        12        
8.51664530      0.87797619      504        10        
8.52349434      0.83630952      478        10        
8.53034359      0.84821429      482        12        
8.53719284      0.86607143      492        10        
8.54404208      0.86011905      494        10        
8.55089113      0.90178571      518        12        
8.55774038      0.88392857      509        12        
8.56458962      0.84226190      478        16        
8.57143887      0.84821429      481        12        
8.57828792      0.86607143      485        10        
8.58513716      0.90773810      515        12        
8.59198641      0.87797619      504        12        
8.59883566      0.85416667      482        10        
8.60568491      0.88095238      496        10        
8.61253395      0.84226190      474        12        
8.61938320      0.86607143      490        12        
8.62623245      0.89285714      506        10        
8.63308170      0.84226190      478        8         
8.63993074      0.83035714      475        10        
8.64677999      0.87500000      495        10        
8.65362924      0.88690476      506        12        
8.66047848      0.82738095      475        10        
8.66732753      0.86011905      489        16        
8.67300381      0.87202381      493        12        
8.67985306      0.85714286      483        12        
8.68670231      0.86011905      489        14        
8.69355135      0.84226190      482        12        
8.70040060      0.88690476      494        10        
8.70724985      0.85416667      491        12        
8.71409910      0.86607143      507        8         
8.72094814      0.86607143      488        12        
8.72779739      0.88392857      525        8         
8.73464664      0.83035714      479        12        
8.74149588      0.83333333      463        12        
8.74834493      0.85416667      491        8         
8.75519418      0.87500000      498        10        
8.76204342      0.84523810      478        10        
8.76889267      0.86904762      497        10        
8.77574192      0.90476190      519        8         
8.78259096      0.88690476      496        12        
8.78944021      0.86011905      491        10        
8.79628946      0.88095238      499        10        
8.80313871      0.88988095      495        10        
8.80998775      0.93154762      524        10        
8.81683700      0.90178571      518        10        
8.82368625      0.90476190      510        10        
8.83053550      0.87500000      501        10        
8.83738454      0.88690476      493        10        
8.84423379      0.88988095      537        8         
8.85108304      0.86011905      487        10        
8.85793228      0.90476190      518        16        
8.86478153      0.84523810      485        8         
8.87163058      0.83630952      480        8         
8.87847982      0.83630952      478        10        
8.88532907      0.87500000      495        10        
8.89217832      0.90773810      517        10        
8.89902736      0.87202381      513        10        
8.90587661      0.89285714      516        12        
8.91272586      0.86011905      493        12        
8.91957511      0.88392857      508        12        
8.92642415      0.88690476      505        12        
8.93327340      0.87500000      498        12        
8.94012265      0.83928571      475        12        
8.94697190      0.87797619      491        10        
8.95382094      0.89880952      509        10        
8.96067019      0.91666667      522        12        
8.96751944      0.91369048      521        12        
8.97436868      0.84523810      498        8         
8.98121793      0.86011905      491        12        
8.98806697      0.88988095      505        10        
8.99491622      0.89583333      505        8         
9.00176547      0.88690476      505        10        
9.00861472      0.85714286      483        10        
9.01546376      0.86607143      500        10        
9.02231301      0.88392857      502        12        
9.02916226      0.87500000      490        12        
9.03601151      0.88392857      509        12        
9.04286055      0.87797619      486        12        
9.04859913      0.85714286      492        6         
9.05544838      0.88988095      514        12        
9.06229763      0.86309524      485        12        
9.06914667      0.86011905      486        12        
9.07599592      0.86011905      492        10        
9.08284517      0.85714286      497        12        
9.08969442      0.91964286      518        8         
9.09654346      0.89285714      502        8         
9.10339271      0.86904762      498        8         
9.11024196      0.88988095      498        10        
9.11709120      0.91071429      518        12        
9.12394025      0.89880952      508        12        
9.13078950      0.88690476      506        12        
9.13763874      0.89583333      505        10        
9.14448799      0.89583333      498        12        
9.15133724      0.87202381      496        12        
9.15818628      0.88095238      496        10        
9.16503553      0.86011905      480        12        
9.17188478      0.87202381      490        10        
9.17873403      0.89285714      506        12        
9.18558307      0.88095238      502        12        
9.19243232      0.85714286      495        6         
9.19928157      0.89880952      513        12        
9.20613082      0.84523810      483        8         
9.21297986      0.90476190      512        12        
9.21982911      0.87202381      491        12        
9.22667836      0.88690476      501        10        
9.23352760      0.84523810      476        10        
9.24037685      0.88690476      500        10        
9.24722589      0.87797619      496        10        
9.25407514      0.87797619      507        6         
9.26092439      0.86607143      494        10        
9.26777364      0.88095238      498        10        
9.27462268      0.88095238      494        12        
9.28147193      0.91071429      518        10        
9.28832118      0.88392857      505        10        
9.29517043      0.87500000      493        12        
9.30201947      0.89285714      511        8         
9.30886872      0.85416667      487        8         
9.31571797      0.87202381      493        10        
9.32256722      0.85119048      492        8         
9.32941626      0.83630952      484        10        
9.33626551      0.85416667      470        10        
9.34311475      0.87202381      498        12        
9.34996400      0.88392857      506        12        
9.35681325      0.90178571      512        8         
9.36366229      0.89583333      512        8         
9.37051154      0.86904762      503        10        
9.37736079      0.91369048      514        12        
9.38421004      0.88988095      510        10        
9.39105908      0.88392857      498        12        
9.39790833      0.88095238      502        10        
9.40475758      0.87500000      504        10        
9.41160683      0.82142857      475        10        
9.41845587      0.85416667      493        12        
9.42440716      0.86904762      491        12        
