0.00608810      0.00000000      0          0         
0.01225139      0.00000000      0          0         
0.01249161      0.00000000      0          0         
0.01873755      0.00000000      0          0         
0.01928355      0.00000000      0          0         
0.02562932      0.00000000      0          0         
0.02653286      0.00000000      0          0         
0.03300254      0.00000000      0          0         
0.03437419      0.00000000      0          0         
0.04090244      0.00000000      0          0         
0.04654841      0.00000000      0          0         
0.05314195      0.00000000      0          0         
0.05919241      0.00000000      0          0         
0.06585918      0.00595238      0          4         
0.07252594      0.00000000      0          0         
0.07670656      0.00000000      0          0         
0.08345627      0.00000000      0          0         
0.09020617      0.00000000      0          0         
0.09695589      0.00000000      0          0         
0.09955142      0.00000000      0          0         
0.10640067      0.00595238      0          4         
0.11324991      0.00595238      0          4         
0.12009896      0.02380952      0          12        
0.12694821      0.01785714      0          8         
0.13379745      0.02678571      0          17        
0.14064670      0.00595238      0          0         
0.14749575      0.00000000      0          0         
0.15434499      0.00595238      0          4         
0.16119424      0.02380952      0          0         
0.16804349      0.00595238      0          4         
0.17489253      0.01785714      0          8         
0.18174178      0.02380952      0          16        
0.18859103      0.00000000      0          0         
0.19544028      0.02380952      0          16        
0.20228953      0.02976190      4          4         
0.20913857      0.02976190      4          12        
0.21598782      0.04761905      13         8         
0.22283707      0.03273810      9          4         
0.22968631      0.07142857      18         12        
0.23653536      0.02976190      0          14        
0.24338461      0.01785714      0          10        
0.25023385      0.00595238      0          2         
0.25708310      0.00595238      0          4         
0.26393215      0.05059524      13         8         
0.27078139      0.01190476      0          8         
0.27763064      0.00000000      0          0         
0.28447989      0.02380952      0          16        
0.29132914      0.01190476      0          8         
0.29817818      0.01190476      0          8         
0.30502743      0.01190476      0          6         
0.31187668      0.01785714      0          8         
0.31872593      0.01190476      0          4         
0.32557497      0.02083333      5          4         
0.33242422      0.01785714      0          8         
0.33927347      0.04761905      8          12        
0.34612271      0.03571429      0          12        
0.35297176      0.00595238      0          4         
0.35982101      0.02380952      0          14        
0.36667025      0.02976190      6          6         
0.37351950      0.00000000      0          0         
0.38036854      0.01785714      0          8         
0.38721779      0.00595238      0          4         
0.39406704      0.01785714      0          10        
0.40091629      0.10119048      32         2         
0.40776554      0.05357143      14         6         
0.41461458      0.11309524      20         27        
0.42146383      0.12202381      38         16        
0.42831308      0.11904762      34         22        
0.43516233      0.20238095      59         38        
0.44201137      0.19642857      52         24        
0.44886062      0.10416667      19         22        
0.45570987      0.10119048      22         17        
0.46255911      0.14583333      33         30        
0.46940816      0.08333333      22         10        
0.47625740      0.10119048      27         10        
0.48252632      0.13988095      42         8         
0.48937557      0.13095238      36         14        
0.49622482      0.07440476      12         14        
0.50307386      0.07440476      16         18        
0.50992311      0.05654762      12         14        
0.51677236      0.09821429      34         16        
0.52362160      0.04761905      10         8         
0.53047065      0.00595238      0          4         
0.53731989      0.02380952      0          14        
0.54416914      0.00595238      0          0         
0.55101839      0.01190476      0          6         
0.55786743      0.00000000      0          0         
0.56471668      0.02380952      0          12        
0.57156593      0.01190476      0          8         
0.57841518      0.02380952      8          0         
0.58526443      0.00595238      0          4         
0.59211347      0.02678571      7          0         
0.59896272      0.04761905      14         4         
0.60581197      0.02976190      10         0         
0.61266122      0.02678571      0          18        
0.61951026      0.02976190      0          12        
0.62635951      0.04464286      10         12        
0.63320875      0.03571429      11         0         
0.64005800      0.00595238      0          4         
0.64690705      0.01785714      4          4         
0.65375629      0.00000000      0          0         
0.66060554      0.00000000      0          0         
0.66745479      0.00595238      0          4         
0.67430404      0.00000000      0          0         
0.68115308      0.01785714      0          12        
0.68800233      0.02976190      0          20        
0.69485158      0.04166667      0          18        
0.70170083      0.01785714      0          10        
0.70854987      0.00000000      0          0         
0.71539912      0.04166667      12         4         
0.72224837      0.05357143      14         6         
0.72909761      0.07738095      24         4         
0.73594666      0.07738095      24         6         
0.74279591      0.12500000      43         14        
0.74964515      0.11607143      26         18        
0.75649440      0.07738095      31         8         
0.76334345      0.14880952      59         12        
0.77019269      0.11011905      33         18        
0.77704194      0.11011905      35         20        
0.78389119      0.08333333      26         16        
0.79074044      0.09523810      36         10        
0.79758948      0.09821429      34         14        
0.80443873      0.13988095      44         20        
0.81128798      0.13095238      46         12        
0.81813723      0.11904762      45         12        
0.82498627      0.09821429      33         18        
0.83183552      0.14880952      50         18        
0.83868477      0.17559524      47         40        
0.84553401      0.12797619      41         16        
0.85238306      0.12797619      45         10        
0.85923231      0.11904762      33         20        
0.86544630      0.07440476      27         4         
0.87229555      0.11309524      41         16        
0.87914480      0.13095238      38         26        
0.88599384      0.15178571      50         20        
0.89284309      0.13392857      38         32        
0.89969234      0.13690476      43         20        
0.90654159      0.15178571      45         22        
0.91339063      0.10119048      23         26        
0.92023988      0.14285714      38         22        
0.92708913      0.10714286      43         10        
0.93393837      0.11607143      35         24        
0.94078742      0.13392857      43         18        
0.94763666      0.07440476      21         12        
0.95448591      0.15178571      44         24        
0.96133516      0.12202381      37         24        
0.96818441      0.12202381      43         22        
0.97503345      0.10714286      37         14        
0.98188270      0.11011905      37         16        
0.98873195      0.12202381      48         16        
0.99558120      0.13988095      46         20        
1.00243024      0.13095238      50         18        
1.00927949      0.10714286      34         12        
1.01612874      0.12500000      36         14        
1.02297799      0.12500000      44         12        
1.02982703      0.14880952      47         30        
1.03667628      0.13988095      46         26        
1.04352552      0.13988095      26         41        
1.05037477      0.18154762      48         45        
1.05722402      0.14285714      39         39        
1.06407306      0.16964286      69         14        
1.07092231      0.19940476      65         30        
1.07777156      0.21130952      74         34        
1.08462081      0.17559524      67         22        
1.09146985      0.17261905      60         22        
1.09831910      0.18154762      57         32        
1.10516835      0.23214286      67         42        
1.11201760      0.16964286      48         30        
1.11886664      0.14880952      56         18        
1.12571589      0.17559524      62         26        
1.13256514      0.18154762      50         26        
1.13941438      0.17261905      72         18        
1.14626343      0.16964286      69         16        
1.15311268      0.13392857      37         28        
1.15996192      0.17559524      73         16        
1.16681117      0.15476190      62         20        
1.17366042      0.17261905      70         16        
1.18050946      0.13690476      51         23        
1.18735871      0.14583333      56         20        
1.19420796      0.17261905      62         22        
1.20105721      0.14880952      53         21        
1.20790625      0.15178571      54         18        
1.21475550      0.16071429      54         17        
1.22160475      0.16369048      63         27        
1.22845400      0.23511905      83         24        
1.23530304      0.16071429      70         14        
1.24215229      0.15476190      64         22        
1.24821013      0.16964286      61         28        
1.25505938      0.16964286      68         20        
1.26190863      0.17857143      67         22        
1.26875767      0.17261905      68         24        
1.27560692      0.15476190      76         14        
1.28245617      0.15476190      67         13        
1.28930542      0.16369048      50         20        
1.29615446      0.14583333      38         33        
1.30300371      0.15178571      58         18        
1.30985296      0.16071429      63         10        
1.31670221      0.17559524      66         24        
1.32355125      0.16964286      76         17        
1.33040050      0.16369048      63         22        
1.33724975      0.16666667      64         20        
1.34409899      0.14583333      59         16        
1.35094824      0.12202381      44         14        
1.35779729      0.13392857      44         25        
1.36464653      0.19345238      72         28        
1.37149578      0.16666667      61         32        
1.37834503      0.14583333      46         30        
1.38519407      0.15773810      57         28        
1.39204332      0.16964286      56         30        
1.39889257      0.15476190      65         20        
1.40574182      0.19940476      82         18        
1.41259086      0.21428571      78         39        
1.41944011      0.19047619      63         32        
1.42628936      0.16071429      64         8         
1.43313861      0.16369048      74         6         
1.43998785      0.20833333      85         14        
1.44683690      0.12797619      54         12        
1.45368615      0.13095238      42         14        
1.46053539      0.15476190      63         14        
1.46738464      0.17261905      64         14        
1.47423369      0.13988095      60         10        
1.48108293      0.15773810      58         12        
1.48793218      0.20238095      81         16        
1.49478143      0.18154762      77         20        
1.50163047      0.17261905      62         24        
1.50847972      0.13988095      56         20        
1.51532897      0.13988095      49         12        
1.52217822      0.14583333      53         16        
1.52902726      0.15476190      56         20        
1.53587651      0.17261905      71         24        
1.54272576      0.15178571      55         16        
1.54957501      0.18750000      75         14        
1.55642425      0.14880952      61         18        
1.56327330      0.12500000      42         20        
1.57012255      0.16071429      60         18        
1.57697179      0.23214286      93         18        
1.58382104      0.15476190      72         18        
1.59067008      0.11607143      41         18        
1.59751933      0.12500000      49         16        
1.60436858      0.17559524      85         10        
1.61121783      0.14285714      59         12        
1.61806687      0.18154762      72         24        
1.62491612      0.19642857      85         22        
1.63069097      0.16071429      70         8         
1.63754022      0.22916667      103        18        
1.64438947      0.18750000      58         24        
1.65123851      0.18452381      77         20        
1.65808776      0.21726190      85         34        
1.66493701      0.19940476      65         34        
1.67178626      0.23511905      91         40        
1.67863530      0.20833333      81         32        
1.68548455      0.21428571      80         36        
1.69233380      0.22916667      100        26        
1.69918305      0.21726190      93         18        
1.70603209      0.19345238      85         18        
1.71288134      0.21130952      88         24        
1.71973058      0.23214286      107        26        
1.72657983      0.22023810      92         14        
1.73342908      0.23809524      98         8         
1.74027812      0.24404762      96         16        
1.74712737      0.19047619      76         8         
1.75397662      0.21726190      90         16        
1.76082587      0.14285714      52         18        
1.76767491      0.15476190      59         14        
1.77452416      0.20535714      87         16        
1.78137341      0.20238095      84         16        
1.78822266      0.15773810      68         6         
1.79507170      0.20535714      81         18        
1.80192095      0.19642857      93         10        
1.80877020      0.16666667      71         8         
1.81561944      0.20535714      75         24        
1.82246869      0.18452381      94         14        
1.82931774      0.16369048      58         25        
1.83616698      0.19642857      78         19        
1.84301623      0.16964286      66         16        
1.84986548      0.15476190      50         19        
1.85671452      0.18154762      63         22        
1.86356377      0.18750000      62         22        
1.87041302      0.16666667      47         37        
1.87726227      0.17559524      65         20        
1.88411131      0.19642857      69         28        
1.89096056      0.20833333      73         34        
1.89780981      0.20833333      82         17        
1.90465906      0.22023810      69         38        
1.91150810      0.17559524      75         12        
1.91835735      0.16964286      60         24        
1.92520660      0.20833333      79         22        
1.93205584      0.16071429      72         13        
1.93890509      0.19940476      88         18        
1.94575414      0.16666667      75         12        
1.95260338      0.18750000      83         10        
1.95945263      0.18154762      80         10        
1.96630188      0.19345238      77         23        
1.97315092      0.24702381      109        27        
1.98000017      0.19047619      71         20        
1.98684942      0.20833333      72         36        
1.99369867      0.19047619      81         22        
2.00054771      0.23809524      95         30        
2.00739696      0.18452381      68         34        
2.01356567      0.20833333      95         12        
2.02041492      0.19345238      79         20        
2.02726416      0.20535714      65         40        
2.03411321      0.18452381      75         18        
2.04096246      0.19345238      78         22        
2.04781170      0.24404762      94         22        
2.05466095      0.17261905      54         30        
2.06151000      0.16964286      68         22        
2.06835924      0.19047619      70         26        
2.07520849      0.16964286      74         14        
2.08205774      0.19940476      78         32        
2.08890678      0.18750000      74         22        
2.09575603      0.19642857      76         22        
2.10260528      0.25297619      91         38        
2.10945453      0.22916667      86         28        
2.11630378      0.24404762      99         24        
2.12315282      0.20535714      85         20        
2.13000207      0.18750000      77         28        
2.13685132      0.18750000      84         12        
2.14370056      0.18452381      80         14        
2.15054961      0.15476190      56         18        
2.15739886      0.18452381      68         18        
2.16424810      0.15476190      54         18        
2.17109735      0.19642857      87         14        
2.17794640      0.14583333      61         12        
2.18479564      0.14880952      60         8         
2.19164489      0.21130952      88         11        
2.19849414      0.23511905      90         18        
2.20534339      0.20833333      73         34        
2.21219243      0.21726190      89         26        
2.21904168      0.14285714      60         14        
2.22589093      0.19047619      61         18        
2.23274018      0.15178571      60         16        
2.23958922      0.18154762      71         12        
2.24643847      0.15476190      44         36        
2.25328772      0.13095238      51         12        
2.26013696      0.15178571      60         15        
2.26698601      0.16071429      59         14        
2.27383525      0.13392857      39         22        
2.28068450      0.14880952      64         6         
2.28753375      0.11904762      38         14        
2.29438279      0.16964286      69         18        
2.30123204      0.16666667      68         8         
2.30808129      0.16964286      74         12        
2.31493054      0.17559524      63         16        
2.32177979      0.17261905      68         18        
2.32862883      0.14880952      54         14        
2.33547808      0.15476190      60         16        
2.34232733      0.14285714      52         20        
2.34917658      0.16071429      65         22        
2.35602562      0.16666667      69         12        
2.36287487      0.15773810      62         16        
2.36972411      0.13988095      55         16        
2.37657336      0.15773810      58         18        
2.38342241      0.17261905      59         20        
2.39027165      0.16071429      61         22        
2.39644016      0.19345238      71         30        
2.40328941      0.13690476      49         14        
2.41013865      0.14880952      55         24        
2.41698770      0.16369048      56         31        
2.42383695      0.17857143      63         33        
2.43068619      0.17559524      74         16        
2.43753544      0.14583333      55         22        
2.44438449      0.16369048      53         24        
2.45123373      0.10416667      37         18        
2.45808298      0.13988095      57         6         
2.46493223      0.13690476      53         12        
2.47178127      0.14880952      60         18        
2.47863052      0.14285714      46         22        
2.48547977      0.21130952      71         28        
2.49232902      0.19345238      72         14        
2.49917827      0.16964286      63         16        
2.50602731      0.13690476      59         12        
2.51287656      0.14583333      53         13        
2.51972581      0.19345238      80         16        
2.52657505      0.19345238      73         29        
2.53342410      0.17261905      57         24        
2.54027335      0.21130952      81         26        
2.54712259      0.19345238      73         16        
2.55397184      0.16964286      50         38        
2.56082089      0.18154762      63         30        
2.56767013      0.16071429      47         36        
2.57451938      0.13988095      40         35        
2.58136863      0.19345238      53         52        
2.58821788      0.19345238      53         44        
2.59506692      0.13690476      48         13        
2.60191617      0.14285714      49         16        
2.60876542      0.17559524      59         14        
2.61561467      0.14285714      59         12        
2.62246371      0.14880952      46         24        
2.62931296      0.15476190      54         15        
2.63616221      0.13690476      43         16        
2.64301145      0.17559524      64         22        
2.64986050      0.16666667      70         16        
2.65670974      0.17857143      73         20        
2.66355899      0.19345238      60         44        
2.67040824      0.17261905      62         32        
2.67725728      0.20535714      80         20        
2.68410653      0.19642857      59         29        
2.69095578      0.22023810      81         32        
2.69780503      0.20238095      68         35        
2.70465428      0.17261905      66         14        
2.71150332      0.15773810      41         30        
2.71835257      0.16369048      59         18        
2.72520182      0.17559524      70         16        
2.73205107      0.17261905      65         12        
2.73890011      0.19345238      57         44        
2.74574936      0.16071429      49         23        
2.75259860      0.18750000      67         25        
2.75944785      0.14880952      46         28        
2.76629690      0.13988095      39         30        
2.77314614      0.16369048      49         27        
2.77946096      0.15773810      60         20        
2.78631021      0.17261905      55         28        
2.79315946      0.14583333      39         20        
2.80000850      0.13095238      48         16        
2.80685775      0.17559524      61         28        
2.81370700      0.21130952      68         30        
2.82055625      0.20535714      64         32        
2.82740529      0.18750000      65         28        
2.83425454      0.19345238      69         28        
2.84110378      0.17261905      70         20        
2.84795303      0.16071429      52         32        
2.85480208      0.12797619      35         26        
2.86165132      0.13988095      28         39        
2.86850057      0.14880952      36         34        
2.87534982      0.14880952      41         34        
2.88219907      0.13690476      46         24        
2.88904811      0.20535714      60         34        
2.89589736      0.22321429      60         38        
2.90274661      0.18452381      54         32        
2.90959586      0.15773810      46         22        
2.91644490      0.15476190      64         18        
2.92329415      0.15178571      40         36        
2.93014340      0.15476190      58         14        
2.93699264      0.14583333      66         20        
2.94384169      0.12797619      51         14        
2.95069094      0.11011905      32         20        
2.95754018      0.16369048      53         32        
2.96438943      0.16071429      56         18        
2.97123868      0.11011905      37         18        
2.97808772      0.14583333      46         22        
2.98493697      0.22321429      57         36        
2.99178622      0.18452381      65         22        
2.99863547      0.20833333      64         36        
3.00548451      0.18452381      58         29        
3.01233376      0.16666667      62         18        
3.01918301      0.21726190      71         34        
3.02603226      0.15476190      56         22        
3.03288130      0.11904762      43         14        
3.03973055      0.14880952      52         30        
3.04657980      0.14285714      38         24        
3.05342904      0.21726190      68         32        
3.06027809      0.15476190      38         45        
3.06712734      0.19047619      49         46        
3.07397658      0.12202381      47         16        
3.08082583      0.13095238      47         22        
3.08767508      0.15178571      41         26        
3.09452412      0.12797619      41         14        
3.10137337      0.12202381      36         24        
3.10822262      0.15476190      61         16        
3.11507187      0.15178571      61         16        
3.12192091      0.17559524      67         15        
3.12877016      0.16369048      61         22        
3.13561941      0.17857143      49         16        
3.14246866      0.16964286      55         24        
3.14931770      0.17857143      71         18        
3.15616695      0.13690476      44         18        
3.16245861      0.16666667      63         20        
3.16930786      0.13988095      36         28        
3.17615710      0.18154762      62         36        
3.18300615      0.16071429      44         24        
3.18985540      0.18452381      65         18        
3.19670464      0.18154762      63         20        
3.20355389      0.12797619      51         10        
3.21040294      0.15773810      48         20        
3.21725218      0.12797619      39         24        
3.22410143      0.12797619      36         28        
3.23095068      0.15178571      42         21        
3.23779972      0.08035714      27         8         
3.24464897      0.15178571      48         24        
3.25149822      0.11309524      27         26        
3.25834747      0.14583333      39         31        
3.26519672      0.14880952      53         16        
3.27204576      0.15178571      56         22        
3.27889501      0.19642857      77         32        
3.28574426      0.16369048      54         22        
3.29259350      0.14583333      44         22        
3.29944255      0.19642857      58         45        
3.30629180      0.19047619      66         24        
3.31314104      0.24404762      95         36        
3.31999029      0.24702381      104        34        
3.32683933      0.25892857      127        24        
3.33368858      0.26190476      94         47        
3.34053783      0.23809524      89         32        
3.34738708      0.20833333      74         30        
3.35423633      0.25297619      80         42        
3.36108537      0.23214286      85         32        
3.36793462      0.24107143      73         32        
3.37478387      0.23809524      88         28        
3.38163312      0.27678571      99         34        
3.38848216      0.28571429      96         36        
3.39533141      0.25297619      91         31        
3.40218066      0.24404762      84         34        
3.40902990      0.20238095      78         14        
3.41587895      0.28869048      103        38        
3.42272819      0.32440476      110        56        
3.42957744      0.31250000      112        40        
3.43642669      0.31845238      115        36        
3.44327573      0.28869048      103        40        
3.45012498      0.32440476      110        46        
3.45697423      0.32738095      135        36        
3.46382348      0.28571429      109        28        
3.47067273      0.25000000      92         32        
3.47752177      0.27976190      105        34        
3.48437102      0.30059524      112        36        
3.49122027      0.27678571      102        30        
3.49806951      0.28273810      104        30        
3.50491856      0.26785714      93         40        
3.51176781      0.31250000      107        51        
3.51861705      0.31547619      108        40        
3.52546630      0.37500000      131        42        
3.53231535      0.34226190      120        42        
3.53916459      0.32738095      123        34        
3.54572757      0.29464286      106        27        
3.55257682      0.31845238      115        30        
3.55942607      0.31547619      115        36        
3.56627511      0.29761905      109        34        
3.57312436      0.30952381      129        20        
3.57997361      0.29761905      98         32        
3.58682285      0.29761905      101        34        
3.59367190      0.29166667      106        23        
3.60052114      0.27976190      107        28        
3.60737039      0.31250000      111        32        
3.61421964      0.32440476      124        26        
3.62106868      0.38392857      158        24        
3.62791793      0.36309524      142        30        
3.63476718      0.37202381      149        40        
3.64161643      0.38690476      152        34        
3.64846568      0.41071429      149        44        
3.65531472      0.37500000      147        32        
3.66216397      0.43154762      158        52        
3.66901322      0.38095238      143        42        
3.67586246      0.38690476      140        51        
3.68271151      0.36607143      130        34        
3.68956076      0.41369048      140        60        
3.69641000      0.43452381      163        56        
3.70325925      0.40178571      156        38        
3.71010830      0.36011905      140        44        
3.71695754      0.38988095      143        58        
3.72380679      0.37500000      141        42        
3.73065604      0.38690476      159        50        
3.73750529      0.38392857      164        34        
3.74435433      0.37797619      157        38        
3.75120358      0.37500000      138        49        
3.75805283      0.40178571      154        42        
3.76490208      0.40773810      157        48        
3.77175112      0.42857143      171        38        
3.77860037      0.41071429      145        48        
3.78544962      0.40773810      158        50        
3.79229886      0.44047619      172        51        
3.79914791      0.39583333      143        48        
3.80599716      0.37797619      130        58        
3.81284640      0.42559524      138        66        
3.81969565      0.41964286      147        58        
3.82654470      0.43452381      153        60        
3.83339394      0.41964286      147        62        
3.84024319      0.47321429      153        68        
3.84709244      0.46130952      170        56        
3.85394169      0.42857143      151        48        
3.86079073      0.36904762      133        36        
3.86763998      0.45238095      159        60        
3.87448923      0.51488095      170        89        
3.88133848      0.50000000      160        87        
3.88818752      0.52083333      173        89        
3.89503677      0.47321429      152        79        
3.90188602      0.50000000      167        75        
3.90873526      0.47321429      147        87        
3.91558431      0.46726190      156        70        
3.92243356      0.47916667      152        80        
3.92928280      0.48809524      147        85        
3.92991334      0.50297619      150        87        
3.93676259      0.48809524      157        83        
3.94361184      0.52083333      170        82        
3.95046088      0.46428571      155        73        
3.95731013      0.54166667      162        91        
3.96415938      0.59821429      174        116       
3.97100863      0.57440476      171        125       
3.97785767      0.56250000      151        130       
3.98470692      0.53869048      160        107       
3.99155617      0.59523810      166        131       
3.99840541      0.58333333      166        117       
4.00525446      0.53273810      148        104       
4.01210371      0.58333333      156        122       
4.01895295      0.61309524      185        110       
4.02580220      0.60119048      182        111       
4.03265145      0.63392857      186        127       
4.03950049      0.61309524      185        113       
4.04634974      0.58333333      167        119       
4.05319899      0.63392857      186        116       
4.06004824      0.61309524      180        118       
4.06689728      0.58928571      169        119       
4.07374653      0.65476190      190        130       
4.08059578      0.61011905      184        116       
4.08744503      0.65476190      189        126       
4.09429407      0.62797619      179        124       
4.10114332      0.65476190      198        124       
4.10799257      0.63095238      193        110       
4.11484181      0.64285714      191        119       
4.12169106      0.61309524      183        118       
4.12854011      0.61011905      179        116       
4.13538935      0.62202381      185        108       
4.14223860      0.70238095      222        114       
4.14908785      0.64285714      201        110       
4.15593689      0.71130952      220        111       
4.16278614      0.73809524      233        120       
4.16963539      0.68452381      215        110       
4.17648464      0.72321429      224        120       
4.18333368      0.64880952      205        110       
4.19018293      0.66369048      199        123       
4.19703218      0.66071429      209        111       
4.20388143      0.69642857      219        116       
4.21073047      0.66666667      213        115       
4.21757972      0.67261905      199        129       
4.22442897      0.68154762      210        124       
4.23127821      0.67261905      201        125       
4.23812746      0.64880952      198        118       
4.24497651      0.66964286      203        114       
4.25182575      0.63988095      199        98        
4.25867500      0.64880952      191        112       
4.26552425      0.64583333      187        118       
4.27237329      0.60416667      183        105       
4.27922254      0.66369048      193        124       
4.28607179      0.67261905      202        124       
4.29292104      0.66071429      197        119       
4.29977008      0.72619048      222        122       
4.30661933      0.71130952      211        122       
4.31346858      0.64285714      194        110       
4.31591327      0.65476190      201        116       
4.32276252      0.69642857      199        125       
4.32961177      0.73809524      215        139       
4.33646081      0.75595238      231        137       
4.34331006      0.75595238      243        135       
4.35015931      0.75297619      209        154       
4.35700856      0.76190476      222        140       
4.36385760      0.72619048      206        143       
4.37070685      0.70238095      212        126       
4.37755610      0.77976190      220        158       
4.38440535      0.70535714      191        146       
4.39125439      0.67261905      189        131       
4.39810364      0.77976190      220        138       
4.40495289      0.67261905      185        145       
4.41180213      0.71130952      197        144       
4.41865138      0.68452381      185        150       
4.42550042      0.73809524      215        147       
4.43234967      0.73809524      221        130       
4.43919892      0.71130952      209        134       
4.44604817      0.72023810      219        136       
4.45289721      0.76785714      231        136       
4.45974646      0.72916667      223        134       
4.46659571      0.74107143      218        135       
4.47344496      0.75595238      231        136       
4.48029400      0.74107143      223        142       
4.48714325      0.74107143      214        137       
4.49399250      0.70833333      207        138       
4.50084174      0.69345238      202        134       
4.50769099      0.72619048      216        126       
4.51454004      0.70535714      210        137       
4.52138928      0.71428571      217        126       
4.52823853      0.74702381      221        134       
4.53508778      0.74107143      234        136       
4.54193682      0.74404762      214        142       
4.54878607      0.70833333      204        140       
4.55563532      0.70238095      203        133       
4.56248457      0.64285714      180        131       
4.56933361      0.68750000      201        132       
4.57618286      0.70238095      202        136       
4.58303211      0.71130952      203        134       
4.58988136      0.66369048      185        137       
4.59673040      0.72619048      217        136       
4.60357965      0.72023810      206        138       
4.61042890      0.75000000      218        138       
4.61727814      0.73214286      212        140       
4.62412739      0.75892857      206        160       
4.63097644      0.71428571      212        139       
4.63782568      0.69345238      199        144       
4.64467493      0.67559524      190        143       
4.65152418      0.72023810      197        146       
4.65837322      0.72619048      191        170       
4.66522247      0.68452381      177        160       
4.67207172      0.71428571      192        167       
4.67892097      0.67559524      179        151       
4.68577001      0.70833333      181        174       
4.69261926      0.73511905      210        161       
4.69946851      0.70535714      187        164       
4.70250501      0.72619048      204        152       
4.70935426      0.68452381      183        155       
4.71620351      0.68750000      190        148       
4.72305255      0.70833333      207        146       
4.72990180      0.70238095      206        140       
4.73675105      0.76488095      215        154       
4.74360030      0.71428571      214        125       
4.75044934      0.74404762      222        133       
4.75729859      0.74404762      224        128       
4.76414784      0.74702381      212        136       
4.77099709      0.74404762      234        135       
4.77784613      0.72619048      216        140       
4.78469538      0.75297619      218        158       
4.79154462      0.75000000      205        162       
4.79839387      0.71726190      221        134       
4.80524312      0.72619048      209        151       
4.81209216      0.76785714      220        151       
4.81894141      0.74107143      219        134       
4.82579066      0.74702381      229        139       
4.83263991      0.76488095      229        137       
4.83948895      0.76190476      234        140       
4.84633820      0.77976190      231        144       
4.85318745      0.72321429      216        136       
4.86003670      0.76488095      232        138       
4.86688574      0.78273810      236        142       
4.87373499      0.75297619      226        138       
4.88058424      0.77678571      235        141       
4.88743348      0.77678571      229        148       
4.89428273      0.78571429      236        136       
4.90113178      0.76785714      237        130       
4.90798102      0.75297619      229        136       
4.91483027      0.81547619      252        147       
4.92167952      0.77083333      232        137       
4.92852856      0.75595238      232        131       
4.93537781      0.76190476      236        136       
4.94222706      0.74107143      220        139       
4.94907631      0.75892857      228        144       
4.95592535      0.80357143      241        143       
4.96277460      0.82440476      236        168       
4.96962385      0.73809524      217        136       
4.97647310      0.78869048      239        144       
4.98332214      0.79166667      236        142       
4.99017139      0.76190476      232        131       
4.99702064      0.74404762      216        145       
5.00386988      0.75595238      220        148       
5.01071913      0.72619048      213        136       
5.01756818      0.75892857      227        143       
5.02441742      0.77083333      225        149       
5.03126667      0.73214286      206        148       
5.03811592      0.72321429      207        144       
5.04496496      0.73511905      202        156       
5.05181421      0.75595238      213        148       
5.05866346      0.73809524      216        138       
5.06551271      0.73214286      223        126       
5.07236175      0.72321429      212        133       
5.07921100      0.79166667      253        141       
5.08606025      0.77083333      217        148       
5.08945741      0.77380952      226        135       
5.09630666      0.72916667      211        139       
5.10315591      0.76488095      218        152       
5.11000495      0.75595238      226        132       
5.11685420      0.77976190      229        147       
5.12370345      0.79166667      232        151       
5.13055270      0.73511905      213        149       
5.13740174      0.77083333      238        137       
5.14425099      0.75892857      226        133       
5.15110024      0.80952381      257        142       
5.15794948      0.73809524      209        152       
5.16479853      0.76488095      205        154       
5.17164778      0.76488095      224        145       
5.17849702      0.77380952      231        141       
5.18534627      0.72321429      213        129       
5.19219552      0.75595238      223        133       
5.19904456      0.74107143      215        149       
5.20589381      0.79464286      235        147       
5.21274306      0.71428571      208        136       
5.21959231      0.76785714      214        146       
5.22644135      0.71428571      201        142       
5.23329060      0.72321429      204        159       
5.24013985      0.73809524      199        152       
5.24698910      0.73809524      200        155       
5.25383814      0.72916667      208        150       
5.26068739      0.71130952      203        142       
5.26753664      0.75595238      204        155       
5.27438588      0.75000000      209        155       
5.28123513      0.71130952      200        145       
5.28808418      0.75297619      206        152       
5.29493342      0.72619048      193        156       
5.30178267      0.73214286      212        139       
5.30863192      0.77380952      223        152       
5.31548096      0.78273810      221        156       
5.32233021      0.75000000      220        146       
5.32917946      0.72321429      217        136       
5.33602871      0.79761905      239        148       
5.34287775      0.74107143      212        148       
5.34972700      0.73809524      225        138       
5.35657625      0.74107143      218        136       
5.36342550      0.75892857      219        142       
5.37027454      0.74702381      220        137       
5.37712379      0.76190476      225        144       
5.38397304      0.80059524      246        136       
5.39082228      0.73214286      219        134       
5.39767153      0.73809524      218        134       
5.40452057      0.71130952      219        122       
5.41136982      0.76190476      242        131       
5.41821907      0.75595238      229        138       
5.42506832      0.75000000      235        128       
5.43191736      0.76190476      231        130       
5.43876661      0.74107143      219        142       
5.44561586      0.72619048      223        130       
5.45246511      0.74702381      224        133       
5.45931415      0.71130952      200        136       
5.46616340      0.75892857      218        145       
5.47301265      0.77976190      224        155       
5.47633153      0.75892857      222        144       
5.48318078      0.75595238      211        152       
5.49003003      0.69940476      197        142       
5.49687907      0.69047619      187        152       
5.50372832      0.73214286      206        146       
5.51057757      0.74702381      199        160       
5.51742682      0.73511905      202        154       
5.52427586      0.70833333      194        142       
5.53112511      0.72916667      202        146       
5.53797436      0.74702381      210        156       
5.54482360      0.72916667      201        147       
5.55167265      0.77976190      216        158       
5.55852190      0.73214286      201        150       
5.56537114      0.77678571      221        152       
5.57222039      0.78273810      230        140       
5.57906964      0.75297619      224        132       
5.58591868      0.72321429      206        141       
5.59276793      0.72321429      207        146       
5.59961718      0.71428571      208        134       
5.60646643      0.76785714      231        141       
5.61331547      0.77380952      238        131       
5.62016472      0.79761905      228        154       
5.62701397      0.76190476      223        142       
5.63386322      0.76190476      227        146       
5.64071226      0.72916667      213        142       
5.64756151      0.77678571      230        144       
5.65441076      0.74107143      220        139       
5.66126000      0.75297619      221        134       
5.66810925      0.75595238      218        143       
5.67495830      0.77380952      232        135       
5.68180754      0.76488095      228        137       
5.68865679      0.79464286      233        160       
5.69550604      0.75000000      219        142       
5.70235508      0.73511905      213        139       
5.70920433      0.73214286      216        133       
5.71605358      0.73214286      223        125       
5.72290283      0.76785714      237        135       
5.72975187      0.74404762      229        129       
5.73660112      0.74702381      230        133       
5.74345037      0.77380952      224        160       
5.75029962      0.70238095      214        122       
5.75714866      0.75892857      222        141       
5.76399791      0.70833333      194        148       
5.77084716      0.72023810      221        136       
5.77769640      0.72619048      210        143       
5.78454565      0.71726190      211        136       
5.79139469      0.72321429      209        147       
5.79824394      0.75000000      201        154       
5.80509319      0.77976190      219        146       
5.81194244      0.72619048      212        127       
5.81879148      0.70535714      195        142       
5.82564073      0.76785714      227        139       
5.83248998      0.74404762      234        127       
5.83933923      0.77380952      229        137       
5.84618827      0.73511905      218        136       
5.85303752      0.79166667      236        128       
5.85988677      0.81250000      254        125       
5.86314151      0.75595238      233        122       
5.86999076      0.75595238      230        130       
5.87684001      0.77976190      238        128       
5.88368905      0.78571429      240        130       
5.89053830      0.73214286      222        126       
5.89738755      0.75892857      226        132       
5.90423680      0.81250000      251        132       
5.91108584      0.78869048      242        128       
5.91793509      0.78869048      235        138       
5.92478434      0.73214286      242        120       
5.93163358      0.80654762      247        134       
5.93848263      0.80654762      249        136       
5.94533188      0.78273810      241        129       
5.95218112      0.77083333      238        119       
5.95903037      0.75595238      232        126       
5.96587962      0.73809524      227        117       
5.97272866      0.80059524      243        134       
5.97957791      0.75595238      241        125       
5.98642716      0.77083333      233        134       
5.99327641      0.69940476      202        139       
6.00012545      0.72916667      212        132       
6.00697470      0.77380952      231        132       
6.01382395      0.74404762      225        130       
6.02067320      0.76785714      249        129       
6.02752224      0.74107143      249        114       
6.03437149      0.74404762      217        140       
6.04122074      0.77083333      231        138       
6.04806998      0.79166667      238        129       
6.05491923      0.76785714      228        142       
6.06176828      0.77678571      236        128       
6.06861752      0.76190476      237        125       
6.07546677      0.72023810      212        135       
6.08231602      0.70833333      201        151       
6.08916506      0.70535714      202        131       
6.09601431      0.74404762      215        143       
6.10286356      0.77380952      229        145       
6.10971281      0.74107143      213        141       
6.11656185      0.72619048      213        131       
6.12341110      0.74404762      218        138       
6.13026035      0.74404762      218        137       
6.13710960      0.67261905      193        139       
6.14395864      0.74404762      221        133       
6.15080789      0.70535714      194        145       
6.15765713      0.71726190      199        146       
6.16450638      0.70833333      209        139       
6.17135563      0.69345238      190        151       
6.17820467      0.71130952      197        147       
6.18505392      0.69940476      205        140       
6.19190317      0.70238095      190        146       
6.19875242      0.74702381      214        143       
6.20560146      0.75000000      219        152       
6.21245071      0.69642857      190        147       
6.21929996      0.75297619      223        139       
6.22614921      0.74107143      214        150       
6.23299825      0.66666667      190        140       
6.23984750      0.72321429      207        161       
6.24669675      0.74404762      206        150       
6.24955149      0.72023810      201        159       
6.25640074      0.72023810      198        152       
6.26324998      0.74702381      212        148       
6.27009903      0.72916667      211        144       
6.27694828      0.71726190      205        148       
6.28379752      0.68750000      203        134       
6.29064677      0.75892857      215        151       
6.29749582      0.75595238      216        147       
6.30434506      0.75000000      217        148       
6.31119431      0.74107143      208        148       
6.31804356      0.72916667      206        143       
6.32489260      0.73214286      207        144       
6.33174185      0.73511905      210        146       
6.33859110      0.74404762      210        154       
6.34544035      0.70833333      197        144       
6.35228960      0.74107143      199        154       
6.35913864      0.71130952      213        127       
6.36598789      0.68154762      199        133       
6.37283714      0.70238095      199        147       
6.37968638      0.71726190      206        161       
6.38653543      0.67857143      195        133       
6.39338468      0.72023810      206        146       
6.40023392      0.69940476      206        129       
6.40708317      0.72916667      208        150       
6.41393221      0.74702381      216        152       
6.42078146      0.68452381      194        141       
6.42763071      0.71726190      206        152       
6.43447996      0.71726190      203        146       
6.44132921      0.72023810      202        145       
6.44817825      0.68452381      199        126       
6.45502750      0.74404762      206        152       
6.46187675      0.67857143      197        125       
6.46872600      0.73214286      209        145       
6.47557504      0.69642857      204        134       
6.48242429      0.72321429      210        142       
6.48927354      0.69345238      202        138       
6.49612278      0.74702381      220        144       
6.50297183      0.73214286      203        142       
6.50982107      0.70833333      197        142       
6.51667032      0.72916667      212        148       
6.52351957      0.70833333      214        126       
6.53036861      0.69940476      200        136       
6.53721786      0.73511905      204        140       
6.54406711      0.73214286      218        132       
6.55091636      0.73809524      219        129       
6.55776561      0.62797619      185        121       
6.56461465      0.75000000      220        138       
6.57146390      0.72619048      212        142       
6.57831315      0.72023810      210        137       
6.58516239      0.70238095      205        131       
6.59201144      0.71726190      200        146       
6.59886069      0.70833333      204        140       
6.60570993      0.69047619      208        125       
6.61255918      0.75892857      219        148       
6.61940823      0.72916667      208        141       
6.62625747      0.71726190      210        139       
6.63310672      0.70833333      212        139       
6.63632028      0.70833333      209        138       
6.64316953      0.67261905      190        134       
6.65001878      0.73511905      215        139       
6.65686782      0.75297619      219        152       
6.66371707      0.68452381      197        135       
6.67056631      0.71726190      204        146       
6.67741556      0.72619048      208        133       
6.68426461      0.72619048      201        145       
6.69111385      0.70833333      211        127       
6.69796310      0.69047619      197        141       
6.70481235      0.70833333      193        142       
6.71166139      0.71130952      210        138       
6.71851064      0.69940476      211        131       
6.72535989      0.72916667      214        140       
6.73220914      0.72916667      219        136       
6.73905839      0.73511905      208        145       
6.74590743      0.69940476      197        143       
6.75275668      0.69940476      199        142       
6.75960593      0.73214286      212        144       
6.76645517      0.71726190      207        155       
6.77330422      0.72619048      214        134       
6.78015347      0.73511905      220        136       
6.78700271      0.72619048      214        129       
6.79385196      0.71130952      205        142       
6.80070101      0.73214286      211        146       
6.80755025      0.72023810      211        142       
6.81439950      0.70535714      202        136       
6.82124875      0.63988095      176        141       
6.82809800      0.72023810      210        139       
6.83494704      0.68750000      192        152       
6.84179629      0.67559524      190        158       
6.84864554      0.67857143      179        159       
6.85549479      0.68154762      191        146       
6.86234383      0.72023810      179        162       
6.86919308      0.70535714      195        156       
6.87604233      0.71130952      188        165       
6.88289157      0.70238095      184        163       
6.88974062      0.69345238      185        159       
6.89658987      0.67559524      184        148       
6.90343911      0.67261905      174        159       
6.91028836      0.73809524      199        167       
6.91713741      0.68154762      185        154       
6.92398665      0.72916667      197        158       
6.93083590      0.70238095      187        156       
6.93768515      0.69642857      179        160       
6.94453440      0.68750000      192        150       
6.95138344      0.71726190      182        167       
6.95823269      0.69940476      190        158       
6.96508194      0.70238095      193        155       
6.97193119      0.64285714      169        147       
6.97878023      0.67261905      180        148       
6.98562948      0.65178571      177        153       
6.99247873      0.67559524      186        144       
6.99932797      0.67261905      177        148       
7.00617702      0.68452381      179        158       
7.01302627      0.68452381      185        156       
7.01987551      0.71130952      193        154       
7.02357453      0.71130952      185        170       
7.03042377      0.71726190      194        157       
7.03727302      0.67261905      183        154       
7.04412206      0.71428571      188        165       
7.05097131      0.70535714      192        154       
7.05782056      0.67261905      188        153       
7.06466981      0.67261905      191        145       
7.07151885      0.69047619      192        150       
7.07836810      0.70535714      198        151       
7.08521735      0.68750000      190        144       
7.09206660      0.69047619      183        158       
7.09891564      0.69940476      184        169       
7.10576489      0.69940476      194        161       
7.11261414      0.64880952      170        158       
7.11946339      0.66369048      177        161       
7.12631263      0.66964286      176        148       
7.13316168      0.72619048      191        174       
7.14001092      0.69047619      184        164       
7.14686017      0.76785714      198        177       
7.15370942      0.69642857      183        158       
7.16055846      0.70535714      184        157       
7.16740771      0.72023810      195        161       
7.17425696      0.70238095      193        158       
7.18110621      0.68452381      180        162       
7.18795525      0.62797619      168        139       
7.19480450      0.68154762      169        166       
7.20165375      0.68154762      180        155       
7.20850300      0.68750000      190        154       
7.21535225      0.70535714      186        172       
7.22220129      0.66369048      173        155       
7.22905054      0.71130952      190        165       
7.23589978      0.70833333      186        159       
7.24274903      0.67261905      183        161       
7.24959808      0.67261905      176        162       
7.25644732      0.71428571      202        151       
7.26329657      0.75000000      210        153       
7.27014582      0.71130952      197        152       
7.27699486      0.72023810      201        154       
7.28384411      0.73214286      208        148       
7.29069336      0.64880952      183        134       
7.29754261      0.70238095      206        138       
7.30439165      0.69047619      189        148       
7.31124090      0.69345238      192        139       
7.31809015      0.71726190      199        143       
7.32493940      0.72619048      203        145       
7.33178864      0.74404762      213        155       
7.33863769      0.74404762      213        147       
7.34548694      0.75892857      208        160       
7.35233618      0.72321429      195        150       
7.35918543      0.69047619      185        147       
7.36603448      0.69642857      186        158       
7.37288372      0.74107143      221        159       
7.37973297      0.75595238      222        170       
7.38658222      0.68750000      183        151       
7.39343126      0.68154762      181        148       
7.40028051      0.66666667      183        154       
7.40712976      0.68452381      181        156       
7.41066770      0.69642857      192        165       
7.41751695      0.66964286      169        170       
7.42436620      0.72321429      180        177       
7.43121524      0.71130952      193        163       
7.43806449      0.68452381      174        159       
7.44491374      0.72619048      184        177       
7.45176299      0.68154762      171        165       
7.45861203      0.67559524      191        151       
7.46546128      0.72321429      182        181       
7.47231053      0.71726190      186        167       
7.47915978      0.67857143      174        160       
7.48600882      0.70535714      172        166       
7.49285807      0.69642857      178        158       
7.49970732      0.69047619      197        155       
7.50655656      0.70238095      175        167       
7.51340581      0.70535714      182        164       
7.52025486      0.70535714      185        159       
7.52710410      0.70535714      186        156       
7.53395335      0.65178571      181        151       
7.54080260      0.67857143      177        155       
7.54765164      0.71428571      189        170       
7.55450089      0.70833333      181        167       
7.56135014      0.72023810      188        166       
7.56819939      0.70535714      184        166       
7.57504843      0.77976190      202        187       
7.58189768      0.66666667      169        161       
7.58874693      0.69345238      183        164       
7.59559618      0.72023810      182        174       
7.60244542      0.69047619      173        163       
7.60929447      0.71130952      190        156       
7.61614372      0.70833333      187        161       
7.62299296      0.70833333      183        161       
7.62984221      0.69047619      183        155       
7.63669126      0.65476190      170        150       
7.64354050      0.67559524      178        154       
7.65038975      0.68452381      171        165       
7.65723900      0.70535714      180        173       
7.66408804      0.67559524      170        165       
7.67093729      0.68154762      180        157       
7.67778654      0.67261905      164        168       
7.68463579      0.69642857      174        178       
7.69148483      0.69940476      176        171       
7.69833408      0.68750000      165        179       
7.70518333      0.70833333      194        160       
7.71203258      0.69047619      168        176       
7.71888182      0.63988095      157        166       
7.72573087      0.70238095      176        173       
7.73258012      0.65476190      166        165       
7.73942936      0.66369048      154        177       
7.74627861      0.66964286      174        160       
7.75312765      0.69047619      182        161       
7.75997690      0.70833333      178        168       
7.76682615      0.76190476      190        177       
7.77367540      0.69345238      170        174       
7.78052444      0.70238095      190        162       
7.78737369      0.74404762      175        184       
7.79422294      0.72619048      181        174       
7.79761498      0.66369048      176        150       
7.80446423      0.73511905      189        179       
7.81131348      0.71428571      183        167       
7.81816252      0.73511905      180        184       
7.82501177      0.75892857      198        171       
7.83186102      0.70535714      173        174       
7.83871027      0.71428571      179        170       
7.84555931      0.71428571      168        185       
7.85240856      0.75595238      184        192       
7.85925780      0.74404762      183        184       
7.86610705      0.74702381      187        178       
7.87295610      0.74107143      181        183       
7.87980534      0.72321429      185        173       
7.88665459      0.70535714      172        172       
7.89350384      0.75000000      189        179       
7.90035309      0.74702381      192        182       
7.90720213      0.72619048      180        172       
7.91405138      0.72916667      192        182       
7.92090063      0.73214286      190        164       
7.92774988      0.71428571      173        183       
7.93459892      0.68452381      174        161       
7.94144817      0.70833333      180        182       
7.94829742      0.72619048      174        192       
7.95514666      0.73214286      186        182       
7.96199571      0.74107143      183        198       
7.96884496      0.72916667      185        181       
7.97569420      0.74107143      197        172       
7.98254345      0.76190476      196        191       
7.98939270      0.71130952      172        177       
7.99624174      0.73809524      191        179       
8.00309099      0.74702381      185        185       
8.00994024      0.72916667      174        194       
8.01678949      0.73214286      178        190       
8.02363853      0.75595238      192        193       
8.03048778      0.74404762      200        183       
8.03733703      0.76488095      202        183       
8.04418628      0.75595238      192        186       
8.05103532      0.73809524      202        171       
8.05788457      0.67261905      163        162       
8.06473382      0.72023810      182        170       
8.07158306      0.73809524      192        167       
8.07843211      0.70238095      173        179       
8.08528136      0.75000000      186        184       
8.09213060      0.67261905      161        169       
8.09897985      0.67261905      166        160       
8.10582910      0.71130952      163        186       
8.11267814      0.75297619      191        170       
8.11952739      0.72916667      183        190       
8.12637664      0.72916667      177        188       
8.13322589      0.73809524      189        186       
8.14007493      0.76785714      207        182       
8.14692418      0.75000000      197        175       
8.15377343      0.75000000      184        183       
8.16062268      0.73511905      187        174       
8.16747172      0.73214286      180        181       
8.17432097      0.74107143      177        186       
8.18117022      0.68154762      176        162       
8.18479792      0.74107143      189        179       
8.19164716      0.73214286      175        183       
8.19849641      0.78273810      199        184       
8.20534545      0.76190476      175        200       
8.21219470      0.80952381      205        192       
8.21904395      0.80952381      213        190       
8.22589320      0.76488095      195        184       
8.23274224      0.79464286      209        188       
8.23959149      0.79166667      205        193       
8.24644074      0.81250000      211        193       
8.25328999      0.77380952      206        180       
8.26013903      0.79761905      221        182       
8.26698828      0.80357143      216        191       
8.27383753      0.78571429      214        177       
8.28068678      0.78869048      217        170       
8.28753602      0.81845238      236        183       
8.29438507      0.79166667      204        194       
8.30123431      0.82142857      235        187       
8.30808356      0.78273810      214        181       
8.31493281      0.75595238      210        170       
8.32178185      0.77678571      200        181       
8.32863110      0.77976190      205        178       
8.33548035      0.77083333      216        174       
8.34232960      0.80952381      222        182       
8.34917864      0.77380952      211        180       
8.35602789      0.79166667      224        173       
8.36287714      0.78273810      222        180       
8.36972639      0.84821429      231        199       
8.37657563      0.83035714      222        195       
8.38342468      0.79166667      201        192       
8.39027393      0.80357143      203        197       
8.39712317      0.78869048      206        189       
8.40397242      0.77380952      198        190       
8.41082147      0.77976190      212        176       
8.41767071      0.79761905      225        176       
8.42451996      0.77678571      227        166       
8.43136921      0.79761905      214        178       
8.43821825      0.71726190      190        174       
8.44506750      0.81250000      217        200       
8.45191675      0.73214286      194        172       
8.45876600      0.77083333      200        173       
8.46561504      0.79464286      209        189       
8.47246429      0.72619048      182        180       
8.47931354      0.73809524      200        183       
8.48616279      0.81547619      211        204       
8.49301203      0.75892857      194        191       
8.49986108      0.73511905      190        185       
8.50671033      0.76785714      187        199       
8.51355957      0.72023810      174        194       
8.52040882      0.75000000      186        201       
8.52725787      0.78571429      213        190       
8.53410711      0.72321429      184        190       
8.54095636      0.78273810      209        183       
8.54780561      0.81845238      207        202       
8.55465465      0.81845238      212        202       
8.56150390      0.80357143      202        206       
8.56835315      0.79166667      212        190       
8.57214868      0.75595238      198        181       
8.57899793      0.76488095      200        188       
8.58584718      0.72321429      199        168       
8.59269622      0.80357143      197        207       
8.59954547      0.77976190      204        192       
8.60639472      0.70833333      178        176       
8.61324396      0.78273810      200        182       
8.62009301      0.77380952      205        180       
8.62694225      0.76190476      200        177       
8.63379150      0.76785714      204        180       
8.64064075      0.78869048      220        186       
8.64748979      0.78571429      202        194       
8.65433904      0.77380952      200        184       
8.66118829      0.73511905      184        180       
8.66803754      0.77083333      199        188       
8.67488679      0.77976190      203        189       
8.68173583      0.74702381      188        185       
8.68858508      0.80059524      229        172       
8.69543433      0.79166667      218        179       
8.70228357      0.81845238      210        188       
8.70913262      0.72321429      191        170       
8.71598187      0.77083333      204        177       
8.72283111      0.75595238      210        161       
8.72968036      0.72619048      188        169       
8.73652941      0.77678571      205        179       
8.74337865      0.77976190      211        180       
8.75022790      0.71726190      175        187       
8.75707715      0.76190476      206        176       
8.76392640      0.78869048      226        171       
8.77077544      0.79761905      204        190       
8.77762469      0.75595238      195        181       
8.78447394      0.80059524      207        178       
8.79132319      0.77976190      190        203       
8.79817223      0.75892857      207        168       
8.80502148      0.80654762      211        188       
8.81187073      0.75892857      211        152       
8.81871997      0.75892857      193        194       
8.82556902      0.76488095      189        194       
8.83241827      0.80357143      202        203       
8.83926751      0.74404762      190        182       
8.84611676      0.75892857      183        193       
8.85296581      0.73511905      187        183       
8.85981505      0.74404762      184        185       
8.86666430      0.79464286      207        192       
8.87351355      0.81250000      211        189       
8.88036280      0.77678571      216        177       
8.88721184      0.80357143      192        211       
8.89406109      0.75000000      200        187       
8.90091034      0.79166667      201        203       
8.90775959      0.75892857      189        181       
8.91460863      0.77678571      191        186       
8.92145788      0.74702381      196        175       
8.92830713      0.73511905      190        175       
8.93515637      0.75595238      203        172       
8.94200542      0.82440476      220        183       
8.94885467      0.72023810      189        163       
8.95570391      0.75297619      196        180       
8.95949903      0.74702381      197        186       
8.96634828      0.75297619      192        175       
8.97319753      0.75892857      189        187       
8.98004657      0.75892857      193        179       
8.98689582      0.73809524      182        178       
8.99374507      0.73809524      182        181       
9.00059432      0.76190476      184        197       
9.00744336      0.75297619      178        198       
9.01429261      0.73511905      185        184       
9.02114186      0.67857143      155        183       
9.02799111      0.70238095      162        202       
9.03484015      0.72023810      165        193       
9.04168940      0.69940476      171        185       
9.04853864      0.67559524      165        173       
9.05538789      0.64285714      152        173       
9.06223714      0.75000000      182        194       
9.06908618      0.66071429      158        180       
9.07593543      0.69345238      168        176       
9.08278468      0.72321429      176        189       
9.08963393      0.72916667      186        178       
9.09648297      0.72916667      186        179       
9.10333222      0.74702381      190        182       
9.11018147      0.73214286      188        175       
9.11703072      0.73214286      180        187       
9.12387976      0.72916667      182        183       
9.13072901      0.75892857      188        186       
9.13757826      0.70833333      175        175       
9.14442750      0.71428571      188        161       
9.15127675      0.66666667      169        156       
9.15812580      0.72023810      200        171       
9.16497504      0.69345238      175        165       
9.17182429      0.71726190      181        180       
9.17867354      0.66666667      165        173       
9.18552258      0.68154762      166        180       
9.19237183      0.70238095      176        178       
9.19922108      0.75595238      184        193       
9.20607033      0.69940476      177        177       
9.21291937      0.68452381      161        185       
9.21976862      0.76785714      187        194       
9.22661787      0.73809524      186        188       
9.23346712      0.73511905      170        197       
9.24031616      0.70238095      178        174       
9.24716541      0.69642857      169        175       
9.25401466      0.75297619      184        188       
9.26086390      0.74107143      183        186       
9.26771315      0.72321429      184        179       
9.27456220      0.70238095      180        167       
9.28141144      0.75595238      191        186       
9.28826069      0.72916667      180        170       
9.29510994      0.72916667      187        186       
9.30195898      0.72916667      182        175       
9.30880823      0.75297619      186        187       
9.31565748      0.73214286      178        190       
9.32250673      0.75297619      181        190       
9.32935577      0.76190476      181        200       
9.33620502      0.69047619      173        173       
9.34305427      0.75892857      188        198       
9.34660553      0.73511905      191        175       
9.35345478      0.69047619      159        185       
9.36030403      0.72916667      189        173       
9.36715307      0.72023810      187        181       
9.37400232      0.73214286      185        182       
9.38085157      0.75000000      181        184       
9.38770082      0.75000000      174        194       
9.39454986      0.72321429      171        188       
9.40139911      0.74107143      188        181       
9.40824836      0.72916667      180        188       
9.41509760      0.63392857      163        147       
9.42194665      0.75892857      173        197       
9.42879590      0.80952381      198        200       
9.43564514      0.76190476      179        195       
9.44249439      0.74107143      183        188       
9.44934364      0.76785714      191        192       
9.45619268      0.71428571      169        171       
9.46304193      0.73214286      176        186       
9.46989118      0.74702381      190        176       
9.47674043      0.72619048      175        180       
9.48358947      0.75000000      191        180       
9.49043872      0.76488095      189        186       
9.49728797      0.71130952      179        170       
9.50413722      0.71428571      182        171       
9.51098626      0.75892857      189        189       
9.51783551      0.70833333      180        168       
9.52468476      0.76785714      188        188       
9.53153400      0.72321429      187        165       
9.53838325      0.76785714      196        179       
9.54523230      0.72916667      188        172       
9.55208154      0.72916667      168        188       
9.55893079      0.73214286      186        177       
9.56578004      0.72023810      187        164       
9.57262908      0.74702381      188        180       
9.57947833      0.74404762      186        175       
9.58632758      0.73511905      180        179       
9.59317683      0.75000000      185        183       
9.60002587      0.75595238      192        179       
9.60687512      0.79464286      191        200       
9.61372437      0.73214286      175        188       
9.62057362      0.74404762      181        189       
9.62742266      0.73214286      182        182       
9.63427191      0.75000000      180        185       
9.64112116      0.75000000      181        185       
9.64797040      0.77678571      190        202       
9.65481965      0.80952381      198        200       
9.66166869      0.74107143      182        189       
9.66851794      0.76785714      188        188       
9.67536719      0.80952381      202        184       
9.68221644      0.73214286      179        178       
9.68906548      0.74702381      169        193       
9.69591473      0.77380952      191        191       
9.70276398      0.77678571      183        203       
9.70961323      0.79761905      202        185       
9.71646227      0.75595238      187        186       
9.72331152      0.81845238      208        199       
9.73016077      0.76785714      198        184       
9.73402658      0.79166667      195        191       
