   0.00579         0         0         0        0.00000
   0.01188         0         0         0        0.00000
   0.01812         0         0         0        0.00000
   0.01835         0         0         0        0.00000
   0.02470         0         0         0        0.00000
   0.02525         0         0         0        0.00000
   0.03172         0         0         0        0.00000
   0.03271         0         0         0        0.00000
   0.03923         0         0         0        0.00000
   0.04426         0         0         0        0.00000
   0.05085         0         0         0        0.01488
   0.05627         0         0         0        0.00000
   0.06294         4         0         0        0.00595
   0.06960         0         0         0        0.00000
   0.07292         0         0         0        0.00000
   0.07967         2         0         0        0.02083
   0.08642         4         0         0        0.00595
   0.09317         0         0         0        0.01488
   0.09463         0         0         0        0.01488
   0.10154        22         0         4        0.09821
   0.10844        12        13         3        0.11905
   0.11535        11         4         0        0.17560
   0.12225        15        47         0        0.16369
   0.12916        11        32         0        0.15774
   0.13606         9        33         0        0.17262
   0.14297         9        69         0        0.19940
   0.14987        47        81         0        0.29167
   0.15678        51        70         0        0.34226
   0.16368         4       107         0        0.30060
   0.17059        14       122         0        0.25595
   0.17749        17        83         0        0.19940
   0.18440        22       119         0        0.26488
   0.19131        11       106         0        0.28274
   0.19821        33       103         0        0.29464
   0.20512        26       132         0        0.33333
   0.21202        11       165         1        0.30060
   0.21893        12       177         0        0.36310
   0.22583         8       153         0        0.29167
   0.23274         7       151         0        0.36905
   0.23964        18       170         0        0.30952
   0.24655         8       172         0        0.34524
   0.25345        14       164         2        0.31845
   0.26036         6       181         0        0.37798
   0.26726        15       183         0        0.35714
   0.27417        29       208         0        0.34821
   0.28108        22       187         0        0.36310
   0.28798        14       172         0        0.32440
   0.29489        14       214         2        0.35714
   0.30179        10       177         0        0.31845
   0.30870        22       185         0        0.38393
   0.31560        20       178         0        0.41667
   0.32251        27       181         0        0.36607
   0.32941        21       168         2        0.36607
   0.33632         8       167         0        0.26488
   0.34322        28       176         0        0.35417
   0.35013        10       173         0        0.36905
   0.35703        23       153         0        0.36012
   0.36394        35       128         0        0.30060
   0.37085        17       157         0        0.35714
   0.37775        20       202         0        0.47619
   0.38466        14       213         0        0.40774
   0.39156        15       253         0        0.41667
   0.39847        15       194         0        0.36607
   0.40537         7       202         0        0.38095
   0.41228         6       268         0        0.50893
   0.41918        27       241         0        0.46726
   0.42609        20       228         0        0.45833
   0.43299         8       254         0        0.52976
   0.43990        16       243         0        0.42560
   0.44680         8       317         0        0.45238
   0.45371        14       256         0        0.44048
   0.46062        29       294         4        0.45238
   0.46711        15       295         3        0.48214
   0.47401        14       228         0        0.42262
   0.48092        12       235         0        0.43155
   0.48782        16       263         0        0.49702
   0.49473        23       295         0        0.49405
   0.50163        19       272         0        0.50298
   0.50854        15       270         0        0.44940
   0.51544        15       300         0        0.50298
   0.52235         4       275         1        0.53571
   0.52926        12       322         0        0.54464
   0.53616        15       294         0        0.51190
   0.54307         7       299         0        0.47619
   0.54997        26       275         0        0.53869
   0.55688        13       243         0        0.50893
   0.56378        15       298         0        0.51786
   0.57069        19       239         0        0.48810
   0.57759        13       270         0        0.50893
   0.58450        42       272         0        0.50298
   0.59140        54       251         0        0.53869
   0.59831        18       253         0        0.46726
   0.60521        34       264         0        0.49107
   0.61212        23       237         0        0.47321
   0.61903        28       279         2        0.47321
   0.62593        17       324         0        0.54167
   0.63284        32       302         0        0.53869
   0.63974        31       259         0        0.51190
   0.64665        55       233         2        0.47024
   0.65355        56       244         0        0.49107
   0.66046        21       250         0        0.46429
   0.66736        20       273         3        0.54167
   0.67427        63       269         3        0.55357
   0.68117        34       219         0        0.50000
   0.68808        12       282         0        0.53869
   0.69498        21       279         2        0.54167
   0.70189        14       291         0        0.53869
   0.70880        23       331         0        0.60119
   0.71570        17       297         0        0.54167
   0.72261        12       316         0        0.54762
   0.72951        24       304         0        0.58036
   0.73642        22       319         0        0.58929
   0.74332         6       324         0        0.55952
   0.75023         6       316         0        0.58929
   0.75713         4       325         0        0.58631
   0.76404         7       327         0        0.63690
   0.77094         6       316         0        0.60714
   0.77785        14       330         0        0.61607
   0.78475        19       309         0        0.61607
   0.79166        19       316         0        0.61607
   0.79857        18       304         0        0.61607
   0.80547         5       277         0        0.52976
   0.81238        36       250         0        0.54464
   0.81928        20       312         2        0.58929
   0.82619         3       279         0        0.48512
   0.83309        16       334         0        0.56845
   0.83998        15       366         0        0.56845
   0.84689        17       321         0        0.56548
   0.85379        15       345         0        0.62202
   0.86070         9       313         0        0.52083
   0.86760         5       349         0        0.61607
   0.87451         1       304         0        0.57440
   0.88141        12       327         0        0.62798
   0.88832         9       355         0        0.64286
   0.89522        20       293         0        0.57143
   0.90213        15       317         0        0.58929
   0.90903        10       320         0        0.60417
   0.91594        16       319         0        0.62500
   0.92285        11       349         0        0.65774
   0.92975         5       278         0        0.48810
   0.93666        12       352         0        0.59821
   0.94356        30       328         0        0.63095
   0.95047        28       297         0        0.54464
   0.95737        17       371         0        0.57738
   0.96428         9       324         0        0.55952
   0.97118        20       307         0        0.60119
   0.97809        39       332         0        0.61905
   0.98499        13       319         0        0.55655
   0.99190        24       371         0        0.64286
   0.99880        12       301         0        0.56845
   1.00571        14       331         0        0.62202
   1.01262        21       351         0        0.64286
   1.01952        42       322         0        0.66667
   1.02643        15       298         0        0.62798
   1.03333        18       301         0        0.54762
   1.04024        19       299         0        0.55060
   1.04714        20       335         0        0.61905
   1.05405        23       355         0        0.61310
   1.06095        23       343         3        0.60714
   1.06786        15       309         0        0.54762
   1.07476        40       329         1        0.63690
   1.08167        33       339         0        0.61607
   1.08857        36       349         0        0.60417
   1.09548        34       355         0        0.61607
   1.10239        28       351         0        0.65476
   1.10929        26       341         0        0.63393
   1.11620        10       298         0        0.52381
   1.12310        14       295         0        0.54464
   1.13001        31       384         0        0.62500
   1.13691        11       331         0        0.60714
   1.14382        50       323         0        0.60417
   1.15072        38       286         3        0.59524
   1.15763        24       369         0        0.62202
   1.16453        19       342         0        0.65476
   1.17144        21       313         0        0.61310
   1.17834         9       405         0        0.65179
   1.18525        13       397         0        0.66369
   1.19216        19       349         0        0.67262
   1.19906        13       332         0        0.63690
   1.20597         7       331         0        0.62798
   1.21287        25       340         1        0.63393
   1.21323        11       328         0        0.59524
   1.22014         8       286         0        0.54762
   1.22704         6       373         0        0.62202
   1.23395         9       313         0        0.57738
   1.24085        16       359         0        0.61607
   1.24776        21       317         0        0.57143
   1.25467        17       374         0        0.66964
   1.26157        29       344         0        0.61310
   1.26848        25       337         0        0.62500
   1.27538        28       332         0        0.63393
   1.28229        19       354         0        0.66667
   1.28919        15       406         0        0.63393
   1.29610        24       353         0        0.64583
   1.30300        24       308         0        0.57738
   1.30991        21       378         0        0.64286
   1.31681        19       319         0        0.56845
   1.32372         6       334         0        0.58631
   1.33062        25       345         0        0.65774
   1.33753        13       303         0        0.53571
   1.34444        14       360         0        0.62798
   1.35134        12       342         0        0.57738
   1.35825        23       337         0        0.62202
   1.36515        44       315         0        0.68750
   1.37206        31       327         0        0.66071
   1.37896        56       387         0        0.66964
   1.38587        41       370         0        0.66369
   1.39277        73       335         0        0.60417
   1.39968        52       294         0        0.61012
   1.40658        14       367         0        0.63690
   1.41349        28       339         0        0.63393
   1.42039        21       342         0        0.59226
   1.42730        38       384         3        0.65179
   1.43421        21       344         0        0.61012
   1.44111        37       371         0        0.66369
   1.44802        25       372         0        0.60119
   1.45492        13       351         0        0.60119
   1.46183        18       373         0        0.63393
   1.46873        24       363         0        0.58929
   1.47564        41       348         0        0.63690
   1.48254         5       336         0        0.53571
   1.48945        19       388         0        0.58036
   1.49635        11       362         0        0.56845
   1.50326        19       357         0        0.59226
   1.51016        14       371         0        0.55060
   1.51707        10       314         0        0.50893
   1.52398        23       333         0        0.57440
   1.53088        26       358         0        0.57738
   1.53779        22       328         0        0.58036
   1.54469        28       329         0        0.58036
   1.55160        20       412         0        0.60417
   1.55850        45       372         0        0.60417
   1.56541        24       366         0        0.58929
   1.57231        21       326         0        0.59524
   1.57922        22       292         0        0.51786
   1.58612        13       370         0        0.56548
   1.58654        13       372         0        0.59226
   1.59345        23       387         0        0.56845
   1.60035        28       404         0        0.63393
   1.60726        20       395         0        0.60714
   1.61416        16       406         0        0.61012
   1.62107        10       374         0        0.58036
   1.62798        38       344         0        0.58929
   1.63488        12       352         0        0.59226
   1.64179        20       386         0        0.58631
   1.64869        19       354         0        0.58631
   1.65560        23       325         0        0.54762
   1.66250        23       343         0        0.57440
   1.66941        24       334         0        0.58333
   1.67631        15       332         0        0.58631
   1.68322        22       329         0        0.57738
   1.69012        14       314         0        0.52381
   1.69703        13       332         0        0.57440
   1.70393        12       371         0        0.60714
   1.71084         9       388         0        0.55952
   1.71775         8       351         0        0.54762
   1.72465         3       367         0        0.56845
   1.73156        35       341         0        0.59226
   1.73846        20       329         0        0.55060
   1.74537        32       340         1        0.55655
   1.75227        41       329         0        0.62798
   1.75918         3       338         0        0.54464
   1.76608        18       338         0        0.58929
   1.77299        19       437         3        0.67262
   1.77989        21       358         0        0.61905
   1.78680        21       383         0        0.60119
   1.79370        14       383         0        0.62500
   1.80061        13       284         0        0.52679
   1.80751        19       348         0        0.59821
   1.81442        13       297         0        0.52381
   1.82133        13       324         0        0.56548
   1.82823         7       343         0        0.54762
   1.83514        17       307         0        0.51488
   1.84204        38       385         0        0.61905
   1.84895        25       320         0        0.54762
   1.85585         7       366         0        0.56250
   1.86276        11       409         0        0.59226
   1.86966        12       382         0        0.61310
   1.87657        21       354         0        0.55060
   1.88347        13       421         0        0.61905
   1.89038         6       353         0        0.55060
   1.89729         7       353         0        0.55357
   1.90419        22       317         0        0.51786
   1.91110        22       362         0        0.56250
   1.91800         6       383         0        0.63095
   1.92491         5       407         0        0.58631
   1.93181         7       366         0        0.59226
   1.93872        14       370         0        0.61012
   1.94562        17       365         0        0.56548
   1.95253        23       355         0        0.55952
   1.95935        11       379         0        0.60714
   1.96626        14       338         0        0.52083
   1.97317         5       339         0        0.59821
   1.98007         4       358         0        0.53571
   1.98698        19       367         0        0.59524
   1.99388        21       374         0        0.58631
   2.00079        17       346         2        0.55952
   2.00769         8       350         0        0.59524
   2.01460         3       399         0        0.62202
   2.02150        26       424         0        0.61012
   2.02841         8       394         0        0.62500
   2.03531         6       425         0        0.66071
   2.04222         8       413         0        0.67560
   2.04912        22       410         0        0.68750
   2.05603        16       402         0        0.63095
   2.06294         6       408         0        0.68452
   2.06984        10       414         0        0.61607
   2.07675         7       386         0        0.64881
   2.08365         9       433         0        0.66071
   2.09056        10       448         0        0.66369
   2.09746         6       443         0        0.68155
   2.10437         8       437         0        0.67857
   2.11127         9       404         0        0.60119
   2.11818        16       404         0        0.62500
   2.12508        28       417         0        0.67857
   2.13199        18       418         0        0.66071
   2.13889        19       320         0        0.60119
   2.14580        27       372         0        0.63095
   2.15270        22       372         0        0.62202
   2.15961        41       392         2        0.61310
   2.16652        38       411         2        0.67262
   2.17342        29       396         0        0.61607
   2.18033        28       356         0        0.59524
   2.18723        18       320         0        0.57143
   2.19414        33       370         0        0.61905
   2.20104        38       344         0        0.56250
   2.20795        19       391         0        0.60119
   2.21485        53       403         3        0.66964
   2.22176        51       401         3        0.63095
   2.22866        34       389         0        0.60119
   2.23557        41       366         0        0.55952
   2.24247        33       341         0        0.56548
   2.24938        32       318         0        0.54762
   2.25629        45       386         0        0.55952
   2.26319        36       308         0        0.49405
   2.27010        26       352         0        0.52976
   2.27700        35       378         0        0.56250
   2.28391        28       401         0        0.63095
   2.29081        27       415         0        0.62500
   2.29772        35       375         4        0.59226
   2.30462        36       376         4        0.63988
   2.31153        55       404         2        0.66071
   2.31843        26       363         0        0.59821
   2.32534        25       406         0        0.60119
   2.33224        16       359         0        0.57143
   2.33292        32       343         0        0.55357
   2.33982        17       411         0        0.59226
   2.34673        34       411         0        0.64881
   2.35363        24       349         0        0.62500
   2.36054        12       374         0        0.62202
   2.36745        27       382         0        0.62798
   2.37435        33       405         0        0.62798
   2.38126        29       392         0        0.62202
   2.38816        13       331         0        0.56250
   2.39507        40       391         0        0.62202
   2.40197        33       377         0        0.61012
   2.40888        26       407         0        0.66964
   2.41578        26       405         0        0.64881
   2.42269        27       394         0        0.64286
   2.42959        34       414         0        0.62798
   2.43650        20       424         0        0.65476
   2.44340        21       360         0        0.65774
   2.45031        20       483         0        0.69345
   2.45722        28       437         0        0.68750
   2.46412        30       426         0        0.63690
   2.47103        34       476         0        0.68750
   2.47793         9       421         0        0.61310
   2.48484        23       369         0        0.65179
   2.49174        20       445         0        0.64881
   2.49865        25       381         0        0.62798
   2.50555        18       411         0        0.62798
   2.51246        12       402         0        0.66667
   2.51936        22       423         0        0.70238
   2.52627        30       492         0        0.72024
   2.53317        30       457         0        0.75000
   2.54008        17       371         0        0.64583
   2.54699        18       478         0        0.73512
   2.55389        25       394         0        0.65774
   2.56080        13       417         0        0.66369
   2.56770        30       414         0        0.65476
   2.57461        24       410         0        0.66964
   2.58151        24       412         0        0.66667
   2.58842        16       486         1        0.70833
   2.59532        24       420         0        0.68452
   2.60223        26       445         0        0.68452
   2.60913        23       470         0        0.69048
   2.61604        28       442         0        0.71131
   2.62294        28       457         0        0.72024
   2.62985        29       362         2        0.65476
   2.63676        28       415         1        0.70833
   2.64366        25       451         0        0.67560
   2.65057        21       432         0        0.66964
   2.65747        48       449         3        0.75298
   2.66438        17       478         0        0.72619
   2.67128        26       406         0        0.68750
   2.67819        37       418         0        0.69048
   2.68509        32       438         0        0.69940
   2.69200        31       475         0        0.73214
   2.69890        28       453         0        0.70238
   2.70581        25       424         2        0.71429
   2.70678        22       462         0        0.69643
   2.71368        35       390         2        0.69643
   2.72059        53       417         3        0.68750
   2.72749        17       350         0        0.64881
   2.73440        19       445         0        0.70536
   2.74130        33       457         2        0.67560
   2.74821        25       422         0        0.70238
   2.75511        15       410         0        0.62798
   2.76202        21       333         0        0.64583
   2.76893        27       417         0        0.66071
   2.77583        19       359         0        0.60714
   2.78274        11       367         0        0.61905
   2.78964        30       405         3        0.64881
   2.79655        31       390         1        0.63690
   2.80345        19       365         0        0.64286
   2.81036        21       407         0        0.64286
   2.81726        25       359         2        0.67262
   2.82417        24       444         3        0.70833
   2.83107        23       433         0        0.68155
   2.83798        37       414         2        0.69048
   2.84488        34       442         0        0.71726
   2.85179        22       475         0        0.71429
   2.85870        25       404         0        0.67857
   2.86560        41       421         2        0.69643
   2.87251        27       442         0        0.74107
   2.87941        17       391         0        0.63095
   2.88632        28       399         0        0.70536
   2.89322        36       410         0        0.66667
   2.90013        20       411         0        0.64881
   2.90703        26       408         0        0.68452
   2.91394        30       435         0        0.69940
   2.92084        19       419         0        0.70238
   2.92775        21       404         0        0.67262
   2.93465        19       432         0        0.68452
   2.94156        19       437         0        0.71131
   2.94847        20       448         0        0.70536
   2.95537        29       410         0        0.69643
   2.96228        12       439         0        0.69048
   2.96918        18       435         0        0.63393
   2.97609        20       401         0        0.71131
   2.98299        31       426         0        0.70238
   2.98990        28       467         0        0.71429
   2.99680        26       480         0        0.71131
   3.00371        16       408         0        0.72024
   3.01061        25       417         0        0.65774
   3.01752        27       465         0        0.70238
   3.02442        33       409         3        0.73214
   3.03133        24       406         0        0.72321
   3.03824        20       374         0        0.67560
   3.04514        24       406         2        0.64583
   3.05205        19       414         0        0.69940
   3.05895        28       420         0        0.68452
   3.06586        19       401         0        0.65476
   3.07276        32       373         0        0.68750
   3.07967        20       432         0        0.70536
   3.08042        28       415         0        0.69345
   3.08732        28       428         0        0.69940
   3.09423        24       438         0        0.68155
   3.10113        30       403         2        0.69643
   3.10804        34       390         3        0.69345
   3.11494        26       410         0        0.66369
   3.12185        24       430         0        0.67262
   3.12875        20       456         0        0.68452
   3.13566        30       460         0        0.71726
   3.14257        14       393         0        0.62798
   3.14947        21       466         0        0.70238
   3.15638        41       388         0        0.68750
   3.16328        27       408         0        0.65476
   3.17019        18       417         0        0.68750
   3.17709        20       426         0        0.68155
   3.18400        16       405         0        0.67262
   3.19090        15       445         0        0.70238
   3.19781        18       458         0        0.65179
   3.20471        32       408         0        0.66964
   3.21162        44       427         0        0.72619
   3.21852        23       386         0        0.68452
   3.22543        10       406         0        0.63393
   3.23234        17       401         0        0.63988
   3.23924        19       457         0        0.66964
   3.24615        13       424         0        0.66667
   3.25305        16       411         0        0.68452
   3.25996        22       439         0        0.67857
   3.26686        26       436         0        0.66369
   3.27377        28       433         0        0.70238
   3.28067        35       455         0        0.68750
   3.28758        40       442         2        0.72024
   3.29448        27       407         0        0.68155
   3.30139        15       412         0        0.69345
   3.30829        28       464         0        0.74405
   3.31520        27       430         0        0.70536
   3.32211        18       434         0        0.69048
   3.32901        23       398         0        0.64881
   3.33592        18       392         0        0.67560
   3.34282        19       428         0        0.71131
   3.34973        20       403         0        0.68155
   3.35663        19       446         0        0.69345
   3.36354        25       442         0        0.68452
   3.37044        23       433         0        0.69048
   3.37735        22       456         0        0.69048
   3.38425        20       415         0        0.68155
   3.39116        31       436         0        0.71429
   3.39806        31       414         0        0.68750
   3.40497        28       450         0        0.70536
   3.41188        37       402         0        0.70536
   3.41878        28       430         0        0.69345
   3.42569        17       417         0        0.66071
   3.43259        22       428         0        0.68750
   3.43950        18       440         0        0.68452
   3.44640        12       419         0        0.66369
   3.45331        22       443         0        0.67857
   3.45441        21       391         0        0.69345
   3.46131        23       444         0        0.70238
   3.46822        30       393         0        0.64583
   3.47512        26       422         0        0.68155
   3.48203        18       411         0        0.61905
   3.48894        23       386         0        0.67262
   3.49584        30       386         0        0.72024
   3.50275        21       481         0        0.72321
   3.50965        26       439         0        0.70833
   3.51656        18       455         0        0.71131
   3.52346        23       402         0        0.63690
   3.53037        30       450         0        0.71131
   3.53727        31       454         0        0.69048
   3.54418        30       440         0        0.65179
   3.55108        24       429         0        0.66667
   3.55799        22       445         0        0.66667
   3.56489        34       405         2        0.68155
   3.57180        21       394         0        0.67262
   3.57871        17       439         0        0.68750
   3.58561        19       441         0        0.62798
   3.59252        22       433         0        0.70238
   3.59942        19       434         0        0.71726
   3.60633        30       388         0        0.66667
   3.61323        18       336         0        0.63393
   3.62014        23       401         0        0.69345
   3.62704        30       438         0        0.70833
   3.63395        22       461         0        0.63393
   3.64085        42       442         0        0.65179
   3.64776        28       458         0        0.70238
   3.65466        33       470         0        0.65179
   3.66157        25       413         0        0.69048
   3.66848        24       352         0        0.64286
   3.67538        14       429         0        0.68452
   3.68229        19       437         0        0.67857
   3.68919         8       403         0        0.64583
   3.69610        32       436         0        0.69048
   3.70300        14       406         0        0.63988
   3.70991        12       357         0        0.62202
   3.71681        33       355         0        0.66667
   3.72372        21       396         0        0.65774
   3.73062        16       446         0        0.75298
   3.73753        35       417         0        0.69345
   3.74443        28       451         0        0.72917
   3.75134        24       455         0        0.68452
   3.75825        16       377         0        0.66071
   3.76515        26       462         0        0.69345
   3.77206        36       409         0        0.68452
   3.77896        15       415         0        0.67262
   3.78587        25       437         0        0.69345
   3.79277        29       430         0        0.68452
   3.79968        19       441         0        0.73512
   3.80658        24       477         0        0.70238
   3.81349        26       488         0        0.69940
   3.82039        25       483         0        0.71429
   3.82730        29       418         0        0.66964
   3.82790        28       492         0        0.72619
   3.83481        27       415         0        0.67560
   3.84171        23       471         0        0.71429
   3.84862        40       431         0        0.66964
   3.85553        17       426         0        0.67560
   3.86243        33       447         0        0.72321
   3.86934        34       466         0        0.72321
   3.87624        21       472         0        0.73512
   3.88315        23       443         0        0.72024
   3.89005        26       460         0        0.67857
   3.89696        27       500         0        0.69940
   3.90386        29       405         0        0.62500
   3.91077        31       382         0        0.65179
   3.91767        24       417         0        0.69345
   3.92458        29       396         0        0.70833
   3.93148        51       357         0        0.63095
   3.93839        34       348         0        0.62798
   3.94530        19       401         0        0.69048
   3.95220        17       461         0        0.71429
   3.95911        36       518         0        0.74702
   3.96601        28       417         0        0.74405
   3.97292        27       461         0        0.65179
   3.97982        33       427         0        0.68452
   3.98673        19       411         0        0.64286
   3.99363        27       444         0        0.67262
   4.00054        42       448         0        0.68155
   4.00744        29       436         0        0.68155
   4.01435        21       425         0        0.63988
   4.02125        30       422         0        0.67560
   4.02816        34       425         0        0.67262
   4.03507        30       436         0        0.69048
   4.04197        32       414         0        0.65179
   4.04888        49       425         0        0.69345
   4.05578        34       438         0        0.66071
   4.06269        37       437         0        0.69345
   4.06959        26       442         0        0.66369
   4.07650        22       390         0        0.61607
   4.08340        42       431         4        0.68452
   4.09031        23       442         0        0.67560
   4.09721        32       388         0        0.66071
   4.10412        24       404         0        0.65476
   4.11102        39       398         0        0.69345
   4.11793        24       395         0        0.65476
   4.12484        23       421         0        0.67560
   4.13174        18       429         0        0.64881
   4.13865        21       447         0        0.68155
   4.14555        36       413         0        0.71429
   4.15246        25       393         0        0.64583
   4.15936        22       439         0        0.69940
   4.16627        33       408         0        0.69048
   4.17317        24       416         0        0.67262
   4.18008        43       388         2        0.67262
   4.18698        36       394         3        0.66964
   4.19389        22       392         0        0.63095
   4.20079        34       425         0        0.64583
   4.20170        28       497         0        0.71429
   4.20860        21       439         0        0.69345
   4.21551        20       463         0        0.75000
   4.22241        16       416         0        0.67262
   4.22932        17       370         0        0.66071
   4.23622        10       407         0        0.67560
   4.24313        30       417         4        0.68452
   4.25004        20       386         0        0.67262
   4.25694        22       415         0        0.69048
   4.26385        36       393         0        0.66964
   4.27075        42       449         0        0.71131
   4.27766        31       434         0        0.68452
   4.28456        25       445         0        0.69345
   4.29147        28       379         2        0.66369
   4.29837        17       412         0        0.71429
   4.30528        20       391         0        0.69345
   4.31218        23       367         0        0.66369
   4.31909        24       366         0        0.67262
   4.32599        23       375         0        0.66667
   4.33290        18       426         0        0.69048
   4.33981        24       385         0        0.65179
   4.34671        15       418         0        0.72321
   4.35362        28       392         0        0.68452
   4.36052        22       413         0        0.63095
   4.36743        30       433         0        0.72024
   4.37433        29       451         0        0.70833
   4.38124        37       410         1        0.66667
   4.38814        36       426         0        0.67857
   4.39505        21       459         0        0.71131
   4.40195        29       437         0        0.69643
   4.40886        25       423         0        0.67857
   4.41576        22       390         0        0.67262
   4.42267        26       418         0        0.67857
   4.42958        32       401         0        0.68452
   4.43648        20       417         0        0.67857
   4.44339        20       450         0        0.66369
   4.45029        14       441         0        0.66667
   4.45720        21       412         0        0.66071
   4.46410        42       455         2        0.72917
   4.47101        29       418         0        0.72321
   4.47791        21       423         0        0.70536
   4.48482        21       390         0        0.65774
   4.49172        21       381         0        0.62202
   4.49863        27       394         0        0.66071
   4.50553        23       402         0        0.69345
   4.51244        32       414         0        0.65774
   4.51935        21       395         0        0.65476
   4.52625        29       435         0        0.66071
   4.53316        31       421         0        0.69048
   4.54006        16       434         0        0.68155
   4.54697        25       398         0        0.65774
   4.55387        24       423         0        0.66964
   4.56078        22       418         0        0.66071
   4.56768        20       441         0        0.72024
   4.57459        34       431         0        0.69940
   4.57586        24       427         0        0.66071
   4.58276        29       444         0        0.69940
   4.58967        35       469         0        0.70536
   4.59657        18       417         0        0.66369
   4.60348        30       405         0        0.63690
   4.61038        27       456         0        0.66667
   4.61729        31       398         0        0.66964
   4.62419        33       400         0        0.66071
   4.63110        17       431         0        0.68750
   4.63801        18       369         0        0.69345
   4.64491        24       444         0        0.70833
   4.65182        17       398         0        0.67560
   4.65872        27       453         0        0.70238
   4.66563        31       412         0        0.68452
   4.67253        14       411         0        0.66667
   4.67944        33       426         2        0.70238
   4.68634        23       422         0        0.66667
   4.69325        26       456         0        0.70833
   4.70015        32       382         0        0.66667
   4.70706        23       420         0        0.67857
   4.71396        23       421         0        0.69940
   4.72087         8       428         0        0.69643
   4.72778        24       424         0        0.68452
   4.73468        30       439         0        0.71429
   4.74159        21       406         0        0.69048
   4.74849        30       423         0        0.67560
   4.75540        23       437         0        0.69940
   4.76230        24       398         0        0.66964
   4.76921        31       448         0        0.70238
   4.77611        27       459         0        0.70536
   4.78302        34       469         2        0.72619
   4.78992        26       404         0        0.68452
   4.79683        29       452         3        0.70833
   4.80373        16       462         0        0.70536
   4.81064        13       437         0        0.67262
   4.81755        30       411         0        0.70833
   4.82445        33       399         0        0.69048
   4.83136        27       458         0        0.69643
   4.83826        19       462         0        0.68452
   4.84517        11       412         0        0.65774
   4.85207        45       392         2        0.67857
   4.85898        20       433         0        0.72024
   4.86588        21       450         0        0.68452
   4.87279        21       379         0        0.62202
   4.87969        19       423         0        0.66369
   4.88660        29       393         0        0.64286
   4.89350        22       435         0        0.67857
   4.90041        23       441         0        0.66369
   4.90732        39       445         0        0.71726
   4.91422        24       428         0        0.66667
   4.92113        16       412         0        0.65476
   4.92803        14       412         0        0.70536
   4.93494        23       454         0        0.68750
   4.94184        18       456         0        0.68452
   4.94875        29       418         0        0.67262
   4.94972        30       408         0        0.68750
   4.95663        28       406         0        0.67857
   4.96353        17       435         0        0.65179
   4.97044        26       442         0        0.69048
   4.97734        24       444         0        0.69643
   4.98425        20       452         0        0.65774
   4.99116        31       461         0        0.68155
   4.99806        10       420         0        0.65476
   5.00497        21       399         0        0.65179
   5.01187        21       453         0        0.66667
   5.01878        25       419         0        0.63690
   5.02568        46       432         0        0.69643
   5.03259        24       421         0        0.68750
   5.03949        23       422         0        0.65774
   5.04640        25       410         0        0.66071
   5.05330        25       468         2        0.72321
   5.06021        23       418         0        0.71429
   5.06711        24       442         0        0.71131
   5.07402        33       446         0        0.66369
   5.08093        15       412         0        0.68452
   5.08783        20       412         0        0.70238
   5.09474        20       444         0        0.69940
   5.10164        26       486         0        0.70536
   5.10855        21       419         0        0.67262
   5.11545        19       441         0        0.69345
   5.12236        16       438         0        0.66964
   5.12926        18       405         0        0.65179
   5.13617        13       380         0        0.59524
   5.14307        13       446         0        0.69345
   5.14998        17       452         0        0.64583
   5.15688        33       457         0        0.64583
   5.16379        16       466         0        0.69048
   5.17070        29       437         0        0.66369
   5.17760        18       424         0        0.66964
   5.18451        20       438         0        0.67560
   5.19141        46       400         2        0.70238
   5.19832        34       430         0        0.67560
   5.20522        27       451         0        0.66369
   5.21213        29       482         0        0.70833
   5.21903        32       411         0        0.69345
   5.22594        23       416         0        0.67857
   5.23284        21       458         0        0.65476
   5.23975        19       422         0        0.69048
   5.24665        16       505         0        0.67560
   5.25356        19       424         0        0.67857
   5.26047        26       448         0        0.73512
   5.26737        10       413         0        0.65476
   5.27428        21       457         0        0.70238
   5.28118        40       401         2        0.67560
   5.28809        35       431         0        0.69345
   5.29499        21       455         0        0.69048
   5.30190        30       465         0        0.74405
   5.30880        19       475         0        0.74405
   5.31571        12       412         0        0.69048
   5.32261        24       428         0        0.68452
   5.32373        28       431         2        0.67560
   5.33064        29       457         1        0.63988
   5.33754        25       457         0        0.68452
   5.34445        40       451         3        0.67262
   5.35135        18       396         0        0.63095
   5.35826        14       426         0        0.65179
   5.36516        27       387         0        0.68750
   5.37207        20       408         0        0.65774
   5.37898        33       392         0        0.68750
   5.38588        25       380         0        0.63988
   5.39279        15       405         0        0.69345
   5.39969        25       408         0        0.67262
   5.40660        13       386         0        0.66964
   5.41350        33       409         0        0.66369
   5.42041        23       460         0        0.66071
   5.42731        13       418         0        0.65476
   5.43422        13       418         0        0.69643
   5.44112        21       414         0        0.67857
   5.44803        28       375         0        0.66369
   5.45494        40       399         3        0.69643
   5.46184        40       432         0        0.68750
   5.46875        22       422         0        0.66369
   5.47565        14       415         0        0.70238
   5.48256        25       421         0        0.66667
   5.48946        28       384         0        0.62202
   5.49637        24       431         0        0.66071
   5.50327        27       436         0        0.72024
   5.51018        24       391         0        0.66964
   5.51708        19       424         0        0.65774
   5.52399        29       461         0        0.69643
   5.53089        18       412         0        0.65179
   5.53780        22       433         0        0.66667
   5.54470        17       396         0        0.63988
   5.55161        23       441         0        0.68452
   5.55852        21       401         0        0.70833
   5.56542        12       441         0        0.69345
   5.57233        27       449         1        0.66667
   5.57923        18       455         0        0.68452
   5.58614        32       387         0        0.68452
   5.59304        30       413         0        0.66369
   5.59995        24       442         0        0.69345
   5.60685         9       425         0        0.66369
   5.61376        18       408         0        0.65774
   5.62066        12       431         0        0.64583
   5.62757        15       426         0        0.64881
   5.63447        16       440         0        0.71726
   5.64138        25       484         0        0.68750
   5.64829        52       425         4        0.69345
   5.65519        32       482         0        0.69940
   5.66210        44       454         0        0.68155
   5.66900        36       437         0        0.66071
   5.67591        23       448         0        0.68155
   5.68281        27       435         0        0.67560
   5.68972        24       485         0        0.64583
   5.69662        32       459         0        0.69940
   5.69754        22       441         0        0.70536
   5.70445        41       386         0        0.66071
   5.71136        19       409         0        0.63393
   5.71826        26       384         2        0.66369
   5.72517        18       434         0        0.67262
   5.73207        22       365         0        0.63690
   5.73898        25       428         0        0.62202
   5.74588        41       417         0        0.67857
   5.75279        23       475         0        0.70833
   5.75969        24       412         0        0.69345
   5.76660        20       401         0        0.65774
   5.77350        29       459         0        0.70238
   5.78041        21       407         0        0.64583
   5.78731        17       338         0        0.62500
   5.79422        21       434         0        0.69643
   5.80113        18       439         0        0.67857
   5.80803        20       404         0        0.64583
   5.81494        27       398         0        0.68750
   5.82184        11       407         0        0.66964
   5.82875        26       501         0        0.70536
   5.83565        26       359         0        0.63393
   5.84256        32       472         0        0.74405
   5.84946        18       448         0        0.73214
   5.85637        29       448         0        0.68750
   5.86327        18       505         0        0.74107
   5.87018        16       464         0        0.69345
   5.87708        28       385         0        0.67857
   5.88399        30       423         2        0.70536
   5.89090        18       408         0        0.66369
   5.89780        23       432         0        0.68452
   5.90471        36       419         0        0.71429
   5.91161        21       441         0        0.70536
   5.91852        24       409         0        0.68155
   5.92542        18       360         0        0.62500
   5.93233        44       419         0        0.72619
   5.93923        24       386         0        0.64881
   5.94614        29       374         0        0.67560
   5.95304        21       358         0        0.61607
   5.95995        26       417         0        0.67857
   5.96685        33       391         0        0.61905
   5.97376        34       410         0        0.67560
   5.98067        31       382         3        0.62500
   5.98757        32       391         0        0.66964
   5.99448        20       481         0        0.69643
   6.00138        23       406         0        0.65774
   6.00829        22       439         0        0.69940
   6.01519        21       355         0        0.62798
   6.02210        36       368         0        0.66369
   6.02900        29       404         0        0.67857
   6.03591        36       446         0        0.66667
   6.04281        25       412         0        0.68452
   6.04972        41       451         2        0.73214
   6.05662        27       435         0        0.69643
   6.06353        18       395         0        0.73512
   6.07043        23       373         0        0.69048
   6.07134        16       395         0        0.68750
   6.07825        27       404         0        0.65476
   6.08515        24       414         0        0.73512
   6.09206        24       451         0        0.74702
   6.09896        32       423         0        0.69643
   6.10587        38       399         0        0.65774
   6.11277        22       423         0        0.72024
   6.11968        26       440         0        0.73810
   6.12658        17       438         0        0.67857
   6.13349        30       407         0        0.68155
   6.14039        27       448         0        0.67560
   6.14730        20       443         0        0.69940
   6.15421        20       463         0        0.68155
   6.16111        26       389         0        0.67262
   6.16802        26       458         0        0.66964
   6.17492        33       410         0        0.67857
   6.18183        35       412         2        0.71429
   6.18873        26       435         0        0.70536
   6.19564        24       394         0        0.68155
   6.20254        35       364         0        0.68750
   6.20945        27       406         0        0.69940
   6.21635        29       418         0        0.73810
   6.22326        23       466         0        0.68155
   6.23016        33       448         0        0.69345
   6.23707        19       369         0        0.67560
   6.24398        47       484         2        0.75595
   6.25088        18       425         0        0.69345
   6.25779        31       416         0        0.69940
   6.26469        28       438         0        0.71429
   6.27160        44       452         0        0.75893
   6.27850        26       438         0        0.71131
   6.28541        32       433         0        0.69643
   6.29231        26       415         0        0.72321
   6.29922        38       380         0        0.66964
   6.30612        39       417         0        0.70238
   6.31303        18       427         0        0.69940
   6.31993        22       385         0        0.66964
   6.32684        30       420         0        0.67560
   6.33375        29       397         0        0.73214
   6.34065        45       404         2        0.75000
   6.34756        34       415         0        0.72619
   6.35446        31       439         0        0.68155
   6.36137        38       462         0        0.73214
   6.36827        36       424         0        0.70238
   6.37518        21       419         0        0.70238
   6.38208        32       377         0        0.63690
   6.38899        25       406         0        0.68750
   6.39589        24       443         0        0.70536
   6.40280        22       409         0        0.65179
   6.40970        39       452         0        0.75000
   6.41661        21       428         0        0.68452
   6.42352        50       391         2        0.66667
   6.43042        29       424         0        0.72024
   6.43733        44       440         5        0.71429
   6.44423        21       404         0        0.63988
   6.44547        26       389         0        0.67857
   6.45237        19       436         0        0.69345
   6.45928        21       420         0        0.67262
   6.46618        26       442         0        0.65774
   6.47309        16       489         0        0.70833
   6.47999        32       408         0        0.68452
   6.48690        29       417         0        0.70238
   6.49380        30       439         0        0.69048
   6.50071        30       433         0        0.69643
   6.50761         9       378         0        0.62202
   6.51452        21       397         0        0.69940
   6.52142        12       409         0        0.70536
   6.52833        16       399         0        0.66667
   6.53523        25       394         0        0.70833
   6.54214        29       381         0        0.67262
   6.54905        56       452         1        0.70833
   6.55595        23       424         0        0.69643
   6.56286        27       414         0        0.69643
   6.56976        31       416         0        0.68452
   6.57667        16       398         0        0.61905
   6.58357        16       457         0        0.66071
   6.59048        20       409         0        0.66369
   6.59738        25       412         0        0.69048
   6.60429        25       428         0        0.71131
   6.61119        24       453         0        0.69643
   6.61810        17       430         0        0.70238
   6.62501        37       416         2        0.71131
   6.63191        17       466         0        0.73214
   6.63882        24       444         0        0.66964
   6.64572        25       406         0        0.65476
   6.65263        28       444         0        0.67262
   6.65953        38       406         1        0.67560
   6.66644        18       387         0        0.64881
   6.67334        32       437         0        0.68750
   6.68025        23       398         0        0.67857
   6.68715        24       386         0        0.62798
   6.69406        28       463         0        0.67560
   6.70096        29       458         0        0.70238
   6.70787        23       422         0        0.69048
   6.71477        20       391         0        0.69345
   6.72168        25       423         0        0.66071
   6.72859        25       449         0        0.73214
   6.73549        23       409         0        0.67262
   6.74240        31       446         0        0.68155
   6.74930        33       399         0        0.68452
   6.75621        39       443         0        0.68452
   6.76311        18       415         0        0.66369
   6.77002        28       424         0        0.71726
   6.77692        31       412         0        0.65476
   6.78383        30       421         0        0.69643
   6.79073        23       450         0        0.71429
   6.79764        37       464         0        0.71131
   6.80454        25       431         0        0.69048
   6.81145        28       468         0        0.70833
   6.81836        22       470         0        0.72321
   6.81992        25       456         0        0.74107
   6.82682        32       425         0        0.64583
   6.83373        34       423         0        0.69345
   6.84063        27       415         0        0.67857
   6.84754        28       451         0        0.66667
   6.85444        23       409         0        0.66369
   6.86135        29       443         0        0.67857
   6.86825        30       459         0        0.68750
   6.87516        23       389         0        0.65179
   6.88207        36       422         0        0.64286
   6.88897        37       387         0        0.64881
   6.89588        30       440         0        0.67857
   6.90278        32       414         0        0.66667
   6.90969        29       428         0        0.69643
   6.91659        23       410         0        0.68452
   6.92350        24       385         0        0.62798
   6.93040        32       420         0        0.67857
   6.93731        43       384         0        0.66964
   6.94421        14       449         0        0.69940
   6.95112        47       409         0        0.68452
   6.95802        26       445         0        0.65179
   6.96493        29       451         0        0.69643
   6.97183        24       417         0        0.70238
   6.97874        27       417         0        0.65774
   6.98565        36       415         3        0.67262
   6.99255        31       453         0        0.73810
   6.99946        27       384         0        0.66369
   7.00636        32       430         2        0.68750
   7.01327        20       472         0        0.68452
   7.02017        27       432         0        0.70536
   7.02708        15       440         0        0.69940
   7.03398        14       383         0        0.63393
   7.04089        22       419         0        0.69345
   7.04779        29       417         3        0.68155
   7.05470        32       457         2        0.72619
   7.06160        21       435         0        0.73214
   7.06851        22       455         0        0.68750
   7.07542        34       389         0        0.66369
   7.08232        22       480         0        0.72321
   7.08923        27       459         0        0.69643
   7.09613        29       405         0        0.67262
   7.10304        23       427         0        0.69940
   7.10994        21       477         0        0.67560
   7.11685        12       407         0        0.67857
   7.12375        20       418         0        0.69643
   7.13066        29       477         0        0.69345
   7.13756        32       403         0        0.67262
   7.14447        21       447         0        0.68452
   7.15137         9       404         0        0.66369
   7.15828        22       443         0        0.66667
   7.16519        25       477         0        0.66964
   7.17209        21       443         0        0.67857
   7.17900        24       424         0        0.67262
   7.18590        23       420         0        0.72321
   7.19281        25       429         0        0.67857
   7.19442        12       427         0        0.70536
   7.20132        29       392         0        0.68452
   7.20823        16       414         0        0.66667
   7.21513        17       392         0        0.65179
   7.22204        19       426         0        0.70238
   7.22894        26       437         0        0.70833
   7.23585        24       425         0        0.65774
   7.24275        23       438         0        0.71131
   7.24966        24       398         0        0.65476
   7.25656        24       435         0        0.69048
   7.26347        27       446         0        0.72024
   7.27038        18       404         0        0.62798
   7.27728        26       419         0        0.64881
   7.28419        38       472         0        0.67560
   7.29109        28       444         0        0.69048
   7.29800        17       421         0        0.68155
   7.30490        34       414         0        0.68750
   7.31181        25       498         0        0.69940
   7.31871        34       401         4        0.65774
   7.32562        21       427         0        0.69643
   7.33252        25       428         0        0.65476
   7.33943        18       419         0        0.69345
   7.34633        19       487         0        0.72321
   7.35324        21       413         0        0.69643
   7.36015        27       440         0        0.66071
   7.36705        21       424         0        0.67262
   7.37396        16       404         0        0.69345
   7.38086        21       447         0        0.69940
   7.38777        28       431         0        0.69048
   7.39467        13       492         0        0.70238
   7.40158        26       476         2        0.71429
   7.40848        28       454         0        0.69643
   7.41539        21       467         0        0.70536
   7.42229        19       432         0        0.69048
   7.42920        15       485         0        0.72917
   7.43610        26       447         0        0.69643
   7.44301        39       430         0        0.66667
   7.44992        28       438         3        0.66071
   7.45682        19       399         0        0.64286
   7.46373        22       404         0        0.69643
   7.47063        30       427         0        0.69048
   7.47754        14       443         0        0.66667
   7.48444        26       444         0        0.69048
   7.49135        28       454         0        0.72619
   7.49825        18       426         0        0.69940
   7.50516        25       427         0        0.73214
   7.51206        17       388         0        0.69345
   7.51897        35       452         0        0.69940
   7.52587        17       377         0        0.64881
   7.53278        12       408         0        0.64286
   7.53969        19       389         0        0.62202
   7.54659        20       459         0        0.67560
   7.55350        17       404         0        0.67560
   7.56040        17       471         0        0.72917
   7.56731        15       501         0        0.71429
   7.56897        25       460         0        0.69643
   7.57588        20       392         0        0.64286
   7.58278        38       473         0        0.74107
   7.58969        24       435         0        0.72917
   7.59659        20       436         0        0.71429
   7.60350        26       371         0        0.67262
   7.61040        16       410         0        0.68452
   7.61731        23       448         0        0.72619
   7.62422        17       427         0        0.67857
   7.63112        15       458         0        0.69048
   7.63803        35       437         2        0.69048
   7.64493        36       398         0        0.67857
   7.65184        41       429         2        0.69643
   7.65874        21       428         0        0.73214
   7.66565        20       425         0        0.71429
   7.67255         9       395         0        0.65179
   7.67946        18       478         0        0.68750
   7.68636        16       468         0        0.70833
   7.69327        25       370         2        0.64881
   7.70017        57       432         2        0.75595
   7.70708        24       488         0        0.70238
   7.71398        18       473         0        0.70536
   7.72089        17       435         0        0.66667
   7.72780        21       450         0        0.72619
   7.73470        20       449         0        0.70238
   7.74161        22       454         0        0.69345
   7.74851        22       417         0        0.69048
   7.75542        20       448         0        0.71429
   7.76232         9       452         0        0.69643
   7.76923        21       494         0        0.75000
   7.77613        19       481         0        0.76786
   7.78304        19       439         0        0.72024
   7.78994        15       415         0        0.70833
   7.79685        30       404         0        0.66369
   7.80375        23       439         0        0.68452
   7.81066        18       419         0        0.72024
   7.81757        17       433         0        0.70536
   7.82447        27       436         1        0.71429
   7.83138        31       434         0        0.70536
   7.83828        18       452         0        0.71726
   7.84519        42       429         0        0.71131
   7.85209        16       466         0        0.72619
   7.85900        34       460         2        0.70536
   7.86590        31       440         0        0.71429
   7.87281        30       417         0        0.70238
   7.87971        25       411         0        0.68452
   7.88662        14       422         0        0.69643
   7.89352        28       431         0        0.72619
   7.90043        20       484         0        0.73214
   7.90734        22       411         0        0.70833
   7.91424        20       473         0        0.70238
   7.92115        20       462         0        0.75893
   7.92805         8       475         0        0.69345
   7.93496        18       435         0        0.70536
   7.94186        21       468         0        0.70833
   7.94358        18       479         0        0.74702
   7.95049        31       449         0        0.74405
   7.95739        28       461         0        0.73512
   7.96430        33       478         0        0.71131
   7.97121        24       434         0        0.68750
   7.97811        24       382         0        0.71131
   7.98502        25       444         0        0.70833
   7.99192        12       396         0        0.69048
   7.99883        18       438         0        0.69643
   8.00573        15       382         0        0.65774
   8.01264        24       450         0        0.71726
   8.01954        14       462         0        0.70833
   8.02645        22       415         0        0.69345
   8.03335        31       461         0        0.71726
   8.04026        32       442         0        0.73810
   8.04716        26       443         0        0.75298
   8.05407        18       434         0        0.72321
   8.06098        20       456         0        0.72321
   8.06788        21       383         0        0.72619
   8.07479        26       412         0        0.72024
   8.08169        23       489         0        0.74702
   8.08860        29       433         0        0.74702
   8.09550        16       417         0        0.68452
   8.10241        22       424         0        0.67857
   8.10931        18       436         0        0.69345
   8.11622        25       437         0        0.69643
   8.12312        18       431         0        0.71726
   8.13003        16       458         0        0.74107
   8.13693        15       467         0        0.77083
   8.14384        13       474         0        0.73810
   8.15075        15       405         0        0.72321
   8.15765        23       478         0        0.73810
   8.16456        27       404         0        0.73810
   8.17146        13       478         0        0.75298
   8.17837        17       438         0        0.73512
   8.18527        14       432         0        0.72917
   8.19218        31       473         0        0.72917
   8.19908        21       482         0        0.71429
   8.20599        33       445         0        0.73810
   8.21289        13       484         0        0.73214
   8.21980        23       447         0        0.77976
   8.22670        24       485         0        0.72024
   8.23361        18       406         0        0.70238
   8.24052        15       424         0        0.73512
   8.24742        20       417         0        0.66964
   8.25433        27       496         0        0.73512
   8.26123        18       435         1        0.70833
   8.26814        18       423         0        0.71726
   8.27504        21       432         0        0.66667
   8.28195        13       412         0        0.68452
   8.28885        15       397         0        0.66369
   8.29576        17       407         0        0.66667
   8.30266        18       438         0        0.70536
   8.30957        32       430         1        0.72024
   8.31647        11       448         0        0.71131
   8.31840        13       386         0        0.71726
   8.32531        17       417         0        0.68750
   8.33221        22       443         0        0.68750
   8.33912        15       451         0        0.77679
   8.34602        21       503         0        0.72917
   8.35293        23       456         0        0.72917
   8.35984        22       438         0        0.68155
   8.36674        15       426         0        0.70833
   8.37365        19       444         0        0.68750
   8.38055        21       465         0        0.74405
   8.38746        14       528         0        0.77976
   8.39436        12       459         0        0.71726
   8.40127        12       441         0        0.70833
   8.40817        19       434         0        0.73214
   8.41508        25       450         0        0.75893
   8.42198        12       461         0        0.73214
   8.42889        22       407         0        0.66964
   8.43579        18       450         0        0.71131
   8.44270        19       477         0        0.69345
   8.44961        29       444         0        0.70238
   8.45651        11       444         0        0.68452
   8.46342        18       426         0        0.68452
   8.47032        13       474         0        0.75893
   8.47723        18       432         0        0.71726
   8.48413        15       429         0        0.70833
   8.49104        10       416         0        0.70833
   8.49794        22       455         0        0.70536
   8.50485        25       388         0        0.69345
   8.51175        36       416         1        0.69345
   8.51866        18       429         0        0.68155
   8.52556        25       429         0        0.74107
   8.53247        19       437         0        0.68750
   8.53938        22       414         0        0.68155
   8.54628        27       362         0        0.65179
   8.55319        30       422         0        0.69643
   8.56009        19       454         0        0.71726
   8.56700        21       409         0        0.68155
   8.57390        32       398         0        0.64881
   8.58081        15       472         0        0.71131
   8.58771        37       410         0        0.70833
   8.59462        28       417         0        0.68750
   8.60152        23       458         0        0.72619
   8.60843        25       463         0        0.74405
   8.61533        25       384         0        0.66071
   8.62224        20       459         0        0.69345
   8.62915        20       452         0        0.68750
   8.63605        23       476         0        0.69048
   8.64296        23       376         0        0.61905
   8.64986        24       411         0        0.64583
   8.65677        15       378         0        0.65179
   8.66367        19       449         0        0.62500
   8.67058        20       443         0        0.67560
   8.67748        25       398         0        0.63393
   8.68439        25       400         2        0.66667
   8.69129        18       464         0        0.72024
   8.69340        22       426         0        0.68452
   8.70030        25       415         0        0.69940
   8.70721        15       430         0        0.72619
   8.71411        19       418         0        0.66964
   8.72102        35       418         3        0.66369
   8.72792        18       434         0        0.70536
   8.73483        26       460         0        0.69643
   8.74173        12       462         0        0.71726
   8.74864        20       450         0        0.69345
   8.75554        48       419         2        0.69048
   8.76245        30       445         0        0.67262
   8.76936        19       522         0        0.68750
   8.77626        33       455         0        0.70238
   8.78317        30       453         0        0.74702
   8.79007        29       450         0        0.72024
   8.79698        32       453         0        0.74107
   8.80388        29       420         0        0.72917
   8.81079        22       411         0        0.72619
   8.81769        31       443         0        0.71726
   8.82460        21       456         0        0.75000
   8.83150        38       428         0        0.72917
   8.83841        27       434         0        0.71726
   8.84531        44       455         4        0.72024
   8.85222        19       491         0        0.73810
   8.85913        21       429         0        0.71429
   8.86603        28       462         0        0.69345
   8.87294        29       456         0        0.69345
   8.87984        16       462         0        0.74405
   8.88675        27       437         0        0.71726
   8.89365        20       461         0        0.72321
   8.90056        22       437         0        0.71131
   8.90746        21       445         0        0.68155
   8.91437        20       436         0        0.72024
   8.92127        13       494         0        0.74405
   8.92818        20       440         0        0.69345
   8.93508        17       417         0        0.68452
   8.94199        29       451         0        0.72321
   8.94890        30       467         2        0.70833
   8.95580        33       384         0        0.67560
   8.96271        41       430         0        0.72619
   8.96961        23       430         0        0.65476
   8.97652        33       456         0        0.70833
   8.98342        22       422         0        0.69940
   8.99033        20       426         0        0.66369
   8.99723        11       425         0        0.61310
   9.00414        13       451         0        0.70536
   9.01104        23       402         2        0.70536
   9.01795        16       493         0        0.71131
   9.02485        21       392         0        0.64583
   9.03176        32       416         0        0.68452
   9.03867        21       440         0        0.71726
   9.04557        21       429         0        0.65179
   9.05248        36       456         3        0.68750
   9.05938        15       454         0        0.66964
   9.06629        14       445         0        0.65179
   9.06819        25       472         0        0.68750
   9.07509        19       392         0        0.60417
   9.08200        14       448         0        0.64286
   9.08890        28       478         0        0.72024
   9.09581        18       474         0        0.69345
   9.10271        25       455         0        0.68452
   9.10962        24       478         0        0.65476
   9.11652        15       470         0        0.68155
   9.12343        14       430         0        0.67560
   9.13033        26       434         0        0.70833
   9.13724        17       437         0        0.65179
   9.14414        29       449         0        0.65179
   9.15105        22       389         0        0.66071
   9.15796        32       438         0        0.68452
   9.16486        32       419         0        0.69048
   9.17177        25       447         0        0.67857
   9.17867        21       413         0        0.67560
   9.18558        30       427         0        0.68750
   9.19248        19       435         0        0.66071
   9.19939        25       393         0        0.66369
   9.20629        15       430         0        0.64881
   9.21320        28       429         0        0.66369
   9.22010        29       429         0        0.68155
   9.22701        14       378         0        0.64286
   9.23392        28       415         0        0.69048
   9.24082        22       390         0        0.70833
   9.24773        21       402         0        0.69345
   9.25463        36       389         0        0.67857
   9.26154        27       439         0        0.66964
   9.26844        29       454         0        0.69048
   9.27535        16       466         0        0.66667
   9.28225        26       467         0        0.72321
   9.28916        18       421         0        0.66369
   9.29606        16       423         0        0.66964
   9.30297        15       424         0        0.65774
   9.30987        10       383         0        0.65774
   9.31678        21       453         0        0.64881
   9.32368        18       422         0        0.63988
   9.33059        10       436         0        0.66071
   9.33750        16       438         0        0.67262
   9.34440        21       451         0        0.66369
   9.35131        11       479         0        0.67857
   9.35821        45       462         0        0.65774
   9.36512        19       415         0        0.67560
   9.37202        13       388         0        0.63690
   9.37893        27       400         0        0.68750
   9.38583        31       480         0        0.68452
   9.39274        17       416         0        0.66369
   9.39964        19       420         0        0.68452
   9.40655        22       407         0        0.63988
   9.41345        32       414         0        0.65179
   9.42036        19       415         0        0.67857
   9.42727        32       403         0        0.65774
   9.43417        17       388         0        0.63393
   9.44108        30       432         0        0.74107
   9.44277        26       441         0        0.70536
