   0.00587         0         0         0        0.00000
   0.01203         0         0         0        0.00000
   0.01206         0         0         0        0.00000
   0.01831         0         0         0        0.00000
   0.01861         0         0         0        0.00000
   0.02496         0         0         0        0.00000
   0.02562         0         0         0        0.00000
   0.03209         0         0         0        0.00000
   0.03318         0         0         0        0.00000
   0.03971         0         0         0        0.00000
   0.04494         0         0         0        0.00000
   0.05153         0         0         0        0.00000
   0.05710         0         0         0        0.00000
   0.06376         8         0         0        0.01190
   0.07043         0         0         0        0.00000
   0.07400         0         0         0        0.00000
   0.08075         4         0         0        0.00595
   0.08750         0         0         0        0.00000
   0.09425         4         0         0        0.00595
   0.09606         0         0         0        0.00000
   0.10291         8         9         0        0.04762
   0.10976        14         0         2        0.04167
   0.11660         9         4         0        0.02381
   0.12345         9        11         0        0.05060
   0.13030        22         4         0        0.07738
   0.13715        20        12         0        0.07440
   0.14400        12        29         0        0.07738
   0.15085        23         0         0        0.05655
   0.15770        14         6         1        0.05952
   0.16455         4         7         0        0.01786
   0.17140        14         0         0        0.03869
   0.17825        12        15         1        0.06548
   0.18510        32        17         0        0.08631
   0.19195        12        21         1        0.07143
   0.19879        14        25         0        0.08631
   0.20564        10        21         0        0.05655
   0.21249        24        45         0        0.13095
   0.21934         5        66         0        0.15476
   0.22619        19        29         0        0.09821
   0.23304         4        53         1        0.12202
   0.23989        30        54         0        0.13988
   0.24674        15        60         0        0.16071
   0.25359         5        55         0        0.13095
   0.26044        10        86         0        0.18750
   0.26729         7        63         0        0.14583
   0.27414        10        40         1        0.09821
   0.28099        11        49         1        0.14286
   0.28783         0        52         0        0.10714
   0.29468        10        22         0        0.12202
   0.30153        40        40         3        0.17560
   0.30838         4        64         0        0.15774
   0.31523         4        63         0        0.14881
   0.32208        12        41         0        0.11607
   0.32893         4        43         0        0.14583
   0.33578        22        55         0        0.13393
   0.34263         8        41         0        0.11310
   0.34948         4        47         0        0.13988
   0.35633        16        48         4        0.12798
   0.36318         6        61         0        0.14286
   0.37002        16        59         0        0.15179
   0.37687         0        81         0        0.16369
   0.38372         4        86         1        0.15476
   0.39057        18        47         0        0.16667
   0.39742         4        59         0        0.17262
   0.40427        21        66         0        0.19048
   0.41112        17        84         0        0.21726
   0.41797         2       127         0        0.28274
   0.42482        14       105         0        0.26786
   0.43167         4       105         0        0.21131
   0.43852         4        97         0        0.22917
   0.44537         3        86         0        0.17560
   0.45222        20        92         0        0.20833
   0.45906        14        69         0        0.16071
   0.46562        11       105         0        0.22619
   0.47247        25        82         0        0.19643
   0.47932        12       134         0        0.26786
   0.48617        20       123         0        0.26786
   0.49302        22       122         1        0.23512
   0.49987        25       167         0        0.27976
   0.50672        20       126         0        0.22917
   0.51357        22        71         1        0.18155
   0.52042        20       121         0        0.20536
   0.52727         8       106         1        0.20833
   0.53412         9       111         0        0.22619
   0.54096        11       124         0        0.28869
   0.54781         8       131         0        0.23810
   0.55466        12       163         0        0.28571
   0.56151         3       127         0        0.21429
   0.56836         6       144         0        0.29167
   0.57521         2       158         0        0.28274
   0.58206        20       130         0        0.29762
   0.58891         8       139         0        0.25595
   0.59576        34       155         1        0.29167
   0.60261        15       124         0        0.24702
   0.60946         0       189         0        0.28274
   0.61631         4       175         0        0.29762
   0.62315         4       161         0        0.27679
   0.63000        21       146         0        0.29167
   0.63685         0       155         0        0.25595
   0.64370        36       173         1        0.29464
   0.65055        21       144         0        0.29464
   0.65740        18       158         0        0.30357
   0.66425        13       139         0        0.26786
   0.67110        22       161         0        0.31548
   0.67795        29       121         1        0.29464
   0.68480        18       176         0        0.37500
   0.69165        41       170         0        0.36012
   0.69850        25       174         0        0.36905
   0.70535        34       188         1        0.35119
   0.71219        40       159         0        0.35119
   0.71904        37       176         4        0.36012
   0.72589        32       156         1        0.31250
   0.73274        28       171         0        0.35417
   0.73959        17       172         0        0.33929
   0.74644        36       165         0        0.32440
   0.75329         9       162         0        0.29464
   0.76014        30       153         0        0.34524
   0.76699        20       150         0        0.31845
   0.77384        27       190         0        0.34226
   0.78069        23       239         0        0.39881
   0.78754        14       216         0        0.36012
   0.79438        13       204         0        0.34821
   0.80123        40       220         0        0.39286
   0.80808        14       250         1        0.38988
   0.81493        13       234         0        0.42857
   0.82178         8       236         0        0.36607
   0.82863         8       264         0        0.40179
   0.83444         2       279         0        0.40774
   0.84129         5       290         0        0.44048
   0.84814        11       304         0        0.47321
   0.85499         8       262         0        0.44940
   0.86184         8       291         0        0.46131
   0.86869         4       295         0        0.41964
   0.87554         4       281         0        0.42262
   0.88239         0       284         0        0.43155
   0.88924         9       290         0        0.43452
   0.89609        12       322         0        0.46726
   0.90294         4       339         0        0.46726
   0.90979         0       299         0        0.45238
   0.91664         0       272         0        0.40476
   0.92348         0       259         0        0.41071
   0.93033         5       259         0        0.40476
   0.93718         8       282         0        0.47024
   0.94403         5       247         0        0.40774
   0.95088        13       231         0        0.43155
   0.95773        10       239         1        0.43155
   0.96458         8       281         1        0.45833
   0.97143         0       258         0        0.45536
   0.97828         0       267         0        0.45238
   0.98513         4       286         0        0.45833
   0.99198         4       228         0        0.41071
   0.99883         8       254         0        0.43750
   1.00567         0       260         0        0.44345
   1.01252        18       276         0        0.46429
   1.01937         8       293         0        0.45536
   1.02622        16       319         0        0.50595
   1.03307        11       268         0        0.47024
   1.03992        11       280         0        0.44940
   1.04677        15       261         0        0.46726
   1.05362         2       254         0        0.40774
   1.06047         6       256         0        0.44048
   1.06732        26       282         0        0.47024
   1.07417         9       266         0        0.42262
   1.08102         7       253         0        0.44048
   1.08787        22       243         0        0.45536
   1.09471         8       236         0        0.41964
   1.10156        22       258         0        0.43452
   1.10841        11       291         0        0.45536
   1.11526         7       288         0        0.41071
   1.12211         8       282         0        0.45833
   1.12896        13       272         0        0.44940
   1.13581         2       329         0        0.51786
   1.14266         8       315         0        0.50595
   1.14951        26       309         0        0.51488
   1.15636        10       276         0        0.46131
   1.16321        25       292         0        0.49702
   1.17006         4       288         0        0.46429
   1.17690         4       345         0        0.49107
   1.18375         0       320         0        0.46131
   1.19060        12       302         0        0.48214
   1.19745        12       332         0        0.47917
   1.20430         0       311         0        0.46726
   1.20455         5       309         0        0.47321
   1.21140         0       308         0        0.50595
   1.21825        11       297         0        0.50893
   1.22510        10       293         0        0.45536
   1.23194        21       334         0        0.48214
   1.23879        19       316         0        0.51786
   1.24564        12       322         0        0.48810
   1.25249         0       304         0        0.45536
   1.25934         8       320         0        0.46726
   1.26619        13       290         0        0.48512
   1.27304        10       341         0        0.56250
   1.27989        11       339         0        0.55357
   1.28674        11       303         0        0.47619
   1.29359        15       309         0        0.50000
   1.30044        19       350         0        0.49702
   1.30729         8       359         0        0.49702
   1.31413        15       316         0        0.49107
   1.32098         2       303         0        0.47024
   1.32783        17       309         0        0.47917
   1.33468        20       328         0        0.52083
   1.34153         6       325         0        0.50298
   1.34838         3       345         0        0.52083
   1.35523         9       340         0        0.50000
   1.36208        35       280         0        0.52083
   1.36893        18       318         0        0.48810
   1.37578        26       368         0        0.52679
   1.38263        19       362         0        0.54762
   1.38948        21       356         0        0.51190
   1.39633        14       357         0        0.54464
   1.40317        36       327         0        0.50595
   1.41002        22       318         0        0.48512
   1.41687         9       288         0        0.45536
   1.42372         7       301         0        0.47024
   1.43057         9       318         0        0.45238
   1.43742        29       259         0        0.47619
   1.44427        35       317         0        0.51488
   1.45112        11       271         0        0.50000
   1.45797        12       310         0        0.47917
   1.46482        33       345         0        0.55357
   1.47167        29       344         0        0.52976
   1.47852        36       301         0        0.49702
   1.48536         7       305         0        0.50298
   1.49221        14       312         0        0.50595
   1.49906        22       316         0        0.53869
   1.50591        32       338         0        0.52381
   1.51276        20       287         0        0.51190
   1.51961        30       288         0        0.50298
   1.52646        23       361         1        0.52976
   1.53331        27       324         0        0.51488
   1.54016        24       354         0        0.57143
   1.54701         6       282         0        0.50893
   1.55386        33       316         0        0.53571
   1.56071        31       270         0        0.50298
   1.56756        19       310         0        0.47917
   1.57440        13       287         0        0.52381
   1.57484        10       309         0        0.50595
   1.58169        19       334         0        0.55060
   1.58854        10       344         0        0.56250
   1.59539        13       321         0        0.58333
   1.60224        11       306         0        0.58333
   1.60909        10       308         0        0.54167
   1.61594        11       338         0        0.55655
   1.62279        16       309         0        0.60119
   1.62964         7       356         0        0.57738
   1.63649        13       384         0        0.59821
   1.64334        13       350         0        0.57440
   1.65018         6       405         0        0.62798
   1.65703         9       423         0        0.65179
   1.66388        13       376         0        0.58929
   1.67073         9       425         0        0.59226
   1.67758        14       436         0        0.66369
   1.68443        12       415         0        0.59821
   1.69128        14       386         0        0.58333
   1.69813        13       394         0        0.61905
   1.70498         6       355         0        0.60119
   1.71183        17       367         0        0.59821
   1.71868        19       313         0        0.62202
   1.72553         8       366         0        0.62500
   1.73238        11       367         0        0.61905
   1.73922        24       363         1        0.59524
   1.74607        15       390         0        0.62202
   1.75292         9       376         0        0.58631
   1.75977        10       393         0        0.63393
   1.76662         6       382         0        0.58929
   1.77347         3       347         0        0.61012
   1.78032        12       326         0        0.58929
   1.78717         9       327         0        0.60119
   1.79402         2       353         0        0.58036
   1.80087        21       369         0        0.62500
   1.80772         9       343         0        0.58333
   1.81457        12       331         0        0.58333
   1.82141        10       352         0        0.58333
   1.82826        10       345         0        0.58333
   1.83511        13       403         0        0.62798
   1.84196        13       374         0        0.63393
   1.84881        17       333         0        0.63095
   1.85566         6       362         0        0.61310
   1.86251         2       357         0        0.62500
   1.86936         6       349         0        0.64286
   1.87621         6       376         0        0.63393
   1.88306         9       397         0        0.62500
   1.88991         6       384         0        0.63393
   1.89676         9       384         0        0.66071
   1.90361        10       342         1        0.62798
   1.91045        10       327         0        0.58631
   1.91730         4       365         0        0.64286
   1.92415        16       353         0        0.62202
   1.93100        12       387         0        0.61310
   1.93785        18       429         0        0.66071
   1.94470        10       371         0        0.65774
   1.94656        15       362         0        0.62500
   1.95341        23       410         0        0.69643
   1.96026        12       377         0        0.66667
   1.96711        16       375         0        0.65774
   1.97396        12       370         0        0.66667
   1.98081        14       428         0        0.67262
   1.98766        18       390         0        0.69643
   1.99451        18       438         0        0.69345
   2.00136        16       427         0        0.66964
   2.00821        27       395         0        0.67857
   2.01506        18       346         0        0.67262
   2.02191        29       340         0        0.63095
   2.02875        23       359         0        0.66071
   2.03560        15       401         0        0.66667
   2.04245        19       361         0        0.65179
   2.04930        16       362         0        0.66071
   2.05615        20       353         0        0.65476
   2.06300        21       357         0        0.66964
   2.06985        15       376         0        0.66071
   2.07670        31       363         0        0.69048
   2.08355        29       334         0        0.62202
   2.09040        28       402         0        0.68452
   2.09725        24       352         0        0.62798
   2.10410        24       327         0        0.62500
   2.11095        18       359         0        0.63988
   2.11779        15       348         0        0.64881
   2.12464        17       374         0        0.61607
   2.13149        15       389         0        0.67857
   2.13834        30       370         0        0.67262
   2.14519        13       413         0        0.66071
   2.15204        18       348         0        0.65179
   2.15889        16       369         0        0.66369
   2.16574        14       378         0        0.67262
   2.17259        16       357         0        0.65774
   2.17944        15       370         0        0.63393
   2.18629        14       349         0        0.64286
   2.19314        25       358         0        0.64881
   2.19998        12       364         0        0.67262
   2.20683        12       406         0        0.65476
   2.21368        12       373         0        0.62202
   2.22053        25       355         0        0.61607
   2.22738        18       385         0        0.68155
   2.23423        14       350         0        0.65774
   2.24108        18       357         0        0.63690
   2.24793        20       343         0        0.65774
   2.25478        12       363         0        0.64286
   2.26163        31       356         0        0.66071
   2.26848        16       398         0        0.66369
   2.27533        21       335         0        0.63393
   2.28218        23       371         0        0.66071
   2.28902        18       358         0        0.65179
   2.29587        14       375         0        0.62798
   2.30272        14       413         0        0.68155
   2.30957        12       422         0        0.68452
   2.31642        12       365         0        0.66964
   2.31887        13       378         0        0.62202
   2.32571        22       394         0        0.65179
   2.33256         6       413         0        0.63095
   2.33941        22       342         0        0.58631
   2.34626         8       361         0        0.62202
   2.35311        12       342         0        0.62202
   2.35996        19       325         0        0.62202
   2.36681        24       341         0        0.60714
   2.37366        13       342         1        0.57738
   2.38051        16       316         0        0.59226
   2.38736        12       343         0        0.61012
   2.39421        15       345         0        0.59524
   2.40106        11       309         0        0.59226
   2.40791        12       343         0        0.61905
   2.41475        18       341         0        0.63988
   2.42160        14       325         0        0.59524
   2.42845        25       308         0        0.61012
   2.43530        21       333         0        0.60714
   2.44215        18       285         0        0.60119
   2.44900        27       317         0        0.61012
   2.45585        12       376         0        0.66071
   2.46270        36       333         0        0.68452
   2.46955        29       336         0        0.69048
   2.47640        24       343         0        0.67857
   2.48325        22       350         0        0.69643
   2.49010        20       345         0        0.66667
   2.49694        38       351         0        0.68155
   2.50379        32       338         0        0.67857
   2.51064        20       337         0        0.68750
   2.51749        20       396         0        0.71726
   2.52434        22       373         0        0.70238
   2.53119        20       354         0        0.69048
   2.53804        22       352         0        0.68452
   2.54489        20       368         0        0.69048
   2.55174        16       366         0        0.71131
   2.55859        26       371         0        0.72321
   2.56544        20       354         0        0.70238
   2.57229        28       382         0        0.72619
   2.57914        20       380         0        0.71726
   2.58598        20       383         0        0.67857
   2.59283        18       358         0        0.70536
   2.59968        32       374         0        0.75000
   2.60653        18       374         0        0.69940
   2.61338        20       345         0        0.66964
   2.62023        27       374         0        0.70238
   2.62708        20       348         0        0.69940
   2.63393        27       367         0        0.67560
   2.64078        22       348         0        0.71429
   2.64763        23       346         0        0.69345
   2.65448        27       341         0        0.69048
   2.66133        22       358         0        0.70238
   2.66817        24       345         0        0.68452
   2.67502        30       355         0        0.69643
   2.68187        30       371         0        0.70833
   2.68872        22       375         0        0.73214
   2.69207        20       359         0        0.74702
   2.69892        18       379         0        0.69643
   2.70577        25       373         0        0.71429
   2.71262        24       351         0        0.69940
   2.71947        19       349         0        0.68750
   2.72632        20       370         0        0.69940
   2.73317        23       373         0        0.70238
   2.74002        33       374         1        0.71429
   2.74687        25       354         0        0.71131
   2.75372        23       360         0        0.69643
   2.76056        30       362         0        0.69345
   2.76741        16       389         0        0.70238
   2.77426        48       376         0        0.71131
   2.78111        30       370         0        0.72024
   2.78796        26       371         0        0.73512
   2.79481        24       332         0        0.68452
   2.80166        27       355         0        0.68750
   2.80851        24       359         0        0.70536
   2.81536        26       341         0        0.68155
   2.82221        24       368         0        0.67857
   2.82906        24       346         0        0.69643
   2.83591        20       356         0        0.71429
   2.84275        20       378         0        0.72024
   2.84960        23       357         0        0.70833
   2.85645        14       374         0        0.69048
   2.86330        15       402         0        0.68750
   2.87015        17       392         0        0.70833
   2.87700         6       418         0        0.76786
   2.88385        16       383         0        0.73810
   2.89070         4       411         0        0.80357
   2.89755        12       409         0        0.76190
   2.90440        14       411         0        0.74107
   2.91125        14       407         0        0.75298
   2.91810        14       414         0        0.77083
   2.92495        19       403         0        0.77083
   2.93179        16       452         0        0.77679
   2.93864        16       429         0        0.78274
   2.94549        12       398         0        0.77679
   2.95234        16       401         0        0.78274
   2.95919        21       427         0        0.80357
   2.96604        12       404         0        0.77679
   2.97289        16       386         0        0.77083
   2.97974        14       398         0        0.78274
   2.98659        10       431         0        0.79167
   2.99344        16       425         0        0.80952
   3.00029        14       435         0        0.77381
   3.00714        24       438         0        0.80357
   3.01398        18       408         0        0.80655
   3.02083        18       401         0        0.76488
   3.02768        25       394         0        0.73810
   3.03453        31       437         0        0.79167
   3.04138        16       401         0        0.75595
   3.04823        20       428         0        0.75000
   3.05508        18       435         0        0.77679
   3.06193        26       430         0        0.80655
   3.06560        14       393         0        0.79167
   3.07245        20       395         0        0.78274
   3.07930        27       435         0        0.83036
   3.08615        16       421         0        0.81250
   3.09300        16       391         0        0.75298
   3.09985        18       426         0        0.81548
   3.10670        14       406         0        0.79167
   3.11355        12       425         0        0.80655
   3.12040        14       437         0        0.80952
   3.12725        14       426         0        0.81548
   3.13410        16       431         0        0.83036
   3.14095         8       436         0        0.80060
   3.14779        16       432         0        0.79762
   3.15464        14       435         0        0.78869
   3.16149        24       397         1        0.76488
   3.16834        14       419         0        0.77083
   3.17519        14       402         0        0.79167
   3.18204        14       453         0        0.77381
   3.18889        11       409         0        0.74405
   3.19574        14       464         0        0.78869
   3.20259        16       430         0        0.83631
   3.20944        11       449         0        0.77976
   3.21629        20       417         0        0.78571
   3.22314        14       465         0        0.80060
   3.22998        16       414         0        0.77083
   3.23683        16       430         0        0.80060
   3.24368        24       453         0        0.80357
   3.25053        16       424         0        0.78869
   3.25738        20       440         0        0.82143
   3.26423        14       412         0        0.78274
   3.27108        16       405         0        0.75000
   3.27793        18       417         0        0.73810
   3.28478        20       417         0        0.79167
   3.29163        16       432         0        0.80357
   3.29848        16       401         0        0.77679
   3.30533        16       427         0        0.81845
   3.31218        14       430         0        0.77083
   3.31902        18       437         0        0.80952
   3.32587        12       430         0        0.78274
   3.33272        14       415         0        0.77976
   3.33957        16       464         0        0.78571
   3.34642        14       406         0        0.79464
   3.35327        16       423         0        0.78869
   3.36012        16       418         0        0.77976
   3.36697        16       408         0        0.80060
   3.37382        18       425         0        0.80655
   3.38067        16       437         0        0.78274
   3.38752        14       389         0        0.75893
   3.39437        18       430         0        0.78571
   3.40121        21       384         0        0.74702
   3.40806        14       430         0        0.77976
   3.41491        14       411         0        0.76786
   3.42176        16       434         0        0.77679
   3.42861        14       408         0        0.77976
   3.43546        22       434         0        0.78869
   3.43953        14       420         0        0.76190
   3.44638        24       449         0        0.79464
   3.45323        22       451         0        0.80655
   3.46008         5       413         0        0.72321
   3.46693        35       425         0        0.79167
   3.47378        28       407         0        0.77679
   3.48062        28       405         0        0.77083
   3.48747        32       392         0        0.80655
   3.49432        34       370         0        0.74107
   3.50117        30       377         0        0.73810
   3.50802        22       394         0        0.71726
   3.51487        26       416         0        0.74702
   3.52172        28       402         0        0.76488
   3.52857        28       407         0        0.77083
   3.53542        28       401         0        0.77381
   3.54227        22       411         0        0.79762
   3.54912        34       408         0        0.82440
   3.55597        28       418         0        0.81845
   3.56281        28       448         0        0.80655
   3.56966        30       394         0        0.76190
   3.57651        40       445         0        0.80952
   3.58336        28       416         0        0.79167
   3.59021        30       400         0        0.78274
   3.59706        30       449         0        0.77679
   3.60391        42       389         0        0.77976
   3.61076        41       424         0        0.79464
   3.61761        44       408         0        0.80357
   3.62446        34       410         0        0.83631
   3.63131        28       411         0        0.79464
   3.63816        32       406         0        0.81250
   3.64501        30       401         0        0.81250
   3.65185        35       425         0        0.80952
   3.65870        28       479         0        0.82440
   3.66555        32       427         0        0.83631
   3.67240        36       437         0        0.82440
   3.67925        28       408         0        0.79167
   3.68610        32       428         0        0.85714
   3.69295        32       413         0        0.83333
   3.69980        26       413         0        0.81845
   3.70665        34       436         0        0.84821
   3.71350        32       398         0        0.81250
   3.72035        36       445         0        0.85417
   3.72720        28       426         0        0.84821
   3.73404        26       419         0        0.82143
   3.74089        32       402         0        0.81250
   3.74774        30       417         0        0.80952
   3.75459        30       422         0        0.81250
   3.76144        39       411         0        0.84524
   3.76829        31       463         0        0.81250
   3.77514        40       424         0        0.83333
   3.78199        32       406         0        0.81548
   3.78884        34       415         0        0.85119
   3.79569        34       429         0        0.82440
   3.80254        30       432         0        0.81250
   3.80939        34       407         0        0.83333
   3.81411        30       425         0        0.84226
   3.82096        26       438         0        0.84821
   3.82781        28       404         0        0.80952
   3.83466        32       393         0        0.80060
   3.84151        28       409         0        0.78869
   3.84836        30       470         0        0.84821
   3.85521        32       403         0        0.79464
   3.86205        33       420         0        0.83333
   3.86890        30       436         0        0.83333
   3.87575        45       410         0        0.81548
   3.88260        49       412         0        0.82143
   3.88945        30       410         0        0.80655
   3.89630        32       425         0        0.82440
   3.90315        32       423         0        0.82440
   3.91000        30       408         0        0.80655
   3.91685        32       425         0        0.82440
   3.92370        42       427         0        0.85417
   3.93055        30       404         0        0.81548
   3.93740        38       430         0        0.81845
   3.94425        47       427         0        0.81548
   3.95109        45       409         0        0.80952
   3.95794        30       449         0        0.83036
   3.96479        30       419         0        0.83631
   3.97164        38       441         0        0.84226
   3.97849        34       426         0        0.85417
   3.98534        50       409         0        0.82738
   3.99219        30       411         0        0.81845
   3.99904        34       409         0        0.83631
   4.00589        26       416         0        0.80357
   4.01274        30       435         0        0.82440
   4.01959        35       440         0        0.81548
   4.02644        42       425         0        0.83036
   4.03328        31       453         0        0.78274
   4.04013        32       392         0        0.81250
   4.04698        34       438         0        0.84821
   4.05383        36       404         0        0.80060
   4.06068        34       437         0        0.80357
   4.06753        30       422         0        0.83333
   4.07438        32       412         0        0.83631
   4.08123        48       431         0        0.83036
   4.08808        32       437         0        0.83036
   4.09493        34       429         0        0.81250
   4.10178        32       420         0        0.82440
   4.10863        32       445         0        0.82738
   4.11548        22       416         0        0.81250
   4.12232        51       435         0        0.84821
   4.12917        34       475         0        0.83036
   4.13602        36       435         0        0.85714
   4.14287        32       477         0        0.83333
   4.14972        36       408         0        0.81548
   4.15657        28       392         0        0.79167
   4.16342        30       411         0        0.83929
   4.17027        36       407         0        0.83036
   4.17712        34       411         0        0.83036
   4.18397        30       436         0        0.81548
   4.18905        34       403         0        0.80952
   4.19590        28       423         0        0.83929
   4.20275        34       419         0        0.83333
   4.20960        30       423         0        0.83333
   4.21645        37       397         0        0.80655
   4.22330        38       473         0        0.85714
   4.23014        32       429         0        0.79167
   4.23699        34       417         0        0.83631
   4.24384        32       437         0        0.83631
   4.25069        28       422         0        0.81548
   4.25754        34       421         0        0.84524
   4.26439        26       425         0        0.83631
   4.27124        43       418         0        0.81548
   4.27809        34       434         0        0.85714
   4.28494        34       425         0        0.80952
   4.29179        36       425         0        0.82143
   4.29864        32       424         0        0.84821
   4.30549        38       407         0        0.83333
   4.31233        32       430         0        0.84226
   4.31918        46       433         0        0.84821
   4.32603        37       416         0        0.81548
   4.33288        30       444         0        0.83929
   4.33973        34       409         0        0.80060
   4.34658        30       407         0        0.81548
   4.35343        30       414         0        0.82143
   4.36028        32       441         0        0.83929
   4.36713        34       420         0        0.82738
   4.37398        52       434         0        0.83631
   4.38083        36       450         0        0.84226
   4.38768        32       413         0        0.84524
   4.39453        35       431         0        0.77083
   4.40137        26       416         0        0.76488
   4.40822        37       427         0        0.81845
   4.41507        32       461         0        0.83929
   4.42192        32       399         0        0.82738
   4.42877        30       413         0        0.82143
   4.43562        38       421         0        0.84226
   4.44247        30       407         0        0.81845
   4.44932        30       434         0        0.81250
   4.45617        28       467         0        0.82738
   4.46302        34       401         0        0.83036
   4.46987        34       425         0        0.83929
   4.47672        36       414         0        0.82440
   4.48356        28       394         0        0.80655
   4.49041        34       411         0        0.83036
   4.49726        28       428         0        0.81845
   4.50411        36       425         0        0.83929
   4.51096        32       401         0        0.82738
   4.51781        32       410         0        0.83333
   4.52466        56       437         0        0.82440
   4.53151        41       414         0        0.82143
   4.53836        32       427         0        0.81250
   4.54521        30       445         0        0.84524
   4.55206        32       444         0        0.82143
   4.55891        36       420         0        0.85119
   4.56394        32       410         0        0.81845
   4.57079        32       434         0        0.82143
   4.57764        32       431         0        0.85417
   4.58449        34       421         0        0.84226
   4.59134        34       407         0        0.82440
   4.59819        48       419         0        0.84821
   4.60504        32       413         0        0.82143
   4.61189        26       408         0        0.80952
   4.61874        31       426         0        0.81845
   4.62559        28       418         0        0.81548
   4.63244        32       414         0        0.83631
   4.63928        48       419         0        0.83631
   4.64613        30       409         0        0.81250
   4.65298        30       428         0        0.81845
   4.65983        53       437         0        0.85119
   4.66668        42       442         0        0.84821
   4.67353        43       413         0        0.85714
   4.68038        34       402         0        0.81548
   4.68723        51       419         0        0.84226
   4.69408        32       398         0        0.79762
   4.70093        30       451         0        0.84226
   4.70778        30       444         0        0.84524
   4.71463        34       442         0        0.83929
   4.72147        32       441         0        0.83333
   4.72832        32       426         0        0.80655
   4.73517        36       399         0        0.83333
   4.74202        32       442         0        0.81548
   4.74887        32       446         0        0.82143
   4.75572        32       421         0        0.83333
   4.76257        34       433         0        0.84524
   4.76942        32       450         0        0.85714
   4.77627        32       428         0        0.81250
   4.78312        36       410         0        0.82738
   4.78997        36       418         0        0.83631
   4.79682        35       399         0        0.80952
   4.80367        46       451         0        0.83929
   4.81051        36       423         0        0.85119
   4.81736        32       449         0        0.85714
   4.82421        31       429         0        0.84226
   4.83106        35       431         0        0.84524
   4.83791        35       428         0        0.83333
   4.84476        32       410         0        0.83631
   4.85161        32       456         0        0.84524
   4.85846        32       427         0        0.85119
   4.86531        32       437         0        0.84226
   4.87216        34       420         0        0.82143
   4.87901        36       413         0        0.81548
   4.88586        36       439         0        0.84226
   4.89270        30       430         0        0.83333
   4.89955        32       443         0        0.83929
   4.90640        34       402         0        0.82440
   4.91325        32       402         0        0.82738
   4.92010        30       389         0        0.80060
   4.92695        30       400         0        0.79167
   4.93380        34       405         0        0.82440
   4.93888        32       374         0        0.78274
   4.94573        34       393         0        0.80952
   4.95258        26       385         0        0.77083
   4.95943        53       438         0        0.83036
   4.96628        41       446         0        0.86310
   4.97312        34       395         0        0.78869
   4.97997        32       427         0        0.81250
   4.98682        32       423         0        0.83333
   4.99367        34       424         0        0.81250
   5.00052        30       417         0        0.83036
   5.00737        34       433         0        0.85714
   5.01422        34       443         0        0.81845
   5.02107        32       407         0        0.82738
   5.02792        34       397         0        0.80357
   5.03477        32       389         0        0.81250
   5.04162        35       434         0        0.84524
   5.04847        34       418         0        0.84226
   5.05532        30       421         0        0.79464
   5.06216        34       432         0        0.83631
   5.06901        28       406         0        0.80655
   5.07586        34       462         0        0.84524
   5.08271        34       408         0        0.84524
   5.08956        34       413         0        0.81548
   5.09641        24       437         0        0.82738
   5.10326        32       391         0        0.80357
   5.11011        32       415         0        0.82440
   5.11696        28       402         0        0.83036
   5.12381        34       403         0        0.80060
   5.13066        28       426         0        0.82440
   5.13751        36       416         0        0.82738
   5.14435        33       424         0        0.82440
   5.15120        37       419         0        0.83631
   5.15805        34       419         0        0.83333
   5.16490        50       417         0        0.82143
   5.17175        28       398         0        0.80952
   5.17860        34       406         0        0.82440
   5.18545        47       448         0        0.82440
   5.19230        37       418         0        0.83631
   5.19915        34       431         0        0.82143
   5.20600        28       430         0        0.82440
   5.21285        28       417         0        0.79464
   5.21970        45       412         0        0.81250
   5.22655        35       400         0        0.81548
   5.23339        30       390         0        0.78869
   5.24024        34       410         0        0.82143
   5.24709        34       425         0        0.82440
   5.25394        26       428         0        0.80060
   5.26079        32       430         0        0.81845
   5.26764        49       410         0        0.80655
   5.27449        42       410         0        0.80655
   5.28134        30       406         0        0.83036
   5.28819        28       437         0        0.83036
   5.29504        30       457         0        0.82143
   5.30189        37       425         0        0.80357
   5.30874        30       409         0        0.80952
   5.31393        45       431         0        0.80655
   5.32078        30       399         0        0.80357
   5.32763        32       413         0        0.81845
   5.33448        32       421         0        0.83929
   5.34133        28       420         0        0.82738
   5.34818        36       422         0        0.81250
   5.35502        30       439         0        0.82738
   5.36187        32       438         0        0.84524
   5.36872        30       411         0        0.84226
   5.37557        32       408         0        0.81548
   5.38242        49       432         0        0.80952
   5.38927        32       426         0        0.84524
   5.39612        45       414         0        0.78571
   5.40297        39       429         0        0.80060
   5.40982        32       394         0        0.80357
   5.41667        37       398         0        0.80655
   5.42352        30       414         0        0.79167
   5.43037        32       440         0        0.85119
   5.43721        30       427         0        0.83036
   5.44406        32       424         0        0.83631
   5.45091        35       427         0        0.78571
   5.45776        34       421         0        0.83333
   5.46461        32       430         0        0.83631
   5.47146        32       461         0        0.82738
   5.47831        40       432         0        0.84226
   5.48516        32       427         0        0.78869
   5.49201        43       434         0        0.83333
   5.49886        32       410         0        0.81250
   5.50571        28       421         0        0.82440
   5.51256        32       413         0        0.81548
   5.51941        28       408         0        0.82143
   5.52625        28       425         0        0.83333
   5.53310        34       421         0        0.82143
   5.53995        34       406         0        0.81845
   5.54680        36       410         0        0.84821
   5.55365        28       399         0        0.79762
   5.56050        40       433         0        0.83333
   5.56735        32       431         0        0.83333
   5.57420        34       419         0        0.84821
   5.58105        32       428         0        0.79167
   5.58790        36       400         0        0.81845
   5.59475        40       430         0        0.84821
   5.60160        44       452         0        0.84524
   5.60844        24       437         0        0.81845
   5.61529        32       425         0        0.82738
   5.62214        26       386         0        0.77083
   5.62899        40       437         0        0.84226
   5.63584        38       437         0        0.86310
   5.64269        43       438         0        0.84226
   5.64954        36       442         0        0.83333
   5.65639        30       415         0        0.80060
   5.66324        47       415         0        0.83036
   5.67009        36       408         0        0.82143
   5.67694        42       421         0        0.82440
   5.68379        30       437         0        0.79167
   5.68876        36       416         0        0.85119
   5.69561        26       411         0        0.82143
   5.70246        32       453         0        0.82143
   5.70931        30       404         0        0.82738
   5.71615        28       422         0        0.80952
   5.72300        30       441         0        0.83333
   5.72985        30       422         0        0.83036
   5.73670        50       414         0        0.83631
   5.74355        34       446         0        0.85417
   5.75040        34       429         0        0.83631
   5.75725        38       418         0        0.84226
   5.76410        30       402         0        0.83036
   5.77095        35       428         0        0.86310
   5.77780        30       399         0        0.81845
   5.78465        53       421         0        0.80060
   5.79150        38       438         0        0.84524
   5.79834        46       437         0        0.80357
   5.80519        32       418         0        0.82143
   5.81204        36       421         0        0.83036
   5.81889        32       421         0        0.86012
   5.82574        34       425         0        0.83036
   5.83259        28       427         0        0.81548
   5.83944        36       409         0        0.82738
   5.84629        26       449         0        0.81845
   5.85314        30       420         0        0.82143
   5.85999        32       419         0        0.83036
   5.86684        30       431         0        0.80952
   5.87369        30       401         0        0.82143
   5.88054        36       410         0        0.80655
   5.88738        47       439         0        0.85714
   5.89423        36       399         0        0.83333
   5.90108        36       434         0        0.86905
   5.90793        34       410         0        0.83929
   5.91478        30       455         0        0.85417
   5.92163        36       423         0        0.85119
   5.92848        34       447         0        0.83929
   5.93533        32       436         0        0.85119
   5.94218        36       436         0        0.84226
   5.94903        34       414         0        0.82440
   5.95588        32       415         0        0.80952
   5.96273        51       416         0        0.83036
   5.96957        36       418         0        0.82440
   5.97642        36       414         0        0.81250
   5.98327        34       414         0        0.84226
   5.99012        39       407         0        0.83631
   5.99697        51       422         0        0.84821
   6.00382        36       428         0        0.84226
   6.01067        34       412         0        0.84226
   6.01752        32       435         0        0.84524
   6.02437        34       420         0        0.83929
   6.03122        45       435         0        0.85417
   6.03807        32       397         0        0.80060
   6.04492        34       419         0        0.82440
   6.05177        41       449         0        0.85119
   6.05861        34       432         0        0.82738
   6.06370        50       423         0        0.83333
   6.07055        28       415         0        0.81548
   6.07739        28       430         0        0.83929
   6.08424        30       434         0        0.80952
   6.09109        32       397         0        0.81845
   6.09794        30       384         0        0.76488
   6.10479        35       416         0        0.79464
   6.11164        34       413         0        0.83631
   6.11849        28       425         0        0.82738
   6.12534        28       426         0        0.82440
   6.13219        34       437         0        0.83929
   6.13904        37       422         0        0.83036
   6.14589        30       410         0        0.81845
   6.15274        34       433         0        0.81845
   6.15958        39       438         0        0.81845
   6.16643        32       406         0        0.80357
   6.17328        28       439         0        0.83036
   6.18013        32       436         0        0.82440
   6.18698        34       487         0        0.83631
   6.19383        30       424         0        0.80655
   6.20068        32       415         0        0.82738
   6.20753        34       424         0        0.83333
   6.21438        30       409         0        0.80952
   6.22123        32       415         0        0.83929
   6.22808        34       413         0        0.81548
   6.23493        34       418         0        0.83036
   6.24178        30       444         0        0.83036
   6.24862        34       409         0        0.81250
   6.25547        30       398         0        0.80952
   6.26232        32       430         0        0.82738
   6.26917        49       431         0        0.83631
   6.27602        34       424         0        0.83036
   6.28287        30       427         0        0.84226
   6.28972        28       420         0        0.82440
   6.29657        36       467         0        0.84524
   6.30342        34       438         0        0.84821
   6.31027        46       444         0        0.81250
   6.31712        34       411         0        0.81548
   6.32397        32       409         0        0.83631
   6.33081        32       422         0        0.81250
   6.33766        51       458         0        0.85417
   6.34451        32       443         0        0.82143
   6.35136        52       405         0        0.83631
   6.35821        32       437         0        0.84524
   6.36506        32       424         0        0.83333
   6.37191        34       416         0        0.83929
   6.37876        28       394         0        0.80060
   6.38561        30       416         0        0.78571
   6.39246        34       419         0        0.81548
   6.39931        32       409         0        0.83333
   6.40616        36       439         0        0.81548
   6.41301        33       369         0        0.75298
   6.41985        30       389         0        0.79464
   6.42670        32       424         0        0.80357
   6.43355        28       420         0        0.80952
   6.43872        36       413         0        0.82143
   6.44557        36       422         0        0.84226
   6.45242        32       475         0        0.81548
   6.45927        41       422         0        0.82738
   6.46612        32       410         0        0.82143
   6.47297        55       433         0        0.83036
   6.47982        34       404         0        0.82143
   6.48666        32       416         0        0.83333
   6.49351        32       421         0        0.83333
   6.50036        34       435         0        0.80655
   6.50721        32       424         0        0.86607
   6.51406        34       410         0        0.81548
   6.52091        28       425         0        0.79464
   6.52776        36       444         0        0.83929
   6.53461        32       412         0        0.83036
   6.54146        30       447         0        0.85119
   6.54831        36       421         0        0.82738
   6.55516        32       424         0        0.84226
   6.56201        51       408         0        0.83929
   6.56885        34       403         0        0.80655
   6.57570        41       422         0        0.83929
   6.58255        34       421         0        0.80952
   6.58940        28       454         0        0.83036
   6.59625        50       451         0        0.83036
   6.60310        48       424         0        0.81548
   6.60995        44       420         0        0.82738
   6.61680        49       423         0        0.84821
   6.62365        26       425         0        0.83036
   6.63050        35       443         0        0.84524
   6.63735        38       423         0        0.86310
   6.64420        55       418         0        0.84226
   6.65105        38       427         0        0.84226
   6.65789        34       415         0        0.83631
   6.66474        31       445         0        0.83929
   6.67159        36       433         0        0.82143
   6.67844        37       449         0        0.83036
   6.68529        39       413         0        0.84226
   6.69214        41       393         0        0.78571
   6.69899        34       413         0        0.82143
   6.70584        30       425         0        0.82143
   6.71269        34       437         0        0.83929
   6.71954        48       423         0        0.84524
   6.72639        30       401         0        0.80357
   6.73324        36       417         0        0.83036
   6.74008        32       412         0        0.81845
   6.74693        32       420         0        0.83036
   6.75378        28       454         0        0.81548
   6.76063        32       401         0        0.77976
   6.76748        32       422         0        0.82738
   6.77433        36       429         0        0.84226
   6.78118        26       411         0        0.81250
   6.78803        28       414         0        0.81250
   6.79488        34       409         0        0.82440
   6.80173        32       436         0        0.80952
   6.80858        32       448         0        0.80952
   6.81361        34       444         0        0.84821
   6.82046        32       444         0        0.83631
   6.82730        48       398         0        0.80357
   6.83415        32       413         0        0.82143
   6.84100        35       425         0        0.83631
   6.84785        28       434         0        0.79464
   6.85470        28       405         0        0.81845
   6.86155        52       412         0        0.85417
   6.86840        32       422         0        0.84226
   6.87525        34       433         0        0.84524
   6.88210        28       417         0        0.83036
   6.88895        48       400         0        0.80952
   6.89580        34       431         0        0.81548
   6.90265        33       439         0        0.83631
   6.90950        32       417         0        0.83036
   6.91634        30       417         0        0.81548
   6.92319        30       410         0        0.81250
   6.93004        26       440         0        0.79762
   6.93689        32       406         0        0.80655
   6.94374        34       402         0        0.83333
   6.95059        30       420         0        0.83036
   6.95744        32       389         0        0.79167
   6.96429        34       413         0        0.83333
   6.97114        34       400         0        0.78274
   6.97799        34       397         0        0.80060
   6.98484        34       408         0        0.79762
   6.99169        46       481         0        0.86012
   6.99853        28       425         0        0.82738
   7.00538        38       419         0        0.80952
   7.01223        28       424         0        0.83036
   7.01908        37       452         0        0.82440
   7.02593        28       428         0        0.79762
   7.03278        32       395         0        0.79167
   7.03963        32       420         0        0.81250
   7.04648        46       427         0        0.80060
   7.05333        32       436         0        0.83333
   7.06018        34       427         0        0.83036
   7.06703        44       427         0        0.80952
   7.07388        30       409         0        0.80357
   7.08073        32       400         0        0.81548
   7.08757        34       405         0        0.83036
   7.09442        28       420         0        0.82440
   7.10127        34       440         0        0.84821
   7.10812        51       432         0        0.82738
   7.11497        31       420         0        0.82440
   7.12182        30       412         0        0.81548
   7.12867        37       463         0        0.81845
   7.13552        36       464         0        0.84524
   7.14237        46       467         0        0.82738
   7.14922        24       398         0        0.77083
   7.15607        34       422         0        0.83036
   7.16292        32       444         0        0.82738
   7.16976        30       431         0        0.80952
   7.17661        36       405         0        0.80357
   7.18346        34       464         0        0.84524
   7.18851        32       412         0        0.82738
   7.19536        32       395         0        0.80655
   7.20220        32       405         0        0.83631
   7.20905        32       421         0        0.83631
   7.21590        32       432         0        0.85119
   7.22275        32       434         0        0.85417
   7.22960        36       430         0        0.85714
   7.23645        49       431         0        0.82738
   7.24330        34       428         0        0.86012
   7.25015        35       411         0        0.80655
   7.25700        39       443         0        0.84226
   7.26385        37       428         0        0.79464
   7.27070        34       407         0        0.83929
   7.27755        30       401         0        0.79167
   7.28440        34       404         0        0.83333
   7.29124        51       436         0        0.83333
   7.29809        32       423         0        0.80655
   7.30494        48       417         0        0.82440
   7.31179        28       435         0        0.77976
   7.31864        33       438         0        0.83631
   7.32549        30       420         0        0.80357
   7.33234        32       467         0        0.84524
   7.33919        32       420         0        0.82143
   7.34604        28       423         0        0.84226
   7.35289        32       413         0        0.82143
   7.35974        30       409         0        0.80357
   7.36659        28       424         0        0.84524
   7.37343        32       419         0        0.81845
   7.38028        32       402         0        0.82440
   7.38713        33       417         0        0.83036
   7.39398        40       422         0        0.80655
   7.40083        34       422         0        0.83929
   7.40768        32       408         0        0.81845
   7.41453        32       412         0        0.83333
   7.42138        36       447         0        0.84524
   7.42823        34       405         0        0.82143
   7.43508        36       440         0        0.84821
   7.44193        30       424         0        0.82143
   7.44878        46       413         0        0.82738
   7.45563        24       415         0        0.83333
   7.46247        40       394         0        0.78869
   7.46932        30       409         0        0.78869
   7.47617        32       438         0        0.85119
   7.48302        52       442         0        0.82143
   7.48987        34       429         0        0.83333
   7.49672        54       434         0        0.85119
   7.50357        34       416         0        0.85714
   7.51042        30       441         0        0.83631
   7.51727        38       428         0        0.85417
   7.52412        32       446         0        0.83631
   7.53097        34       426         0        0.82738
   7.53782        50       434         0        0.82143
   7.54466        34       447         0        0.84821
   7.55151        43       444         0        0.81250
   7.55836        32       432         0        0.80952
   7.56328        38       438         0        0.83631
   7.57013        33       404         0        0.81250
   7.57698        36       406         0        0.80655
   7.58382        32       425         0        0.84226
   7.59067        30       433         0        0.83333
   7.59752        33       404         0        0.81548
   7.60437        32       417         0        0.84226
   7.61122        34       412         0        0.83631
   7.61807        52       448         0        0.83929
   7.62492        32       429         0        0.83036
   7.63177        30       415         0        0.82143
   7.63862        32       438         0        0.83631
   7.64547        32       457         0        0.86012
   7.65232        38       432         0        0.83333
   7.65917        30       411         0        0.80952
   7.66602        34       413         0        0.84226
   7.67286        28       466         0        0.85119
   7.67971        30       424         0        0.79464
   7.68656        34       422         0        0.81845
   7.69341        28       440         0        0.83333
   7.70026        32       415         0        0.83333
   7.70711        30       410         0        0.83929
   7.71396        33       428         0        0.82738
   7.72081        30       409         0        0.83036
   7.72766        30       398         0        0.79464
   7.73451        36       453         0        0.83333
   7.74136        32       445         0        0.80357
   7.74821        34       420         0        0.82143
   7.75505        41       423         0        0.83929
   7.76190        37       426         0        0.82440
   7.76875        30       411         0        0.80952
   7.77560        36       432         0        0.82440
   7.78245        41       430         0        0.84226
   7.78930        28       403         0        0.79762
   7.79615        34       401         0        0.81845
   7.80300        48       444         0        0.83929
   7.80985        30       396         0        0.78274
   7.81670        34       392         0        0.80357
   7.82355        32       441         0        0.79762
   7.83040        32       434         0        0.82738
   7.83724        46       424         0        0.82440
   7.84409        32       435         0        0.84226
   7.85094        32       420         0        0.83036
   7.85779        34       428         0        0.83333
   7.86464        32       430         0        0.82440
   7.87149        34       405         0        0.82738
   7.87834        45       421         0        0.81845
   7.88519        43       417         0        0.80952
   7.89204        36       406         0        0.81548
   7.89889        32       414         0        0.80060
   7.90574        50       420         0        0.79762
   7.91259        41       446         0        0.81845
   7.91944        30       420         0        0.81845
   7.92628        32       440         0        0.80952
   7.93313        30       421         0        0.82143
   7.93829        52       427         0        0.85119
   7.94514        53       408         0        0.79167
   7.95199        34       413         0        0.79167
   7.95884        34       446         0        0.81845
   7.96569        64       402         0        0.83929
   7.97254        28       401         0        0.79464
   7.97939        34       432         0        0.82440
   7.98624        30       449         0        0.78869
   7.99309        32       430         0        0.83631
   7.99994        48       435         0        0.85714
   8.00678        51       426         0        0.80952
   8.01363        36       418         0        0.81250
   8.02048        36       424         0        0.84821
   8.02733        35       406         0        0.79762
   8.03418        32       446         0        0.83631
   8.04103        40       425         0        0.84226
   8.04788        45       453         0        0.86310
   8.05473        44       424         0        0.81250
   8.06158        34       408         0        0.82738
   8.06843        49       429         0        0.81845
   8.07528        30       428         0        0.82143
   8.08213        34       442         0        0.82143
   8.08898        36       407         0        0.85417
   8.09582        48       430         0        0.82440
   8.10267        43       427         0        0.80060
   8.10952        35       420         0        0.82440
   8.11637        32       425         0        0.82738
   8.12322        34       411         0        0.84226
   8.13007        50       418         0        0.83036
   8.13692        32       385         0        0.78274
   8.14377        33       425         0        0.82738
   8.15062        32       407         0        0.81250
   8.15747        34       419         0        0.80952
   8.16432        34       404         0        0.77976
   8.17117        34       413         0        0.82143
   8.17801        61       422         0        0.83929
   8.18486        34       466         0        0.81845
   8.19171        30       430         0        0.83333
   8.19856        46       446         0        0.82738
   8.20541        30       427         0        0.85119
   8.21226        48       394         0        0.81250
   8.21911        34       402         0        0.83333
   8.22596        26       441         0        0.83929
   8.23281        53       431         0        0.83333
   8.23966        30       408         0        0.81250
   8.24651        32       447         0        0.85714
   8.25336        32       399         0        0.80952
   8.26021        36       427         0        0.84821
   8.26705        38       410         0        0.83929
   8.27390        30       449         0        0.82440
   8.28075        32       405         0        0.80655
   8.28760        30       410         0        0.80060
   8.29445        34       417         0        0.80357
   8.30130        36       417         0        0.82143
   8.30815        30       402         0        0.78571
   8.31319        34       459         0        0.85119
   8.32004        32       447         0        0.83929
   8.32689        30       429         0        0.84226
   8.33373        34       404         0        0.80952
   8.34058        40       434         0        0.83333
   8.34743        43       432         0        0.81250
   8.35428        30       423         0        0.81548
   8.36113        40       433         0        0.80060
   8.36798        34       433         0        0.81250
   8.37483        40       435         0        0.82440
   8.38168        22       445         0        0.83036
   8.38853        34       445         0        0.81548
   8.39538        34       420         0        0.83929
   8.40223        30       426         0        0.79762
   8.40908        32       431         0        0.80060
   8.41593        34       411         0        0.83631
   8.42277        36       414         0        0.82738
   8.42962        28       407         0        0.78274
   8.43647        37       423         0        0.85119
   8.44332        30       443         0        0.81845
   8.45017        30       407         0        0.82143
   8.45702        32       429         0        0.83333
   8.46387        30       462         0        0.83631
   8.47072        45       455         0        0.82738
   8.47757        32       409         0        0.83036
   8.48442        24       442         0        0.78869
   8.49127        32       413         0        0.83036
   8.49812        34       417         0        0.83333
   8.50497        28       448         0        0.84524
   8.51181        30       450         0        0.83929
   8.51866        32       413         0        0.82738
   8.52551        32       415         0        0.81250
   8.53236        47       400         0        0.82440
   8.53921        46       414         0        0.80655
   8.54606        37       447         0        0.84821
   8.55291        31       426         0        0.80655
   8.55976        42       434         0        0.84524
   8.56661        30       421         0        0.83631
   8.57346        30       417         0        0.81845
   8.58031        28       431         0        0.85119
   8.58716        45       410         0        0.80655
   8.59400        49       445         0        0.83929
   8.60085        42       416         0        0.83036
   8.60770        34       408         0        0.82440
   8.61455        30       432         0        0.83631
   8.62140        36       411         0        0.81548
   8.62825        30       419         0        0.81250
   8.63510        37       424         0        0.80952
   8.64195        40       420         0        0.81548
   8.64880        34       423         0        0.83631
   8.65565        34       419         0        0.83929
   8.66250        32       391         0        0.81548
   8.66935        32       420         0        0.86012
   8.67620        34       434         0        0.80655
   8.68304        32       408         0        0.79762
   8.68811        43       417         0        0.81548
   8.69496        30       430         0        0.80357
   8.70181        36       406         0        0.83036
   8.70866        30       447         0        0.84226
   8.71551        36       405         0        0.81250
   8.72236        46       396         0        0.77976
   8.72921        30       374         0        0.78869
   8.73606        52       437         0        0.82738
   8.74291        46       405         0        0.80357
   8.74976        30       419         0        0.81845
   8.75661        30       441         0        0.80952
   8.76345        32       443         0        0.78274
   8.77030        33       411         0        0.83929
   8.77715        32       406         0        0.80357
   8.78400        30       429         0        0.80060
   8.79085        32       428         0        0.82738
   8.79770        34       415         0        0.83333
   8.80455        34       448         0        0.85714
   8.81140        28       427         0        0.83333
   8.81825        39       433         0        0.81548
   8.82510        34       399         0        0.80655
   8.83195        37       458         0        0.84226
   8.83880        36       410         0        0.84524
   8.84564        32       405         0        0.81250
   8.85249        32       430         0        0.82440
   8.85934        32       409         0        0.82143
   8.86619        32       417         0        0.81845
   8.87304        34       435         0        0.81845
   8.87989        28       412         0        0.78571
   8.88674        30       417         0        0.85714
   8.89359        41       402         0        0.79762
   8.90044        32       436         0        0.83631
   8.90729        49       457         0        0.83036
   8.91414        34       407         0        0.84226
   8.92099        32       401         0        0.83036
   8.92784        36       441         0        0.81845
   8.93468        34       424         0        0.85714
   8.94153        32       403         0        0.81548
   8.94838        32       421         0        0.83036
   8.95523        38       448         0        0.83333
   8.96208        32       431         0        0.83929
   8.96893        32       417         0        0.79464
   8.97578        36       428         0        0.85417
   8.98263        30       429         0        0.78571
   8.98948        32       411         0        0.81250
   8.99633        32       450         0        0.82440
   9.00318        26       430         0        0.81845
   9.01003        43       427         0        0.86012
   9.01687        37       451         0        0.83929
   9.02372        52       425         0        0.82738
   9.03057        36       419         0        0.82738
   9.03742        38       419         0        0.82440
   9.04427        45       458         0        0.83631
   9.05112        34       408         0        0.82440
   9.05797        30       433         0        0.83036
   9.06291        32       418         0        0.81250
   9.06976        46       444         0        0.86310
   9.07661        32       416         0        0.83631
   9.08346        40       438         0        0.82738
   9.09030        41       439         0        0.85119
   9.09715        29       426         0        0.82440
   9.10400        34       427         0        0.83333
   9.11085        34       422         0        0.82143
   9.11770        32       434         0        0.84524
   9.12455        32       418         0        0.84226
   9.13140        29       405         0        0.81250
   9.13825        40       390         0        0.80060
   9.14510        43       408         0        0.80357
   9.15195        38       429         0        0.84524
   9.15880        34       429         0        0.84226
   9.16565        38       412         0        0.81548
   9.17250        41       416         0        0.83631
   9.17934        32       424         0        0.84821
   9.18619        32       374         0        0.76190
   9.19304        28       402         0        0.80060
   9.19989        45       423         0        0.82738
   9.20674        40       439         0        0.80357
   9.21359        39       415         0        0.82440
   9.22044        28       412         0        0.83929
   9.22729        37       428         0        0.86310
   9.23414        35       428         0        0.80655
   9.24099        40       416         0        0.82143
   9.24784        39       471         0        0.85119
   9.25469        32       393         0        0.81250
   9.26153        40       433         0        0.84524
   9.26838        47       428         0        0.82143
   9.27523        30       405         0        0.79464
   9.28208        36       433         0        0.81548
   9.28893        28       424         0        0.77679
   9.29578        43       430         0        0.83333
   9.30263        30       399         0        0.78571
   9.30948        30       403         0        0.80357
   9.31633        38       413         0        0.85714
   9.32318        43       424         0        0.83929
   9.33003        35       440         0        0.83036
   9.33688        32       405         0        0.81250
   9.34373        34       435         0        0.85119
   9.35057        32       423         0        0.83036
   9.35742        28       423         0        0.83036
   9.36427        35       417         0        0.83631
   9.37112        45       448         0        0.85714
   9.37797        49       395         0        0.81845
   9.38482        32       421         0        0.80060
   9.39167        32       436         0        0.83036
   9.39852        26       418         0        0.82143
   9.40537        34       425         0        0.80952
   9.41222        36       441         0        0.84226
   9.41907        30       416         0        0.80952
   9.42592        28       442         0        0.84226
   9.43276        28       418         0        0.83333
   9.43775        34       433         0        0.86012
