   0.00598         0         0         0        0.00000
   0.01214         0         0         0        0.00000
   0.01227         0         0         0        0.00000
   0.01852         0         0         0        0.00000
   0.01894         0         0         0        0.00000
   0.02529         0         0         0        0.00000
   0.02608         0         0         0        0.00000
   0.03255         0         0         0        0.00000
   0.03381         0         0         0        0.00000
   0.04034         0         0         0        0.00000
   0.04580         0         0         0        0.00000
   0.05240         0         0         0        0.00000
   0.05822         0         0         0        0.00000
   0.06489         0         0         0        0.00000
   0.07156         6         0         0        0.01786
   0.07545         0         0         0        0.00000
   0.08220         4         0         0        0.00595
   0.08895         8         0         0        0.01190
   0.09570         0         0         0        0.00000
   0.09796         0         0         0        0.00000
   0.10484        12         4         0        0.02976
   0.11171        20         0         0        0.06845
   0.11859         6         8         0        0.08631
   0.12547        12        19         0        0.08333
   0.13235        26        12         1        0.04762
   0.13922         0        50         0        0.11012
   0.14610         9        61         0        0.10417
   0.15298        20        44         0        0.11905
   0.15985        30        33         1        0.13690
   0.16673        10        87         0        0.16071
   0.17361        18        77         0        0.16369
   0.18048         9        82         0        0.14881
   0.18736        10        69         1        0.15179
   0.19424        13        60         0        0.15179
   0.20111         6        73         0        0.18750
   0.20799        27        63         0        0.15774
   0.21487        45        70         0        0.16667
   0.22174        21        78         0        0.16964
   0.22862        39        54         4        0.17560
   0.23550         8       148         0        0.27679
   0.24237        20       127         0        0.24702
   0.24925        32       158         3        0.30655
   0.25613        32       212         3        0.34821
   0.26300        18       151         0        0.33036
   0.26988        15       180         0        0.28274
   0.27676        22       175         0        0.31548
   0.28363        21       160         0        0.30060
   0.29051        19       127         0        0.26190
   0.29739        30       129         0        0.26488
   0.30426        61       134         3        0.30357
   0.31114        41       109         0        0.29762
   0.31802        33       163         0        0.34226
   0.32489        22       142         0        0.26488
   0.33177        29       128         1        0.25298
   0.33865         9       129         0        0.22619
   0.34552         8       152         0        0.28571
   0.35240        50       133         4        0.25893
   0.35928        10       145         0        0.22321
   0.36615        32       128         0        0.22619
   0.37303        17       178         0        0.25893
   0.37991         8       112         0        0.17560
   0.38678         8       107         0        0.22619
   0.39366        18       129         0        0.19940
   0.40054        24        91         0        0.19048
   0.40741        39       118         0        0.21726
   0.41429        45       141         0        0.26190
   0.42117        73        73         0        0.21131
   0.42804        40        93         0        0.22321
   0.43492        30       120         0        0.25000
   0.44180        31       119         0        0.20833
   0.44867        26       116         0        0.22321
   0.45555        14       165         0        0.26786
   0.46243        13       165         0        0.25298
   0.46930        31       156         0        0.29464
   0.47618        10       140         0        0.27679
   0.47813         8       190         0        0.28571
   0.48501         3       202         0        0.31548
   0.49189        12       153         0        0.26488
   0.49876         8       176         0        0.26488
   0.50564         4       169         0        0.30357
   0.51252        40       170         0        0.29167
   0.51939        38       203         0        0.37500
   0.52627        22       182         0        0.30060
   0.53315        33       167         3        0.35119
   0.54002        33       225         0        0.39583
   0.54690        14       166         0        0.30357
   0.55378        18       238         0        0.36012
   0.56065        10       229         0        0.32738
   0.56753         0       232         0        0.33929
   0.57441         6       169         0        0.32143
   0.58128        11       221         0        0.37202
   0.58816        11       214         0        0.32738
   0.59504        17       201         0        0.37500
   0.60191         4       146         0        0.29464
   0.60879        30       195         0        0.40774
   0.61567        40       218         0        0.36607
   0.62254        14       278         0        0.41964
   0.62942        19       267         0        0.35417
   0.63630        15       256         0        0.36607
   0.64317        41       239         0        0.33929
   0.65005        16       239         0        0.38393
   0.65693        11       243         0        0.34821
   0.66381        29       211         0        0.37202
   0.67068        35       267         0        0.41071
   0.67756        39       242         0        0.41369
   0.68444        31       236         0        0.42857
   0.69131        12       238         0        0.37798
   0.69819        23       243         0        0.41964
   0.70507        31       248         0        0.44643
   0.71194        34       272         0        0.44048
   0.71882        15       251         0        0.40179
   0.72570        21       293         0        0.36310
   0.73257        16       238         0        0.36310
   0.73945        24       231         0        0.38690
   0.74633        22       248         0        0.42560
   0.75320        30       291         0        0.40476
   0.76008         8       271         0        0.44940
   0.76696        18       270         0        0.43155
   0.77383        30       289         0        0.41667
   0.78071        11       272         0        0.42857
   0.78759        14       269         0        0.41071
   0.79446         4       270         0        0.43452
   0.80134        13       265         0        0.44643
   0.80822        20       223         0        0.41071
   0.81509         8       288         0        0.46429
   0.82197        20       284         0        0.44940
   0.82885        10       269         0        0.46726
   0.83572        14       273         0        0.45536
   0.84260        19       244         0        0.42857
   0.84948         4       204         0        0.36310
   0.85635         6       244         0        0.41964
   0.85804        31       224         3        0.40774
   0.86491         6       194         0        0.31845
   0.87179         7       234         0        0.37202
   0.87867         4       225         0        0.33929
   0.88555         0       218         0        0.35119
   0.89242         9       230         0        0.36012
   0.89930         8       222         0        0.37500
   0.90618         7       246         0        0.44048
   0.91305        17       230         0        0.38095
   0.91993        18       212         0        0.38690
   0.92681         5       172         0        0.31250
   0.93368         0       251         0        0.36012
   0.94056        13       193         0        0.36607
   0.94744        16       216         0        0.38988
   0.95431        21       213         0        0.38988
   0.96119         6       227         0        0.37798
   0.96807        24       223         0        0.37202
   0.97494         9       204         0        0.33929
   0.98182        16       195         0        0.32143
   0.98870        19       211         0        0.38393
   0.99557        22       216         0        0.31548
   1.00245        10       231         0        0.33631
   1.00933        20       212         0        0.38988
   1.01620        14       197         0        0.36607
   1.02308         2       200         0        0.33036
   1.02996        25       214         0        0.44048
   1.03683        10       255         0        0.46429
   1.04371        32       257         0        0.46131
   1.05059        37       222         0        0.42857
   1.05746        16       224         0        0.44643
   1.06434        42       244         0        0.47024
   1.07122        30       276         0        0.46726
   1.07809        29       294         0        0.44345
   1.08497        31       303         0        0.50595
   1.09185        29       290         0        0.54167
   1.09872        53       347         0        0.57440
   1.10560        24       336         0        0.56845
   1.11248        37       336         0        0.55952
   1.11935        33       321         0        0.53571
   1.12623        48       373         0        0.56845
   1.13311        45       316         0        0.56548
   1.13998        52       339         0        0.54762
   1.14686        52       303         0        0.51488
   1.15374        37       344         0        0.52679
   1.16061        33       295         0        0.54167
   1.16749        27       341         0        0.56845
   1.17437        44       276         0        0.51190
   1.18124        48       322         0        0.54167
   1.18812        54       260         0        0.47917
   1.19500        41       276         0        0.47321
   1.20187        29       293         0        0.50595
   1.20875        43       301         0        0.55357
   1.21563        35       281         0        0.43750
   1.22250        46       295         0        0.47024
   1.22938        41       302         0        0.48512
   1.23626        32       289         0        0.50298
   1.23855        18       305         0        0.49107
   1.24543        57       263         0        0.48214
   1.25231        48       349         0        0.58631
   1.25918        30       306         0        0.54762
   1.26606        40       303         0        0.45833
   1.27294        38       310         0        0.51190
   1.27981        39       333         0        0.54762
   1.28669        39       305         0        0.52679
   1.29357        35       313         0        0.47024
   1.30044        22       282         0        0.49405
   1.30732        50       260         0        0.51786
   1.31420        43       273         0        0.52976
   1.32107        18       305         0        0.49405
   1.32795        25       336         0        0.51488
   1.33483         9       303         0        0.42560
   1.34170        18       323         0        0.54762
   1.34858         8       324         0        0.50298
   1.35546         4       337         0        0.54167
   1.36233         0       316         0        0.55060
   1.36921         7       352         0        0.54464
   1.37609         5       269         0        0.46429
   1.38296         5       337         0        0.47321
   1.38984        12       308         0        0.47917
   1.39672        12       269         0        0.44048
   1.40360        16       270         0        0.42560
   1.41047         6       260         0        0.44643
   1.41735         7       275         0        0.42560
   1.42423         8       302         0        0.46429
   1.43110         0       321         0        0.47321
   1.43798         4       272         0        0.44345
   1.44486         5       287         0        0.46726
   1.45173        25       273         0        0.45833
   1.45861        14       241         0        0.43750
   1.46549        14       220         0        0.41369
   1.47236        19       259         0        0.44048
   1.47924        10       295         0        0.46726
   1.48612        11       267         0        0.44940
   1.49299         3       225         0        0.41667
   1.49987         5       236         0        0.44345
   1.50675        17       245         0        0.40476
   1.51362        31       278         0        0.45238
   1.52050        19       283         0        0.44643
   1.52738        15       267         0        0.41369
   1.53425        15       347         0        0.49405
   1.54113        10       300         0        0.44345
   1.54801         4       315         0        0.47321
   1.55488         9       257         0        0.41964
   1.56176         7       228         0        0.42262
   1.56864         4       252         0        0.44048
   1.57551        11       231         0        0.40179
   1.58239        11       230         0        0.42560
   1.58927        14       217         0        0.43750
   1.59614         7       262         0        0.47619
   1.60302        18       299         0        0.45536
   1.60990        29       273         0        0.47321
   1.61677         7       258         0        0.44345
   1.61838         4       259         0        0.42262
   1.62526         8       229         0        0.41071
   1.63213         0       273         0        0.44345
   1.63901         3       271         0        0.43750
   1.64589         3       263         0        0.43750
   1.65276         0       238         0        0.42262
   1.65964         5       293         0        0.47619
   1.66652        12       309         0        0.45833
   1.67339        22       260         0        0.46131
   1.68027        44       285         0        0.52679
   1.68715         1       333         0        0.53869
   1.69402        10       350         0        0.54464
   1.70090         8       338         0        0.53571
   1.70778         3       372         0        0.59524
   1.71465        11       327         0        0.58333
   1.72153        27       369         0        0.58631
   1.72841         7       371         0        0.57738
   1.73528        11       352         0        0.57143
   1.74216        11       309         0        0.54464
   1.74904        13       346         0        0.58929
   1.75592         7       362         0        0.56250
   1.76279         7       350         0        0.55952
   1.76967         1       319         0        0.53274
   1.77655         2       334         0        0.48512
   1.78342         2       372         0        0.54464
   1.79030         7       332         0        0.53869
   1.79718         5       349         0        0.49107
   1.80405         5       302         0        0.53869
   1.81093         0       295         0        0.49107
   1.81781        10       344         0        0.54167
   1.82468        21       329         0        0.55357
   1.83156        34       316         0        0.56250
   1.83844        22       343         0        0.55060
   1.84531        31       346         0        0.55952
   1.85219         6       375         0        0.52679
   1.85907        12       367         0        0.53274
   1.86594        53       332         0        0.57440
   1.87282        48       357         0        0.62500
   1.87970        19       262         0        0.47619
   1.88657        20       302         0        0.48810
   1.89345        11       345         0        0.49405
   1.90033        25       322         0        0.52381
   1.90720        51       325         0        0.52679
   1.91408        17       319         0        0.51488
   1.92096        12       324         0        0.51488
   1.92783        14       344         0        0.54464
   1.93471        31       328         0        0.56250
   1.94159        25       357         0        0.59821
   1.94846        12       329         0        0.55357
   1.95534        19       278         0        0.53571
   1.96222         9       280         0        0.52976
   1.96909        13       279         0        0.51190
   1.97597        20       340         3        0.53869
   1.98285        44       272         0        0.55060
   1.98972        20       301         0        0.48810
   1.99660        24       282         0        0.47917
   1.99817        12       303         0        0.48214
   2.00505        20       351         0        0.48214
   2.01193        28       334         0        0.51488
   2.01880        44       390         0        0.52381
   2.02568        10       373         0        0.49702
   2.03256        50       353         0        0.53274
   2.03943        52       292         0        0.52976
   2.04631        22       299         0        0.49405
   2.05319        35       338         0        0.52381
   2.06006        22       342         0        0.50595
   2.06694        37       332         0        0.57440
   2.07382        38       349         0        0.52976
   2.08069        31       355         0        0.54167
   2.08757        17       303         0        0.45536
   2.09445        46       364         0        0.51190
   2.10132        40       267         0        0.46429
   2.10820        14       341         0        0.49107
   2.11508        16       349         0        0.47619
   2.12196        12       299         0        0.46726
   2.12883         5       350         0        0.47619
   2.13571        27       316         0        0.50298
   2.14259        29       316         0        0.52381
   2.14946         6       346         0        0.49107
   2.15634        18       290         0        0.47619
   2.16322        22       313         0        0.47917
   2.17009        34       336         2        0.50595
   2.17697        47       316         0        0.49107
   2.18385        29       317         0        0.49107
   2.19072        30       371         0        0.51786
   2.19760        17       349         0        0.51488
   2.20448        12       350         0        0.45833
   2.21135         9       344         0        0.46726
   2.21823        16       290         0        0.49702
   2.22511        22       356         0        0.51786
   2.23198        14       273         0        0.46429
   2.23886        10       334         0        0.50000
   2.24574        30       316         0        0.48214
   2.25261        19       306         0        0.48512
   2.25949        27       286         0        0.48512
   2.26637        13       352         0        0.51786
   2.27324        15       338         0        0.50893
   2.28012        15       311         0        0.49107
   2.28700        67       361         0        0.55060
   2.29387         1       339         0        0.53274
   2.30075        34       356         0        0.51488
   2.30763        31       308         0        0.50893
   2.31450         2       333         0        0.49702
   2.32138        16       343         0        0.51488
   2.32826         0       326         0        0.47619
   2.33513        33       321         0        0.51786
   2.34201        55       315         0        0.53571
   2.34889        19       326         0        0.50000
   2.35576        18       359         0        0.52083
   2.36264        15       317         0        0.50000
   2.36952        16       352         0        0.54762
   2.37639        19       324         0        0.52381
   2.37859        23       362         0        0.57143
   2.38547        15       392         0        0.60714
   2.39234        32       342         0        0.57738
   2.39922        45       377         0        0.58333
   2.40610        19       347         0        0.56250
   2.41297        17       362         0        0.57440
   2.41985        37       386         0        0.58929
   2.42673        20       334         0        0.54464
   2.43360        18       296         0        0.52083
   2.44048        23       380         0        0.56845
   2.44736        17       361         0        0.54762
   2.45423        17       355         0        0.55060
   2.46111        11       366         0        0.53571
   2.46799        19       356         0        0.54167
   2.47486        32       384         0        0.56548
   2.48174        35       387         0        0.56250
   2.48862        17       378         0        0.55357
   2.49549        28       410         0        0.60417
   2.50237        13       384         0        0.57440
   2.50925         7       434         0        0.58333
   2.51612        22       410         0        0.59821
   2.52300        21       378         0        0.53571
   2.52988        31       371         0        0.57143
   2.53675         7       381         0        0.56845
   2.54363        25       413         0        0.58036
   2.55051        19       382         0        0.60714
   2.55738        13       331         0        0.48810
   2.56426        44       396         0        0.57440
   2.57114        10       391         0        0.60119
   2.57801        20       357         0        0.52976
   2.58489        26       356         0        0.54167
   2.59177        17       341         0        0.55060
   2.59864        65       331         0        0.56250
   2.60552        20       371         0        0.56250
   2.61240        41       412         0        0.58929
   2.61927        24       339         0        0.55655
   2.62615        21       383         0        0.53869
   2.63303        42       349         0        0.53869
   2.63990        23       393         0        0.57440
   2.64678        40       337         0        0.52976
   2.65366        25       344         0        0.54762
   2.66053        39       303         0        0.52679
   2.66741        15       337         0        0.51786
   2.67429        13       329         0        0.50000
   2.68116        38       361         0        0.54167
   2.68804        10       372         0        0.51786
   2.69492        27       346         0        0.52679
   2.70179        46       382         0        0.58036
   2.70867        46       371         0        0.56845
   2.71555        51       366         0        0.55952
   2.72242        24       341         0        0.51786
   2.72930        15       340         0        0.52381
   2.73618        27       315         0        0.51488
   2.74305        43       299         0        0.52083
   2.74993        25       306         0        0.48810
   2.75681        54       356         0        0.58333
   2.75984        28       363         0        0.56250
   2.76672        38       345         0        0.52976
   2.77360        15       414         0        0.54762
   2.78047        26       417         0        0.61012
   2.78735        21       335         0        0.54464
   2.79423        27       333         0        0.54464
   2.80110        24       372         0        0.55655
   2.80798         9       402         0        0.55357
   2.81486        17       392         0        0.56548
   2.82173        11       384         0        0.55952
   2.82861        12       360         0        0.55952
   2.83549        15       341         0        0.52679
   2.84236        11       347         0        0.53571
   2.84924        22       395         0        0.62500
   2.85612        11       329         0        0.55060
   2.86299         1       351         0        0.55952
   2.86987        12       380         0        0.53274
   2.87675        34       355         0        0.57440
   2.88362        10       308         0        0.51488
   2.89050        29       375         0        0.55952
   2.89738         8       366         0        0.56250
   2.90425         4       389         0        0.55060
   2.91113        32       399         0        0.57738
   2.91801        13       414         0        0.60714
   2.92488        31       403         0        0.57738
   2.93176        13       405         0        0.58333
   2.93864        17       380         0        0.57440
   2.94551        13       370         0        0.53571
   2.95239        39       360         0        0.57440
   2.95927        48       352         0        0.57738
   2.96614        22       371         0        0.54464
   2.97302        36       406         0        0.59524
   2.97990        24       375         0        0.55357
   2.98678        26       354         0        0.55655
   2.99365        22       321         0        0.51190
   3.00053        26       345         0        0.54167
   3.00741        21       376         0        0.56845
   3.01428        36       339         0        0.58036
   3.02116        19       352         0        0.51190
   3.02804        13       362         0        0.51786
   3.03491        22       356         0        0.55655
   3.04179        17       355         0        0.54464
   3.04867        22       358         0        0.54167
   3.05554        31       365         0        0.56548
   3.06242        16       370         0        0.52976
   3.06930        10       387         0        0.55952
   3.07617        31       395         0        0.61607
   3.08305        15       372         0        0.55060
   3.08993        25       370         0        0.55655
   3.09680        26       345         0        0.60119
   3.10368        13       371         0        0.56845
   3.11056        19       370         0        0.53869
   3.11743        20       385         0        0.56845
   3.12431        22       387         0        0.56845
   3.13119        24       359         0        0.54464
   3.13806        26       402         0        0.60714
   3.14101        28       385         0        0.55952
   3.14789        20       376         0        0.58333
   3.15477        36       350         0        0.58631
   3.16164        13       333         0        0.55655
   3.16852        26       342         0        0.56250
   3.17540        23       356         0        0.53869
   3.18227        35       329         0        0.57143
   3.18915        19       336         0        0.50000
   3.19603        27       329         0        0.55952
   3.20290        50       328         0        0.58631
   3.20978        39       318         0        0.54762
   3.21666        16       381         0        0.55357
   3.22353        40       368         0        0.61012
   3.23041        10       387         0        0.55952
   3.23729        26       352         0        0.58929
   3.24416        22       347         0        0.53571
   3.25104        40       347         0        0.53571
   3.25792        28       377         0        0.57440
   3.26479        42       336         0        0.52976
   3.27167        57       346         0        0.59524
   3.27855        50       337         0        0.59226
   3.28542        28       347         0        0.58929
   3.29230        33       370         0        0.60119
   3.29918        30       352         0        0.56845
   3.30605        13       335         0        0.51190
   3.31293        27       361         0        0.61607
   3.31981        37       329         0        0.54762
   3.32668        20       370         0        0.56250
   3.33356        23       364         0        0.56250
   3.34044        19       329         0        0.54167
   3.34731        28       402         0        0.57738
   3.35419        29       331         0        0.56845
   3.36107         5       360         0        0.53571
   3.36794        22       355         0        0.57143
   3.37482        35       383         0        0.63095
   3.38170        26       373         0        0.54762
   3.38857        26       312         0        0.56250
   3.39545        11       346         0        0.55357
   3.40233        22       350         0        0.57143
   3.40920        33       404         0        0.63690
   3.41608         1       386         0        0.56250
   3.42296        14       354         0        0.55655
   3.42983        29       407         0        0.60119
   3.43671        34       355         2        0.61607
   3.44359        14       321         0        0.54762
   3.45046        37       376         1        0.60119
   3.45734        21       379         0        0.58929
   3.46422        15       378         0        0.56845
   3.47109        31       344         0        0.51190
   3.47797        18       381         0        0.58631
   3.48485        19       442         0        0.62798
   3.49172         3       409         0        0.54762
   3.49860        27       394         0        0.57143
   3.50548        18       406         0        0.56548
   3.51235        24       340         0        0.55952
   3.51923        16       380         0        0.53274
   3.52274         3       349         0        0.57738
   3.52961        19       375         0        0.57143
   3.53649        21       366         0        0.56845
   3.54337         2       389         0        0.57143
   3.55024        14       346         0        0.56250
   3.55712         2       361         0        0.57440
   3.56400        16       364         0        0.60417
   3.57087         8       381         0        0.58333
   3.57775        11       397         0        0.60417
   3.58463        14       399         0        0.58929
   3.59150        31       364         0        0.62202
   3.59838         9       395         0        0.58929
   3.60526         6       415         0        0.58929
   3.61213         4       395         0        0.61310
   3.61901         0       407         0        0.59524
   3.62589         1       403         0        0.56548
   3.63276        18       382         0        0.62202
   3.63964        22       379         0        0.62500
   3.64652        25       356         0        0.58929
   3.65339         5       355         0        0.55655
   3.66027        17       375         0        0.64286
   3.66715        13       345         0        0.58036
   3.67402         6       371         0        0.61905
   3.68090        18       344         0        0.56845
   3.68778        19       385         0        0.62202
   3.69465        26       373         0        0.63095
   3.70153        10       374         0        0.62202
   3.70841         3       420         0        0.59821
   3.71528        23       418         0        0.65476
   3.72216        23       415         0        0.63988
   3.72904        12       381         0        0.59821
   3.73591        17       369         0        0.59821
   3.74279        26       408         0        0.63095
   3.74967        19       344         0        0.60714
   3.75655         6       376         0        0.55357
   3.76342         0       394         0        0.58333
   3.77030         4       388         0        0.60417
   3.77718        14       348         0        0.56845
   3.78405        32       358         0        0.65476
   3.79093         5       361         0        0.59821
   3.79781         1       381         0        0.58929
   3.80468         2       397         0        0.63095
   3.81156        25       350         0        0.62500
   3.81844         4       397         0        0.57738
   3.82531        23       385         0        0.62500
   3.83219         4       362         0        0.58333
   3.83907        32       413         0        0.64583
   3.84594         9       351         0        0.59226
   3.85282        19       383         0        0.62500
   3.85970        22       393         0        0.65774
   3.86657         4       372         0        0.60714
   3.87345         6       361         0        0.57738
   3.88033        16       400         0        0.65476
   3.88720        10       370         0        0.58631
   3.89408        46       367         0        0.64881
   3.90096        27       385         0        0.65476
   3.90566        35       403         0        0.66071
   3.91254        28       394         0        0.65774
   3.91941        11       394         0        0.62500
   3.92629        20       431         0        0.72321
   3.93317        30       421         0        0.69940
   3.94004        11       434         0        0.66369
   3.94692        11       415         0        0.68155
   3.95380        13       405         1        0.66369
   3.96067         8       396         0        0.63690
   3.96755        38       422         0        0.69643
   3.97443         9       400         0        0.65179
   3.98130        19       438         0        0.71131
   3.98818        32       394         0        0.64286
   3.99506        10       369         0        0.63095
   4.00193        17       370         0        0.61012
   4.00881        22       385         0        0.63690
   4.01569        17       371         0        0.61012
   4.02256        16       377         0        0.64583
   4.02944        24       403         0        0.64583
   4.03632        18       422         0        0.65774
   4.04319        55       398         0        0.66964
   4.05007        33       395         0        0.66369
   4.05695        19       406         0        0.63095
   4.06382        37       377         0        0.64286
   4.07070         8       366         0        0.63988
   4.07758        10       405         0        0.66964
   4.08445        18       422         0        0.66071
   4.09133        12       408         0        0.67560
   4.09821        12       438         0        0.66071
   4.10508        16       375         0        0.61905
   4.11196        23       377         0        0.63095
   4.11884        15       391         0        0.68452
   4.12571        30       396         0        0.65774
   4.13259        14       330         0        0.58333
   4.13947        13       357         0        0.62202
   4.14634        24       386         0        0.68155
   4.15322         3       386         0        0.63690
   4.16010         6       371         0        0.66667
   4.16697         6       371         0        0.63393
   4.17385        29       385         0        0.65774
   4.18073        18       380         0        0.64881
   4.18760        23       407         0        0.64583
   4.19448        18       379         0        0.67262
   4.20136         9       417         0        0.67262
   4.20824        52       413         0        0.69345
   4.21511        17       397         0        0.66369
   4.22199        14       418         0        0.67262
   4.22887        26       427         0        0.64583
   4.23574         7       414         0        0.62500
   4.24262        20       451         0        0.69940
   4.24950        15       392         0        0.64881
   4.25637         9       401         0        0.64583
   4.26325         9       402         0        0.66369
   4.27013        18       401         0        0.67262
   4.27700        20       412         0        0.70238
   4.28388        23       412         0        0.69940
   4.28945        16       474         0        0.71726
   4.29632        13       421         0        0.69048
   4.30320        30       397         0        0.72024
   4.31008        18       436         0        0.71726
   4.31695        33       421         0        0.73810
   4.32383        45       389         0        0.68452
   4.33071        26       424         0        0.69048
   4.33759        14       420         0        0.68155
   4.34446        24       432         0        0.67262
   4.35134        26       422         0        0.69643
   4.35822         9       399         0        0.65476
   4.36509        52       393         0        0.69345
   4.37197        17       435         0        0.65774
   4.37885        30       440         0        0.69048
   4.38572        35       479         0        0.71429
   4.39260        19       411         0        0.67857
   4.39948        23       393         0        0.67262
   4.40635         7       389         0        0.65774
   4.41323        36       384         0        0.65179
   4.42011        31       395         0        0.68155
   4.42698        11       428         0        0.69643
   4.43386        13       405         0        0.68750
   4.44074        25       383         0        0.67560
   4.44761        13       368         0        0.61905
   4.45449         8       447         0        0.67560
   4.46137        21       397         0        0.69048
   4.46824        22       413         0        0.68452
   4.47512        35       390         0        0.70833
   4.48200        10       414         0        0.64583
   4.48887        22       398         0        0.68155
   4.49575        13       423         0        0.68155
   4.50263        23       379         0        0.66369
   4.50950        17       414         0        0.67560
   4.51638        29       400         0        0.69345
   4.52326        17       408         0        0.71131
   4.53013        19       420         0        0.68750
   4.53701        22       388         0        0.63988
   4.54389        21       393         0        0.68155
   4.55076        19       449         0        0.68750
   4.55764        29       419         0        0.68155
   4.56452        18       408         0        0.65774
   4.57139        15       398         0        0.67262
   4.57827         5       403         0        0.64583
   4.58515         9       396         0        0.66667
   4.59202        27       389         0        0.68750
   4.59890        24       410         0        0.68750
   4.60578        18       446         0        0.68750
   4.61265         9       426         0        0.66667
   4.61953        16       464         0        0.66369
   4.62641        20       449         0        0.69048
   4.63328        15       446         0        0.65476
   4.64016         8       430         0        0.70833
   4.64704        32       392         0        0.67857
   4.65391         7       409         0        0.69345
   4.66079        41       382         0        0.70536
   4.66767        42       420         0        0.74405
   4.67316        26       387         0        0.66667
   4.68004        23       423         0        0.72321
   4.68691        30       436         0        0.71726
   4.69379        29       412         0        0.71429
   4.70067        18       392         0        0.67560
   4.70754        19       405         0        0.67560
   4.71442        24       431         0        0.71131
   4.72130        20       412         0        0.66964
   4.72817         9       497         0        0.74107
   4.73505        30       465         0        0.71429
   4.74193        11       456         0        0.68155
   4.74880        28       426         0        0.69048
   4.75568        36       410         0        0.67262
   4.76256        32       414         0        0.70238
   4.76943        27       416         0        0.69940
   4.77631        22       407         0        0.67262
   4.78319        10       414         0        0.67560
   4.79006         2       434         0        0.68155
   4.79694        26       415         0        0.68452
   4.80382        27       452         0        0.70833
   4.81069        20       431         0        0.69643
   4.81757         2       442         0        0.72321
   4.82445        27       413         0        0.66964
   4.83132        20       426         0        0.70536
   4.83820        10       376         0        0.63095
   4.84508        31       409         0        0.66964
   4.85196        24       423         0        0.66667
   4.85883        24       405         0        0.66071
   4.86571        11       424         0        0.64881
   4.87259        13       412         0        0.63988
   4.87946        11       424         0        0.66964
   4.88634        12       439         0        0.65179
   4.89322        30       417         0        0.66964
   4.90009        14       402         0        0.64583
   4.90697        20       413         0        0.66667
   4.91385        14       380         0        0.57738
   4.92072        16       429         0        0.64286
   4.92760         9       417         0        0.63095
   4.93448        24       431         0        0.66964
   4.94135        17       366         0        0.63988
   4.94823        28       413         0        0.67262
   4.95511        24       414         0        0.66964
   4.96198         8       377         0        0.63690
   4.96886        23       480         0        0.75298
   4.97574        17       478         0        0.67857
   4.98261        11       428         0        0.71131
   4.98949        33       451         0        0.74702
   4.99637        17       421         0        0.68155
   5.00324        21       409         0        0.69048
   5.01012        24       431         0        0.66964
   5.01700        35       423         0        0.69643
   5.02387         6       434         0        0.65774
   5.03075        19       423         0        0.66667
   5.03763        30       449         0        0.71131
   5.04450        19       402         0        0.66071
   5.05138        38       418         0        0.71131
   5.05680         3       412         0        0.70238
   5.06368         5       430         0        0.69643
   5.07056         6       409         0        0.67560
   5.07743         4       431         0        0.68155
   5.08431         9       403         0        0.63690
   5.09119        20       417         0        0.66667
   5.09806        24       470         0        0.71429
   5.10494        10       425         0        0.69643
   5.11182         2       389         0        0.64286
   5.11869        10       440         0        0.71131
   5.12557        22       414         0        0.71131
   5.13245         9       433         0        0.68452
   5.13933        10       402         0        0.67560
   5.14620        15       416         0        0.68452
   5.15308        13       440         0        0.67560
   5.15996        26       433         0        0.69940
   5.16683         4       408         0        0.61905
   5.17371        29       420         0        0.68750
   5.18059        19       409         0        0.68155
   5.18746        33       426         0        0.69643
   5.19434        14       417         0        0.72321
   5.20122        17       403         0        0.71429
   5.20809        29       381         0        0.69345
   5.21497        24       423         0        0.72619
   5.22185        19       435         0        0.69048
   5.22872        26       383         0        0.69345
   5.23560        32       424         0        0.69048
   5.24248        22       433         0        0.68155
   5.24935        12       426         0        0.68155
   5.25623        11       415         0        0.67560
   5.26311         0       435         0        0.63690
   5.26998         5       412         0        0.67262
   5.27686        18       444         0        0.70536
   5.28374         3       441         0        0.66369
   5.29061        14       421         0        0.67560
   5.29749        10       397         0        0.65476
   5.30437        32       405         0        0.69345
   5.31124        17       415         0        0.65774
   5.31812         2       409         0        0.67262
   5.32500         9       402         0        0.66964
   5.33187        29       415         0        0.66667
   5.33875        17       396         0        0.64881
   5.34563        18       396         0        0.64881
   5.35250        11       379         0        0.64583
   5.35938         9       425         0        0.68452
   5.36626        24       420         0        0.65476
   5.37313        24       412         0        0.69048
   5.38001        23       425         0        0.69940
   5.38689        26       385         0        0.67560
   5.39376        14       432         0        0.68155
   5.40064         4       435         0        0.68750
   5.40752        26       421         0        0.69345
   5.41439        13       382         0        0.65179
   5.42127        20       364         0        0.64286
   5.42815        21       428         0        0.71726
   5.43502        26       423         0        0.69643
   5.44104         6       435         0        0.62500
   5.44792         8       406         0        0.68155
   5.45479        20       395         0        0.68155
   5.46167        12       411         0        0.65774
   5.46855         3       403         0        0.66071
   5.47542         8       423         0        0.70238
   5.48230        19       452         0        0.69048
   5.48918        22       417         0        0.68750
   5.49605         6       437         0        0.69643
   5.50293        11       408         0        0.67262
   5.50981        17       386         0        0.67560
   5.51668        16       408         0        0.65179
   5.52356         2       454         0        0.70238
   5.53044        13       425         0        0.71429
   5.53731        21       408         0        0.68155
   5.54419        25       415         0        0.68452
   5.55107        10       374         0        0.63988
   5.55794        14       443         0        0.72619
   5.56482        22       413         0        0.66964
   5.57170         3       482         0        0.67560
   5.57857         8       409         0        0.67857
   5.58545        25       452         0        0.72024
   5.59233        26       425         0        0.69643
   5.59920        32       409         0        0.69643
   5.60608        17       376         0        0.63095
   5.61296        18       421         1        0.71131
   5.61983         7       411         0        0.63690
   5.62671        19       405         0        0.66071
   5.63359        16       385         0        0.66667
   5.64046        14       416         0        0.70833
   5.64734        24       444         0        0.69940
   5.65422        11       408         0        0.67262
   5.66109        24       391         0        0.65774
   5.66797         6       379         0        0.63690
   5.67485        31       394         0        0.66667
   5.68172        13       403         0        0.62798
   5.68860        19       461         0        0.73512
   5.69548        22       376         0        0.66667
   5.70235         7       412         0        0.68750
   5.70923        17       385         0        0.68452
   5.71611        33       411         0        0.68750
   5.72298        20       440         0        0.69643
   5.72986        21       375         0        0.63690
   5.73674        12       435         0        0.65476
   5.74361        15       395         0        0.70238
   5.75049         8       374         0        0.61310
   5.75737        21       432         0        0.77679
   5.76424         7       411         0        0.68155
   5.77112        23       399         0        0.70536
   5.77800        29       405         0        0.67857
   5.78487        13       401         0        0.67262
   5.79175        10       398         0        0.69643
   5.79863        12       419         0        0.68155
   5.80550        27       375         0        0.67262
   5.81238        14       408         0        0.69048
   5.81926         4       399         0        0.64583
   5.82532         9       423         0        0.65476
   5.83220        28       398         0        0.68155
   5.83908        15       388         0        0.70536
   5.84596         7       426         0        0.69048
   5.85283        21       428         0        0.68155
   5.85971         4       410         0        0.65179
   5.86659         9       380         0        0.64286
   5.87346        26       409         0        0.68750
   5.88034        10       369         0        0.63393
   5.88722        25       410         0        0.69643
   5.89409        32       414         0        0.67857
   5.90097         4       448         0        0.71429
   5.90785         3       408         0        0.66369
   5.91472         9       388         0        0.64583
   5.92160        12       394         0        0.65179
   5.92848        14       402         0        0.68155
   5.93535         6       441         0        0.67560
   5.94223        28       423         0        0.67857
   5.94911        17       394         0        0.68750
   5.95598         6       383         0        0.65476
   5.96286         2       411         0        0.65179
   5.96974         0       382         0        0.66071
   5.97661         9       375         0        0.60417
   5.98349         6       387         0        0.61905
   5.99037         0       368         0        0.66667
   5.99724        14       386         0        0.63690
   6.00412        19       362         0        0.63988
   6.01100        33       392         0        0.68452
   6.01787        44       449         0        0.74107
   6.02475        27       391         0        0.69940
   6.03163        35       399         0        0.67560
   6.03850        14       371         0        0.69048
   6.04538         2       379         0        0.63393
   6.05226        19       409         0        0.69643
   6.05913        29       427         0        0.71429
   6.06601        30       461         0        0.70536
   6.07289        17       403         0        0.67560
   6.07976        24       418         0        0.70833
   6.08664        13       458         0        0.71429
   6.09352        19       400         0        0.69048
   6.10039        20       408         0        0.72024
   6.10727        17       417         0        0.67560
   6.11415        21       421         0        0.69643
   6.12102        17       445         0        0.73214
   6.12790        17       417         0        0.71429
   6.13478        14       407         0        0.65476
   6.14165        10       436         0        0.69940
   6.14853         1       431         0        0.66369
   6.15541        12       444         0        0.66369
   6.16228        33       421         0        0.72321
   6.16916        19       428         0        0.67560
   6.17604        18       395         0        0.71131
   6.18291        42       389         0        0.69345
   6.18979        21       421         0        0.69048
   6.19667         0       407         0        0.66071
   6.20354         5       414         0        0.65476
   6.20969        11       403         0        0.70833
   6.21657        23       421         0        0.71131
   6.22345        24       400         0        0.68155
   6.23032        21       383         0        0.67857
   6.23720        24       409         0        0.69643
   6.24408        17       410         0        0.66369
   6.25095        12       426         0        0.69048
   6.25783        13       437         0        0.71726
   6.26471        16       414         0        0.66071
   6.27158        23       449         0        0.68750
   6.27846        11       447         0        0.66071
   6.28534        10       408         0        0.67560
   6.29221        17       432         0        0.67857
   6.29909        23       404         0        0.67560
   6.30597        23       400         0        0.68452
   6.31284        36       430         0        0.71429
   6.31972        15       499         0        0.71726
   6.32660        17       405         0        0.65476
   6.33347         5       418         0        0.67560
   6.34035        14       414         0        0.68750
   6.34723        15       438         0        0.72024
   6.35410        14       457         0        0.72917
   6.36098         9       376         0        0.64881
   6.36786        13       385         0        0.66667
   6.37473        34       416         0        0.70238
   6.38161         9       466         0        0.68155
   6.38849        21       432         0        0.69643
   6.39536         3       418         0        0.64583
   6.40224         6       442         0        0.69940
   6.40912         5       436         0        0.70238
   6.41599        18       446         0        0.70833
   6.42287        28       422         0        0.72917
   6.42975        13       411         0        0.68155
   6.43662        14       413         0        0.66964
   6.44350        11       426         0        0.68750
   6.45038        17       396         0        0.69345
   6.45725        16       428         0        0.67857
   6.46413         7       432         0        0.71726
   6.47101         0       411         0        0.66667
   6.47788        23       471         0        0.72321
   6.48476        13       488         0        0.74107
   6.49164         9       399         0        0.64286
   6.49851         7       408         0        0.68750
   6.50539         9       448         0        0.69643
   6.51227        16       442         0        0.71429
   6.51914         8       419         0        0.66071
   6.52602         3       430         0        0.66667
   6.53290        16       408         0        0.69643
   6.53978        16       388         0        0.64881
   6.54665        29       416         0        0.71726
   6.55353         4       414         0        0.65476
   6.56041        28       434         0        0.70238
   6.56728        10       395         0        0.66071
   6.57416        11       379         0        0.66369
   6.58104         7       410         0        0.69048
   6.58791        14       422         0        0.71131
   6.59442        28       400         0        0.69345
   6.60130         7       434         0        0.69643
   6.60818        18       446         0        0.73214
   6.61505         7       418         0        0.66667
   6.62193         0       427         0        0.68452
   6.62881         9       392         0        0.66071
   6.63568         5       380         0        0.63393
   6.64256         4       414         0        0.69643
   6.64944        13       408         0        0.65774
   6.65631         5       427         0        0.67262
   6.66319         8       366         0        0.61607
   6.67007         9       459         0        0.69643
   6.67694         3       383         0        0.68452
   6.68382         3       411         0        0.68155
   6.69070        11       424         0        0.67560
   6.69757         2       426         0        0.67857
   6.70445         3       406         0        0.68155
   6.71133        10       421         0        0.68155
   6.71821         0       429         0        0.69048
   6.72508         0       408         0        0.68452
   6.73196         3       448         0        0.66964
   6.73884         0       443         0        0.67857
   6.74571        12       409         0        0.68452
   6.75259        27       429         0        0.70833
   6.75947        11       467         0        0.72917
   6.76634        18       413         0        0.66964
   6.77322        17       421         0        0.71131
   6.78010        17       426         0        0.68155
   6.78697        24       466         0        0.70536
   6.79385        14       456         0        0.71429
   6.80073        17       413         0        0.66369
   6.80760        10       406         0        0.67560
   6.81448        11       429         0        0.66964
   6.82136        28       416         0        0.67560
   6.82823        18       415         0        0.66667
   6.83511        26       450         0        0.69940
   6.84199         9       412         0        0.64583
   6.84886        26       450         0        0.68452
   6.85574        19       410         0        0.70833
   6.86262        19       398         0        0.69048
   6.86949        19       451         0        0.68750
   6.87637        19       417         0        0.71131
   6.88325        28       420         0        0.73214
   6.89012        18       396         0        0.68155
   6.89700         5       440         0        0.67560
   6.90388         6       442         0        0.69643
   6.91075        13       445         0        0.71429
   6.91763        31       414         0        0.69048
   6.92451        12       427         0        0.67560
   6.93138        13       414         0        0.67262
   6.93826        18       459         0        0.64583
   6.94514        18       443         0        0.65476
   6.95201         4       449         0        0.65179
   6.95889         8       408         0        0.67262
   6.96577         0       387         0        0.65179
   6.97264         0       429         0        0.63690
   6.97919         0       427         0        0.64881
   6.98607        15       432         0        0.66667
   6.99295         0       413         0        0.68452
   6.99982        11       415         0        0.66964
   7.00670         7       425         0        0.69048
   7.01358        23       404         0        0.66369
   7.02045         8       422         0        0.67857
   7.02733         7       401         0        0.67857
   7.03421         4       421         0        0.68155
   7.04108         8       429         0        0.67857
   7.04796        11       430         0        0.66964
   7.05484         0       416         0        0.65476
   7.06171        12       449         0        0.71429
   7.06859         2       424         0        0.69048
   7.07547         9       409         0        0.63690
   7.08234         7       436         0        0.67262
   7.08922        18       438         0        0.67857
   7.09610         8       478         0        0.70833
   7.10297        14       410         0        0.68155
   7.10985         4       454         0        0.65179
   7.11673         0       453         0        0.66369
   7.12360        21       424         0        0.71429
   7.13048        27       411         0        0.66964
   7.13736        23       442         1        0.70238
   7.14423         3       421         0        0.69940
   7.15111         1       395         0        0.63988
   7.15799        16       442         0        0.69940
   7.16486        17       440         0        0.69940
   7.17174        29       451         0        0.72619
   7.17862        12       413         0        0.68452
   7.18549        28       449         0        0.76190
   7.19237        29       395         0        0.69048
   7.19925        48       435         0        0.70833
   7.20612         7       415         0        0.66667
   7.21300        26       408         0        0.71726
   7.21988         7       414         0        0.67262
   7.22675        14       425         1        0.69345
   7.23363        23       443         0        0.71726
   7.24051         7       415         0        0.67262
   7.24738        13       463         0        0.69345
   7.25426         4       409         0        0.66369
   7.26114        14       450         0        0.70833
   7.26801         0       423         0        0.66369
   7.27489        16       413         0        0.70536
   7.28177        37       447         0        0.69345
   7.28864        20       411         0        0.66071
   7.29552        10       418         0        0.68750
   7.30240         4       436         0        0.70238
   7.30927        18       406         0        0.66369
   7.31615        19       434         0        0.69345
   7.32303        18       419         0        0.67857
   7.32990        19       408         0        0.63393
   7.33678         4       473         0        0.71726
   7.34366        25       397         0        0.67857
   7.35054        30       427         0        0.66964
   7.35741         6       404         0        0.65476
   7.36397         4       487         0        0.67560
   7.37085        17       411         2        0.68155
   7.37773         0       455         0        0.66964
   7.38460         8       456         0        0.70536
   7.39148         2       448         0        0.68155
   7.39836        10       398         0        0.69940
   7.40523        14       441         0        0.68452
   7.41211         6       425         0        0.69940
   7.41899         6       424         0        0.65774
   7.42586         2       409         0        0.63690
   7.43274        14       449         0        0.68452
   7.43962         9       415         0        0.68452
   7.44649         9       413         0        0.70833
   7.45337        20       468         2        0.73810
   7.46025        12       452         0        0.67262
   7.46712         6       480         0        0.70536
   7.47400         4       431         0        0.68750
   7.48088        11       443         0        0.69048
   7.48776         6       401         0        0.66964
   7.49463         0       403         0        0.68155
   7.50151         4       401         0        0.66369
   7.50839        11       411         0        0.69345
   7.51526        23       423         0        0.69345
   7.52214        16       396         0        0.63690
   7.52902        12       460         0        0.69345
   7.53589         3       433         0        0.71131
   7.54277        10       428         0        0.70536
   7.54965         3       433         0        0.72619
   7.55652        13       473         0        0.74107
   7.56340        10       445         0        0.75595
   7.57028         0       437         0        0.73810
   7.57715        11       417         0        0.71726
   7.58403        12       428         0        0.69048
   7.59091         1       415         0        0.70536
   7.59778         0       422         0        0.68750
   7.60466         2       447         0        0.71726
   7.61154         0       399         0        0.65476
   7.61841        11       432         0        0.69940
   7.62529         0       430         0        0.70238
   7.63217         8       434         0        0.71131
   7.63904        10       417         0        0.69345
   7.64592         4       422         0        0.69345
   7.65280         2       439         0        0.73214
   7.65967         7       440         0        0.69048
   7.66655         5       413         0        0.70536
   7.67343         0       435         0        0.65774
   7.68030         4       444         0        0.73512
   7.68718         2       408         0        0.66964
   7.69406         7       422         0        0.69345
   7.70093        15       426         0        0.71131
   7.70781         2       387         0        0.65476
   7.71469         0       434         0        0.69048
   7.72156         2       415         0        0.67560
   7.72844         0       410         0        0.66071
   7.73532         4       402         0        0.67262
   7.74219        10       445         0        0.70238
   7.74897         4       453         0        0.68750
   7.75584         8       430         0        0.71429
   7.76272         8       416         0        0.68155
   7.76960         2       442         0        0.68452
   7.77647        11       429         0        0.69940
   7.78335        10       446         0        0.70833
   7.79023         8       414         0        0.66667
   7.79710         2       463         0        0.70536
   7.80398         2       439         0        0.69643
   7.81086         2       413         0        0.69345
   7.81773         0       447         0        0.68750
   7.82461         2       451         0        0.74107
   7.83149         8       443         0        0.71429
   7.83836         6       397         0        0.66667
   7.84524        12       458         0        0.75000
   7.85212        14       444         0        0.72917
   7.85899        15       433         0        0.74107
   7.86587         3       447         0        0.71429
   7.87275         4       444         0        0.73810
   7.87962         0       461         0        0.73512
   7.88650         0       433         0        0.72917
   7.89338        12       464         0        0.73214
   7.90025         9       425         0        0.71429
   7.90713         2       465         0        0.72321
   7.91401         2       455         0        0.72619
   7.92088         5       473         0        0.74405
   7.92776        14       455         0        0.76190
   7.93464         2       422         0        0.70536
   7.94151         1       446         0        0.70833
   7.94839         4       425         0        0.70833
   7.95527         3       458         0        0.73214
   7.96215         9       426         0        0.71726
   7.96902        13       444         0        0.71726
   7.97590         9       434         0        0.71131
   7.98278        10       447         0        0.72321
   7.98965        14       408         0        0.75000
   7.99653         7       452         0        0.74107
   8.00341         5       450         0        0.74405
   8.01028        13       429         0        0.71429
   8.01716        11       431         0        0.68452
   8.02404         6       449         0        0.73512
   8.03091         8       440         0        0.69940
   8.03779         2       476         0        0.74702
   8.04467        11       473         0        0.69940
   8.05154         1       441         0        0.70536
   8.05842         6       440         0        0.70238
   8.06530         2       462         0        0.68452
   8.07217        16       383         0        0.67262
   8.07905        18       392         0        0.63690
   8.08593         6       438         0        0.67560
   8.09280        18       428         0        0.67857
   8.09968         8       400         0        0.68452
   8.10656         8       420         0        0.67262
   8.11343         1       372         0        0.65179
   8.12031         5       406         0        0.67262
   8.12719         2       442         0        0.69048
   8.13373         2       401         0        0.66964
   8.14061         2       405         0        0.66071
   8.14749         0       406         0        0.67560
   8.15436         2       396         0        0.68750
   8.16124         4       458         0        0.71131
   8.16812        11       412         0        0.67262
   8.17500         4       387         0        0.64286
   8.18187        12       401         0        0.63988
   8.18875         2       388         0        0.63988
   8.19563         0       397         0        0.65774
   8.20250         3       412         0        0.68452
   8.20938         7       394         0        0.68750
   8.21626        19       372         0        0.69345
   8.22313        13       409         0        0.64881
   8.23001         0       405         0        0.65179
   8.23689         0       397         0        0.65774
   8.24376        12       393         0        0.67560
   8.25064        15       400         0        0.66667
   8.25752        18       373         0        0.68155
   8.26439         8       379         0        0.66071
   8.27127        11       397         0        0.68452
   8.27815        25       437         0        0.73512
   8.28502        10       430         0        0.69345
   8.29190        19       447         0        0.72024
   8.29878         7       432         0        0.68452
   8.30565        14       425         0        0.73512
   8.31253         8       432         0        0.76488
   8.31941         6       397         0        0.68155
   8.32628         2       394         0        0.70833
   8.33316        30       398         0        0.74107
   8.34004        17       428         0        0.69940
   8.34691        11       416         0        0.69048
   8.35379         9       421         0        0.69048
   8.36067         5       438         0        0.70536
   8.36754         5       475         0        0.71131
   8.37442         5       458         0        0.74405
   8.38130        19       406         0        0.69643
   8.38817        19       465         0        0.76190
   8.39505        25       380         0        0.66667
   8.40193         5       404         0        0.69643
   8.40880        15       425         0        0.76786
   8.41568        20       450         0        0.76190
   8.42256        35       413         0        0.75298
   8.42943        14       423         0        0.74405
   8.43631        10       446         0        0.72619
   8.44319        21       437         0        0.73214
   8.45006        16       362         0        0.66369
   8.45694        41       445         0        0.74107
   8.46382         7       425         0        0.70238
   8.47069         8       399         0        0.71726
   8.47757        13       408         0        0.69940
   8.48445        14       416         0        0.72321
   8.49132         2       416         0        0.67560
   8.49820        14       402         0        0.74405
   8.50508         4       422         0        0.73214
   8.51195        21       419         0        0.74107
   8.51847        15       420         0        0.74107
   8.52535        28       410         0        0.71429
   8.53223        25       410         0        0.74107
   8.53910        30       435         0        0.73512
   8.54598         8       429         0        0.74702
   8.55286        20       439         0        0.73512
   8.55973        30       450         0        0.77679
   8.56661        17       424         0        0.76488
   8.57349        20       428         0        0.74107
   8.58036        13       467         0        0.74405
   8.58724        17       456         0        0.75595
   8.59412        21       423         0        0.73512
   8.60099         3       473         0        0.78869
   8.60787         9       432         0        0.72321
   8.61475         5       456         0        0.74107
   8.62162         7       404         0        0.71429
   8.62850        17       473         0        0.76488
   8.63538         5       452         0        0.75595
   8.64225        26       429         0        0.72024
   8.64913         9       438         0        0.75595
   8.65601        17       463         0        0.75000
   8.66288        18       449         0        0.74702
   8.66976        20       421         0        0.72619
   8.67664         9       448         0        0.76190
   8.68351         7       426         0        0.72619
   8.69039        11       434         0        0.77083
   8.69727         8       470         0        0.72917
   8.70414         3       434         0        0.73512
   8.71102         9       432         0        0.71131
   8.71790        12       416         0        0.73214
   8.72477        38       407         0        0.74107
   8.73165         5       438         0        0.75893
   8.73853        11       428         0        0.71429
   8.74540        10       431         0        0.78274
   8.75228         0       466         0        0.74107
   8.75916        16       423         0        0.73810
   8.76603        37       444         0        0.75000
   8.77291        22       405         0        0.67262
   8.77979        30       424         0        0.74107
   8.78666        17       447         0        0.73214
   8.79354        23       476         0        0.75298
   8.80042         3       408         0        0.70238
   8.80729         0       410         0        0.70536
   8.81417         2       422         0        0.70238
   8.82105        15       427         0        0.77679
   8.82792        30       415         0        0.75298
   8.83480         5       453         0        0.72321
   8.84168         5       395         0        0.71429
   8.84855         4       421         0        0.71131
   8.85543        20       404         0        0.72024
   8.86231        14       421         0        0.72024
   8.86918         9       442         0        0.76488
   8.87606         2       425         0        0.72321
   8.88294        10       428         0        0.70833
   8.88982        15       408         0        0.70833
   8.89669         0       372         0        0.64881
   8.90357        18       416         0        0.72917
   8.90406        11       416         0        0.71726
   8.91093        13       388         0        0.68452
   8.91781        14       407         0        0.72619
   8.92469        14       427         0        0.73810
   8.93156        15       425         0        0.73214
   8.93844        10       431         0        0.75595
   8.94532        13       395         0        0.70536
   8.95219        21       436         0        0.75298
   8.95907        13       449         0        0.74107
   8.96595        10       445         0        0.73214
   8.97283        24       418         0        0.72917
   8.97970         7       386         0        0.70833
   8.98658        19       416         0        0.71429
   8.99346        12       434         0        0.73214
   9.00033         5       422         0        0.72321
   9.00721        10       428         0        0.71726
   9.01409         6       405         0        0.71726
   9.02096         8       430         0        0.71429
   9.02784        10       425         0        0.69345
   9.03472        15       433         0        0.73810
   9.04159         4       442         0        0.70536
   9.04847        16       416         0        0.70536
   9.05535        23       422         0        0.73214
   9.06222         9       397         0        0.70536
   9.06910        12       440         0        0.72024
   9.07598        14       389         0        0.72321
   9.08285         7       394         0        0.67560
   9.08973         5       418         0        0.68452
   9.09661        12       419         0        0.70238
   9.10348         0       447         0        0.71131
   9.11036         0       423         0        0.70238
   9.11724         0       414         0        0.70238
   9.12411         8       406         0        0.69048
   9.13099         8       449         0        0.75000
   9.13787         0       414         0        0.70238
   9.14474        13       395         0        0.73512
   9.15162        21       487         0        0.75000
   9.15850         6       408         0        0.69643
   9.16537        12       436         0        0.73214
   9.17225        15       394         0        0.71131
   9.17913         7       415         0        0.72619
   9.18600        15       423         0        0.68750
   9.19288         3       441         0        0.73810
   9.19976        10       368         0        0.66667
   9.20663        12       412         0        0.72321
   9.21351        10       426         0        0.70238
   9.22039        12       397         0        0.71429
   9.22726        11       408         0        0.69345
   9.23414         4       434         0        0.71726
   9.24102        10       420         0        0.70833
   9.24789        22       416         0        0.72619
   9.25477        20       427         0        0.72321
   9.26165        13       418         0        0.72619
   9.26852        20       433         0        0.72321
   9.27540        19       424         0        0.73214
   9.28228        12       412         0        0.69940
   9.28915        10       395         0        0.69643
   9.28948        15       412         0        0.70833
   9.29635        19       411         0        0.70833
   9.30323         8       434         0        0.73810
   9.31011         2       441         0        0.75000
   9.31698        11       406         0        0.70833
   9.32386         7       412         0        0.72321
   9.33074        19       445         0        0.74702
   9.33762        15       420         0        0.71726
   9.34449         8       392         0        0.68155
   9.35137        18       413         0        0.70238
   9.35825        12       400         0        0.70833
   9.36512         3       437         0        0.77083
   9.37200         7       410         0        0.71131
   9.37888        12       409         0        0.71131
   9.38575        21       415         0        0.73512
   9.39263        17       389         0        0.72917
   9.39951        15       466         0        0.75893
   9.40638        11       459         0        0.75298
   9.41326        10       451         0        0.76488
   9.42014        12       415         0        0.76190
   9.42701         5       467         0        0.71726
   9.43389        14       426         0        0.77679
   9.44077        13       415         0        0.74405
   9.44764        37       431         0        0.77679
   9.45452         9       432         0        0.74405
   9.46140        13       388         0        0.68452
   9.46827        13       440         0        0.76488
   9.47515        24       424         0        0.71429
   9.48203        12       417         0        0.74702
   9.48890        22       432         0        0.76786
   9.49578        20       376         0        0.68452
   9.50266         8       427         0        0.74107
   9.50953        15       426         0        0.72024
   9.51641        37       403         0        0.71131
   9.52329        14       410         0        0.74405
   9.53016        16       382         0        0.67560
   9.53704        11       433         0        0.77083
   9.54392         0       440         0        0.71726
   9.55079        12       407         0        0.68750
   9.55767        12       420         0        0.78274
   9.56455        19       420         0        0.73810
   9.57142         9       408         0        0.72619
   9.57830        22       414         0        0.77083
   9.58518         0       453         0        0.73214
   9.59205         0       442         0        0.76190
   9.59893         3       420         0        0.74405
   9.60581         0       426         0        0.72917
   9.61268         3       424         0        0.76190
   9.61956         3       411         0        0.69048
   9.62644         0       434         0        0.76786
   9.63331        15       441         0        0.75298
   9.64019        13       441         0        0.74405
   9.64707        16       460         0        0.75298
   9.65394        12       444         0        0.76786
   9.66082        10       426         0        0.74702
   9.66770        10       428         0        0.70536
   9.67457         4       429         0        0.74107
   9.67524        10       404         0        0.72024
