   0.00587         0         0         0        0.00000
   0.01204         0         0         0        0.00000
   0.01206         0         0         0        0.00000
   0.01831         0         0         0        0.00000
   0.01862         0         0         0        0.00000
   0.02497         0         0         0        0.00000
   0.02563         0         0         0        0.00000
   0.03210         0         0         0        0.00000
   0.03320         0         0         0        0.00000
   0.03973         0         0         0        0.00000
   0.04496         0         0         0        0.00000
   0.05156         0         0         0        0.00000
   0.05713         0         0         0        0.00000
   0.06380         0         0         0        0.00000
   0.07046         0         0         0        0.00000
   0.07401         0         0         0        0.00000
   0.08076         4         0         0        0.00595
   0.08751         0         0         0        0.01190
   0.09426         0         0         0        0.01190
   0.09606         0         0         0        0.02381
   0.10291         4         0         0        0.01190
   0.10976         8         0         0        0.01190
   0.11661         6         6         0        0.03571
   0.12346         4        12         0        0.04167
   0.13031        24         0         0        0.04762
   0.13716         4         4         0        0.01786
   0.14401         4         0         0        0.02083
   0.15086         8        16         0        0.06250
   0.15770        14         0         0        0.05357
   0.16455         8        15         0        0.05357
   0.17140        16         6         0        0.04167
   0.17825        12         0         0        0.02976
   0.18510         4         0         0        0.01786
   0.19195         2         0         0        0.00595
   0.19880        12         0         0        0.01786
   0.20565        16         0         0        0.02381
   0.21250        22         0         1        0.02976
   0.21935         8         0         0        0.02976
   0.22620        14        12         0        0.06845
   0.23305        24         4         1        0.09524
   0.23989         8        26         1        0.05655
   0.24674         8        13         0        0.03869
   0.25359        31        25         1        0.12500
   0.26044        12         6         1        0.02976
   0.26729        24         0         1        0.03274
   0.27414        12        12         0        0.03571
   0.28099         8         4         0        0.04762
   0.28784         4         0         0        0.02381
   0.29469         8         0         0        0.02381
   0.30154         4         0         0        0.00595
   0.30839         4        16         0        0.03869
   0.31524         8         0         0        0.01786
   0.32209         8         0         0        0.04167
   0.32893        15         9         0        0.04167
   0.33578        46         0         0        0.06548
   0.34263         8        12         0        0.04762
   0.34948        16         0         0        0.02976
   0.35633        14         0         0        0.03571
   0.36318        16         0         1        0.04762
   0.37003         4         0         0        0.00595
   0.37688        14         0         1        0.02083
   0.38373         0         4         0        0.02679
   0.39058        10         0         1        0.01786
   0.39743         0         0         0        0.00000
   0.40428         4         0         1        0.03571
   0.41112        12         0         0        0.04762
   0.41797        14         0         0        0.02976
   0.42482         4         0         0        0.03274
   0.43167        16         0         2        0.02381
   0.43852        12        25         2        0.07143
   0.44537         8         9         0        0.03571
   0.45222        10        25         0        0.08631
   0.45907         7         5         0        0.02381
   0.46591         4         8         1        0.02976
   0.47276         8         9         1        0.03869
   0.47960         8         6         0        0.04167
   0.48645        10         8         1        0.05655
   0.49330        16        14         0        0.06250
   0.50015        12         6         1        0.04762
   0.50700        24         0         0        0.05655
   0.51385        18        15         0        0.08036
   0.52070        23        21         3        0.11310
   0.52755         6        58         0        0.10417
   0.53440        15        28         0        0.06845
   0.54125        12        25         0        0.04762
   0.54810        12        13         0        0.05357
   0.55495        10        11         0        0.05655
   0.56179        10        17         0        0.05952
   0.56864        15        38         0        0.07440
   0.57549        10        49         0        0.08631
   0.58234        29        17         0        0.05952
   0.58919        15        12         0        0.06250
   0.59604        28        44         0        0.11607
   0.60289        14        32         0        0.09226
   0.60974         4        54         0        0.16964
   0.61659        10        39         0        0.18155
   0.62344         7        54         0        0.12500
   0.63029         9        51         0        0.15774
   0.63714         2        56         0        0.11607
   0.64399        22        91         0        0.21726
   0.65083        28        97         2        0.23810
   0.65768        20        83         0        0.17560
   0.66453        17        88         0        0.19940
   0.67138        36        95         0        0.22917
   0.67823        16        80         0        0.18750
   0.68508        16       104         0        0.20833
   0.69193        26        78         0        0.16369
   0.69878         2        81         0        0.16369
   0.70563         7        94         0        0.21131
   0.71248         9       131         0        0.21131
   0.71933        35       136         0        0.23512
   0.72618        10        85         0        0.18155
   0.73302        47        86         0        0.22619
   0.73987        15       103         0        0.20536
   0.74672        14        92         0        0.18750
   0.75357        25       118         1        0.20238
   0.76042        28       129         0        0.22024
   0.76727        25        95         0        0.19643
   0.77412        20        95         0        0.19643
   0.78097        17       118         0        0.24107
   0.78782        19        96         0        0.18452
   0.79467        25       120         0        0.20833
   0.80152         0       131         0        0.18452
   0.80837        12       115         0        0.18452
   0.81522        10       124         0        0.19345
   0.82206         5       131         0        0.20536
   0.82891         4       124         0        0.20833
   0.83538        12       123         0        0.21726
   0.84222         5       125         0        0.21726
   0.84907        20       110         0        0.23214
   0.85592        21       134         1        0.28274
   0.86277        32       130         0        0.26786
   0.86962        14       107         0        0.24107
   0.87647         6       178         0        0.29464
   0.88332        17       137         0        0.27976
   0.89017         8       107         0        0.22321
   0.89702        17       125         0        0.27381
   0.90387        13       115         0        0.20536
   0.91072        24       152         0        0.26786
   0.91757        24       110         0        0.22024
   0.92441        10       139         0        0.21429
   0.93126        16       140         0        0.23214
   0.93811        15       109         0        0.21131
   0.94496        22       102         0        0.20833
   0.95181        15       130         0        0.24107
   0.95866         4       155         0        0.23512
   0.96551        15       135         0        0.25595
   0.97236         5       171         0        0.25000
   0.97921        14       127         1        0.22917
   0.98606        14       131         0        0.23512
   0.99291        14       122         0        0.19643
   0.99976        17       144         0        0.27083
   1.00661        18       106         0        0.25893
   1.01345        20       160         0        0.29762
   1.02030        16       161         0        0.28869
   1.02715        20       137         0        0.22619
   1.03400        19       142         0        0.23512
   1.04085        10       146         0        0.26488
   1.04770        36       134         0        0.24702
   1.05455        28       124         0        0.24405
   1.06140        19       110         0        0.22024
   1.06825        26       160         0        0.29167
   1.07510        22       145         0        0.27976
   1.08195        19       104         1        0.23810
   1.08880         6       158         0        0.25893
   1.09564         2       147         0        0.25298
   1.10249         6       149         0        0.25595
   1.10934        16       141         0        0.25298
   1.11619        29       150         0        0.29167
   1.12304        37       127         0        0.25595
   1.12989         8       129         0        0.24405
   1.13674        17       167         0        0.24107
   1.14359        21       153         0        0.29167
   1.15044         8       154         0        0.26190
   1.15729         8       154         0        0.24702
   1.16414         8       156         0        0.25298
   1.17099         8       192         0        0.29464
   1.17783         6       135         0        0.28274
   1.18468        20       190         0        0.29464
   1.19153        16       167         0        0.32440
   1.19838         6       149         0        0.27381
   1.20450        15       131         0        0.23810
   1.21135         7       169         0        0.26786
   1.21820         0       183         0        0.27083
   1.22505         8       156         0        0.29464
   1.23190        19       154         0        0.30357
   1.23875        14       175         1        0.32738
   1.24560        12       146         1        0.30952
   1.25245        17       153         0        0.30060
   1.25930        12       189         0        0.32143
   1.26615        17       215         0        0.30952
   1.27299         0       195         0        0.30655
   1.27984         0       220         0        0.33631
   1.28669        10       218         0        0.32738
   1.29354         6       247         0        0.39286
   1.30039        10       259         0        0.42560
   1.30724         0       232         0        0.35119
   1.31409         1       218         0        0.37500
   1.32094        14       243         0        0.40774
   1.32779         4       247         0        0.39286
   1.33464        16       290         0        0.45238
   1.34149         4       267         0        0.39583
   1.34834        15       303         0        0.41667
   1.35518        13       281         0        0.43155
   1.36203         9       280         0        0.42560
   1.36888        17       251         0        0.42857
   1.37573        10       276         0        0.43155
   1.38258         2       238         0        0.42560
   1.38943        14       298         0        0.44643
   1.39628         7       301         0        0.44048
   1.40313        10       237         0        0.42857
   1.40998         0       286         0        0.39286
   1.41683        10       233         0        0.43452
   1.42368         2       268         0        0.40476
   1.43053        10       319         0        0.49107
   1.43738         6       326         0        0.46131
   1.44422        20       311         0        0.47619
   1.45107        14       274         0        0.49107
   1.45792        12       289         0        0.44643
   1.46477         7       285         0        0.45833
   1.47162        25       274         0        0.45833
   1.47847        12       304         0        0.42560
   1.48532         0       281         0        0.43750
   1.49217         3       288         0        0.48214
   1.49902        20       272         1        0.49702
   1.50587        17       287         0        0.48214
   1.51272        14       293         0        0.47917
   1.51957        14       291         0        0.47024
   1.52641         4       285         0        0.45536
   1.53326         8       241         0        0.43750
   1.54011        21       252         0        0.47917
   1.54696         4       268         0        0.38988
   1.55381        12       258         0        0.44048
   1.56066         0       342         0        0.47321
   1.56751         8       307         1        0.47917
   1.57436         6       277         0        0.49107
   1.57443         2       272         0        0.45833
   1.58128        20       290         0        0.52381
   1.58813        17       319         0        0.50000
   1.59498         4       282         0        0.50000
   1.60183         2       282         0        0.51488
   1.60868        22       295         0        0.52381
   1.61553         2       324         0        0.50595
   1.62238        14       286         0        0.51190
   1.62923         8       338         0        0.56250
   1.63608         7       327         0        0.54464
   1.64293         8       380         0        0.57440
   1.64978         6       352         0        0.55952
   1.65663         7       312         0        0.52381
   1.66347        20       382         0        0.57738
   1.67032        22       337         0        0.58929
   1.67717        15       399         0        0.57738
   1.68402        12       357         0        0.58036
   1.69087        31       329         0        0.55357
   1.69772        27       318         0        0.56845
   1.70457         9       364         0        0.57440
   1.71142        17       350         0        0.58333
   1.71827         8       312         1        0.54167
   1.72512         6       340         0        0.56250
   1.73197         8       353         0        0.57738
   1.73882         0       282         0        0.52381
   1.74566        10       317         0        0.55952
   1.75251         8       343         0        0.58036
   1.75936         9       331         0        0.55060
   1.76621        15       347         0        0.60119
   1.77306        10       345         0        0.61905
   1.77991         8       357         0        0.61012
   1.78676        10       374         0        0.63095
   1.79361         2       349         0        0.58631
   1.80046        10       390         0        0.59226
   1.80731         3       356         0        0.64583
   1.81416        16       396         1        0.61905
   1.82101         6       372         1        0.63095
   1.82786        11       375         0        0.61310
   1.83470         8       368         0        0.58036
   1.84155         8       357         0        0.63393
   1.84840        18       371         0        0.58929
   1.85525        12       348         0        0.62500
   1.86210         5       335         0        0.59821
   1.86895        18       375         0        0.62798
   1.87580         2       337         0        0.59226
   1.88265         7       352         0        0.60119
   1.88950        12       376         0        0.62798
   1.89635        12       409         0        0.63393
   1.90320        11       374         0        0.65179
   1.91005        31       366         0        0.60417
   1.91689         7       375         0        0.60714
   1.92374         5       355         0        0.61607
   1.93059         7       339         0        0.59226
   1.93744         5       351         0        0.62798
   1.94429         4       351         0        0.58631
   1.94513        10       351         1        0.58631
   1.95198        41       357         0        0.60119
   1.95883        35       344         0        0.61310
   1.96568        15       349         0        0.57143
   1.97253        16       335         0        0.60417
   1.97938         9       355         0        0.59821
   1.98623         5       377         0        0.57143
   1.99307         9       405         0        0.59524
   1.99992         4       387         0        0.62202
   2.00677         6       345         0        0.57738
   2.01362         9       357         0        0.59524
   2.02047         7       339         0        0.56548
   2.02732         3       339         0        0.60417
   2.03417         4       354         0        0.57440
   2.04102         6       319         0        0.58631
   2.04787        15       310         0        0.58333
   2.05472        14       328         0        0.61905
   2.06157         2       356         0        0.62798
   2.06842        10       361         0        0.62202
   2.07526         6       360         0        0.63988
   2.08211         8       356         0        0.61607
   2.08896         6       341         0        0.62202
   2.09581         2       333         0        0.59524
   2.10266        10       310         0        0.59524
   2.10951         6       351         0        0.63393
   2.11636        14       383         0        0.63988
   2.12321        34       339         0        0.61310
   2.13006        29       340         0        0.61012
   2.13691         4       349         0        0.55655
   2.14376         2       383         0        0.61607
   2.15061        12       364         0        0.64583
   2.15746         0       319         0        0.62500
   2.16430         3       378         0        0.61310
   2.17115        16       396         0        0.63988
   2.17800         4       353         0        0.64583
   2.18485         8       393         0        0.65476
   2.19170         4       338         0        0.60119
   2.19855         4       382         0        0.62798
   2.20540         3       351         0        0.58036
   2.21225         3       360         0        0.63988
   2.21910         4       401         0        0.67857
   2.22595         4       355         0        0.61607
   2.23280         4       341         0        0.58929
   2.23965        21       364         0        0.61607
   2.24649        10       400         0        0.64881
   2.25334        14       348         0        0.60714
   2.26019        18       376         0        0.63393
   2.26704        26       406         1        0.63988
   2.27389        17       391         0        0.63690
   2.28074        20       392         0        0.63393
   2.28759        20       422         0        0.65179
   2.29444        13       366         0        0.61905
   2.30129         2       409         0        0.60714
   2.30814         0       428         0        0.61310
   2.31499        15       371         0        0.63393
   2.31592        18       429         1        0.66964
   2.32277        15       403         0        0.62500
   2.32962        30       351         0        0.64583
   2.33646        32       338         0        0.64583
   2.34331         0       391         0        0.62798
   2.35016        14       362         0        0.64881
   2.35701         4       388         0        0.70536
   2.36386        14       397         0        0.67857
   2.37071        10       410         0        0.67262
   2.37756        23       386         0        0.66071
   2.38441         5       397         0        0.68452
   2.39126        10       401         0        0.71429
   2.39811        13       387         0        0.63393
   2.40496         4       377         0        0.67262
   2.41181         6       356         0        0.65179
   2.41866        17       381         0        0.64583
   2.42550         4       389         0        0.62202
   2.43235        10       369         0        0.65774
   2.43920         4       401         0        0.67560
   2.44605         0       375         0        0.65774
   2.45290         3       382         0        0.68452
   2.45975         8       427         0        0.73810
   2.46660         6       392         0        0.68452
   2.47345         8       360         0        0.69048
   2.48030         4       377         0        0.69643
   2.48715         8       382         0        0.68155
   2.49400         0       351         0        0.66667
   2.50085         5       385         0        0.71131
   2.50769        12       390         0        0.66071
   2.51454         8       430         0        0.64881
   2.52139        25       375         2        0.70238
   2.52824        15       417         0        0.71726
   2.53509        12       434         0        0.68750
   2.54194         2       433         0        0.64583
   2.54879         8       438         0        0.67857
   2.55564        14       473         0        0.67560
   2.56249        29       443         0        0.68452
   2.56934         7       406         0        0.65774
   2.57619        26       398         1        0.68452
   2.58304        15       404         0        0.66964
   2.58989        26       401         0        0.64881
   2.59673        21       382         0        0.64881
   2.60358        14       381         0        0.66964
   2.61043         7       412         0        0.65179
   2.61728        10       440         0        0.70536
   2.62413        12       415         0        0.67262
   2.63098         4       398         0        0.65179
   2.63783         3       460         0        0.67857
   2.64468         2       460         0        0.66964
   2.65153         3       384         0        0.63988
   2.65838         7       441         0        0.68155
   2.66523         3       432         0        0.66369
   2.67208        21       521         0        0.71726
   2.67892        11       506         0        0.71131
   2.68577        26       412         0        0.71726
   2.68752        18       437         0        0.69048
   2.69437         3       415         0        0.70238
   2.70122        14       401         0        0.72321
   2.70807        13       417         0        0.70833
   2.71492         4       402         0        0.67262
   2.72177         8       395         0        0.70536
   2.72862         4       462         0        0.72321
   2.73546        10       420         0        0.69643
   2.74231         9       374         0        0.67560
   2.74916         0       444         0        0.73810
   2.75601        14       387         0        0.66667
   2.76286        14       410         0        0.69048
   2.76971         0       373         0        0.64583
   2.77656         6       386         0        0.63690
   2.78341        10       413         0        0.62500
   2.79026         5       403         0        0.65476
   2.79711        16       399         0        0.66667
   2.80396         5       421         0        0.66667
   2.81081        14       400         0        0.64583
   2.81765         4       399         0        0.66964
   2.82450        21       358         0        0.67262
   2.83135         4       448         0        0.68155
   2.83820        10       427         0        0.65476
   2.84505         7       367         0        0.65476
   2.85190         9       403         0        0.65774
   2.85875        10       376         0        0.68750
   2.86560         9       403         0        0.66071
   2.87245        15       397         0        0.67857
   2.87930        14       384         0        0.66071
   2.88615        20       426         0        0.66071
   2.89300        14       427         0        0.69643
   2.89985         7       417         0        0.71429
   2.90669        37       439         0        0.71429
   2.91354        14       422         0        0.67857
   2.92039         5       442         0        0.69048
   2.92724         4       370         0        0.66667
   2.93409         0       415         0        0.67560
   2.94094        20       432         0        0.73512
   2.94779        11       381         0        0.68155
   2.95464        17       414         0        0.73214
   2.96149         6       399         0        0.66667
   2.96834        12       406         0        0.68452
   2.97519         4       388         0        0.64583
   2.98204         3       377         0        0.69643
   2.98888         5       438         0        0.68452
   2.99573        12       444         0        0.67262
   3.00258         9       404         0        0.69940
   3.00943         0       393         0        0.70833
   3.01628         5       455         0        0.71726
   3.02313         3       420         0        0.69345
   3.02998        10       406         0        0.66667
   3.03683         0       371         0        0.68452
   3.04368         5       420         0        0.69643
   3.05053        10       410         0        0.69345
   3.05738        10       447         0        0.70238
   3.05900        20       469         0        0.72321
   3.06585         7       403         0        0.67560
   3.07270         7       395         0        0.70536
   3.07955         7       402         0        0.67560
   3.08640         6       409         0        0.70833
   3.09325         0       398         0        0.68750
   3.10010         6       395         0        0.68155
   3.10695         0       390         0        0.71131
   3.11379         0       444         0        0.72321
   3.12064         5       395         0        0.69643
   3.12749         0       398         0        0.66667
   3.13434         3       380         0        0.64583
   3.14119        18       424         0        0.72024
   3.14804         0       409         0        0.73512
   3.15489         3       456         0        0.71429
   3.16174         7       422         0        0.74107
   3.16859        11       387         0        0.72917
   3.17544         0       389         0        0.67857
   3.18229         0       374         0        0.67857
   3.18914         5       418         0        0.68750
   3.19598         9       423         0        0.72619
   3.20283        19       391         0        0.70238
   3.20968        22       424         0        0.72619
   3.21653        27       433         0        0.75000
   3.22338        35       384         0        0.70833
   3.23023        37       440         0        0.73810
   3.23708        24       420         0        0.70238
   3.24393        11       420         0        0.72321
   3.25078        13       450         0        0.70536
   3.25763        26       459         0        0.74405
   3.26448        17       420         0        0.71726
   3.27133        15       418         0        0.69345
   3.27818        17       399         0        0.72024
   3.28502        14       363         0        0.69643
   3.29187        15       456         0        0.75893
   3.29872        15       414         0        0.70833
   3.30557        16       417         0        0.68452
   3.31242        20       416         0        0.72024
   3.31927         9       457         0        0.72917
   3.32612         3       436         0        0.72024
   3.33297        18       465         0        0.72321
   3.33982        13       415         0        0.73214
   3.34667        16       386         0        0.71429
   3.35352         6       437         0        0.71726
   3.36037        10       412         0        0.70833
   3.36721         6       463         0        0.72321
   3.37406         6       492         0        0.74405
   3.38091         0       459         0        0.74405
   3.38776         2       434         0        0.70833
   3.39461         4       453         0        0.71131
   3.40146         2       431         0        0.74405
   3.40831         6       418         0        0.71429
   3.41516         0       424         0        0.73810
   3.42201        12       405         1        0.75298
   3.42886        20       434         0        0.76190
   3.43058        15       411         0        0.71131
   3.43743        17       429         0        0.77083
   3.44428        15       456         0        0.77083
   3.45113         9       389         0        0.72321
   3.45798         0       450         0        0.80060
   3.46483         5       494         0        0.82143
   3.47168        11       441         0        0.79464
   3.47852         7       436         0        0.77083
   3.48537        10       437         0        0.75298
   3.49222         9       468         0        0.75000
   3.49907         7       448         0        0.77381
   3.50592        14       455         0        0.76786
   3.51277         2       414         0        0.76786
   3.51962         0       429         0        0.75298
   3.52647         5       422         0        0.73810
   3.53332         4       418         0        0.78571
   3.54017         4       498         0        0.76190
   3.54702         5       445         0        0.81250
   3.55387         6       500         0        0.80357
   3.56072        14       481         0        0.78869
   3.56756         4       440         0        0.77381
   3.57441         5       435         0        0.77679
   3.58126         9       464         0        0.80655
   3.58811         7       417         0        0.76786
   3.59496         5       462         0        0.77679
   3.60181         0       487         0        0.80655
   3.60866        10       452         0        0.77679
   3.61551         5       508         0        0.82738
   3.62236         2       486         0        0.83631
   3.62921         8       506         0        0.83036
   3.63606         5       479         0        0.79762
   3.64291         0       493         0        0.81548
   3.64975         0       469         0        0.80655
   3.65660        19       466         0        0.80357
   3.66345        13       465         0        0.80060
   3.67030        12       482         0        0.81250
   3.67715         7       478         0        0.77976
   3.68400         9       469         0        0.80952
   3.69085        11       519         0        0.81250
   3.69770         9       467         0        0.81548
   3.70455         9       436         0        0.76190
   3.71140         9       463         0        0.79167
   3.71825         2       485         0        0.83036
   3.72510         4       486         0        0.78869
   3.73195         4       503         0        0.83333
   3.73879         0       432         0        0.78571
   3.74564         5       508         0        0.77976
   3.75249         0       462         0        0.81250
   3.75934        15       465         0        0.80357
   3.76619         5       447         0        0.78571
   3.77304         6       489         0        0.81250
   3.77989        11       455         0        0.80952
   3.78674        18       483         0        0.84524
   3.79359         9       441         0        0.77083
   3.80044        13       461         0        0.80952
   3.80236         6       480         0        0.80357
   3.80921         7       474         0        0.82738
   3.81606         5       479         0        0.80952
   3.82291        10       467         0        0.84524
   3.82976        14       525         0        0.80952
   3.83661         0       455         0        0.79464
   3.84346         0       473         0        0.79464
   3.85031         5       471         0        0.80060
   3.85716         5       506         0        0.82738
   3.86400         5       482         0        0.83036
   3.87085         8       499         0        0.80060
   3.87770         3       482         0        0.79167
   3.88455         7       519         0        0.82440
   3.89140         2       492         0        0.75595
   3.89825        11       448         0        0.80357
   3.90510         5       461         0        0.77976
   3.91195         2       484         0        0.76190
   3.91880        10       470         0        0.79167
   3.92565         5       451         0        0.77679
   3.93250         7       434         0        0.75298
   3.93935         4       494         0        0.80952
   3.94620         5       504         0        0.80060
   3.95304         5       509         0        0.79167
   3.95989        12       514         0        0.80655
   3.96674        25       495         0        0.81845
   3.97359         7       500         0        0.80357
   3.98044         2       433         0        0.74702
   3.98729         7       503         0        0.84226
   3.99414         9       508         0        0.83631
   4.00099         3       484         0        0.79762
   4.00784         2       480         0        0.78571
   4.01469         0       437         0        0.77679
   4.02154         7       469         0        0.80655
   4.02839         0       501         0        0.80060
   4.03523         5       507         0        0.82738
   4.04208         5       486         0        0.82440
   4.04893         0       458         0        0.79762
   4.05578         7       473         0        0.78571
   4.06263         0       474         0        0.82738
   4.06948         0       487         0        0.79762
   4.07633         5       469         0        0.82143
   4.08318         5       491         0        0.80060
   4.09003         7       471         0        0.80357
   4.09688         0       459         0        0.80060
   4.10373         7       474         0        0.78274
   4.11058         0       491         0        0.81548
   4.11743         0       520         0        0.84821
   4.12427         5       505         0        0.81250
   4.13112         0       442         0        0.81548
   4.13797         7       492         0        0.80060
   4.14482         0       515         0        0.83036
   4.15167         7       500         0        0.80655
   4.15852         5       472         0        0.80060
   4.16537         5       568         0        0.83036
   4.17222         7       508         0        0.80060
   4.17434         3       527         0        0.81250
   4.18119         0       526         0        0.86012
   4.18804        10       482         0        0.80952
   4.19489        10       496         0        0.79762
   4.20174         0       505         0        0.80952
   4.20859         7       495         0        0.80952
   4.21544         3       468         0        0.78274
   4.22229         0       486         0        0.81845
   4.22914         9       497         0        0.83631
   4.23598         4       509         0        0.81548
   4.24283         5       469         0        0.82738
   4.24968         5       495         0        0.83036
   4.25653         2       469         0        0.83333
   4.26338         0       495         0        0.85119
   4.27023         1       502         0        0.80952
   4.27708         4       520         0        0.83631
   4.28393         5       523         0        0.80060
   4.29078         0       444         0        0.79762
   4.29763         0       500         0        0.80060
   4.30448         0       515         0        0.84226
   4.31133         2       492         0        0.81845
   4.31817         2       505         0        0.80655
   4.32502         0       462         0        0.81548
   4.33187         2       477         0        0.79762
   4.33872         0       440         0        0.78274
   4.34557         0       478         0        0.81845
   4.35242         0       455         0        0.78571
   4.35927         8       485         0        0.80060
   4.36612         0       474         0        0.82143
   4.37297         3       486         0        0.79167
   4.37982         0       456         0        0.80357
   4.38667         0       460         0        0.79464
   4.39352         0       463         0        0.78571
   4.40037         2       526         0        0.82738
   4.40721         1       511         0        0.80357
   4.41406         2       492         0        0.78869
   4.42091         4       470         0        0.80655
   4.42776         4       454         0        0.77083
   4.43461         3       465         0        0.78571
   4.44146         0       481         0        0.77381
   4.44831         8       466         0        0.78571
   4.45516         0       496         0        0.79167
   4.46201         6       520         0        0.79167
   4.46886         0       498         0        0.76786
   4.47571         0       472         0        0.76786
   4.48256         4       489         0        0.75595
   4.48940         3       488         0        0.83929
   4.49625         2       488         0        0.79167
   4.50310         7       490         0        0.81845
   4.50995         0       466         0        0.83036
   4.51680         4       470         0        0.80655
   4.52365        18       498         0        0.81845
   4.53050         0       459         0        0.80655
   4.53735         3       448         0        0.77083
   4.54420         4       474         0        0.76488
   4.54658         8       493         0        0.80060
   4.55343         1       472         0        0.78869
   4.56028         8       476         0        0.79464
   4.56713         2       482         0        0.80952
   4.57398         8       468         0        0.82738
   4.58083         4       489         0        0.84524
   4.58768         4       507         0        0.80655
   4.59453         1       465         0        0.80357
   4.60138         2       495         0        0.77083
   4.60823         0       485         0        0.81845
   4.61507         6       481         0        0.82738
   4.62192         4       550         0        0.77679
   4.62877         5       446         0        0.77679
   4.63562         5       506         0        0.77976
   4.64247         5       485         0        0.82738
   4.64932         4       490         0        0.80357
   4.65617         0       483         0        0.81250
   4.66302         7       444         0        0.80952
   4.66987        14       513         0        0.81548
   4.67672         0       488         0        0.83929
   4.68357         4       480         0        0.81250
   4.69042         8       494         0        0.81845
   4.69726         0       461         0        0.79762
   4.70411         2       490         0        0.80952
   4.71096         8       484         0        0.83333
   4.71781         4       460         0        0.80655
   4.72466         3       463         0        0.80952
   4.73151         4       498         0        0.80655
   4.73836         4       512         0        0.80952
   4.74521         6       545         0        0.83036
   4.75206         2       496         0        0.80060
   4.75891         0       483         0        0.80357
   4.76576         2       469         0        0.80357
   4.77261         2       480         0        0.81250
   4.77946         4       460         0        0.80357
   4.78630         3       490         0        0.82738
   4.79315         0       443         0        0.76786
   4.80000         0       442         0        0.76786
   4.80685         4       515         0        0.79167
   4.81370         0       485         0        0.80060
   4.82055         0       478         0        0.82738
   4.82740         0       471         0        0.77083
   4.83425         0       472         0        0.78869
   4.84110         0       456         0        0.78274
   4.84795         0       476         0        0.80952
   4.85480         0       479         0        0.78274
   4.86165         2       475         0        0.83036
   4.86849         3       474         0        0.78869
   4.87534         2       469         0        0.81845
   4.88219         0       497         0        0.81845
   4.88904         0       510         0        0.82143
   4.89589         0       452         0        0.79167
   4.90274         0       458         0        0.78274
   4.90959         0       478         0        0.79464
   4.91644         0       493         0        0.80060
   4.91896         0       503         0        0.78869
   4.92581         0       539         0        0.78274
   4.93266         2       472         0        0.81548
   4.93951         4       464         0        0.77976
   4.94636         0       603         0        0.83631
   4.95320         0       482         0        0.78869
   4.96005         0       437         0        0.72024
   4.96690         0       482         0        0.79464
   4.97375         4       523         0        0.82738
   4.98060         0       457         0        0.78869
   4.98745         0       460         0        0.78274
   4.99430         0       450         0        0.78869
   5.00115         4       471         0        0.79167
   5.00800         0       504         0        0.79464
   5.01485         3       487         0        0.80952
   5.02170         2       507         0        0.80357
   5.02855         0       472         0        0.74405
   5.03539         0       489         0        0.79167
   5.04224         0       436         0        0.77679
   5.04909         2       499         0        0.78869
   5.05594         2       494         0        0.81250
   5.06279         2       445         0        0.77381
   5.06964         0       451         0        0.83036
   5.07649         0       472         0        0.80060
   5.08334         0       466         0        0.79762
   5.09019         0       472         0        0.79762
   5.09704         0       448         0        0.79464
   5.10389         0       450         0        0.79762
   5.11074         0       493         0        0.81845
   5.11759         0       534         0        0.80060
   5.12443         4       475         0        0.79464
   5.13128         0       469         0        0.80655
   5.13813         0       466         0        0.79464
   5.14498         2       466         0        0.77976
   5.15183         0       472         0        0.78869
   5.15868         6       447         0        0.74405
   5.16553         0       461         0        0.80357
   5.17238         0       440         0        0.74405
   5.17923         0       445         0        0.75595
   5.18608         0       482         0        0.80357
   5.19293         0       461         0        0.79167
   5.19978         0       447         0        0.77679
   5.20662         0       490         0        0.82143
   5.21347         0       495         0        0.81548
   5.22032         4       469         0        0.82440
   5.22717         4       508         0        0.83929
   5.23402         0       461         0        0.81250
   5.24087         4       523         0        0.82738
   5.24772         0       494         0        0.78571
   5.25457         0       471         0        0.76190
   5.26142         0       475         0        0.79762
   5.26827         4       488         0        0.77679
   5.27512         0       476         0        0.80060
   5.28197         0       503         0        0.79762
   5.28882         2       518         0        0.82143
   5.29115         0       526         0        0.81548
   5.29800         0       484         0        0.77083
   5.30485         4       449         0        0.78869
   5.31169         0       466         0        0.76488
   5.31854         0       488         0        0.78869
   5.32539         2       509         0        0.84226
   5.33224        10       450         0        0.80655
   5.33909         0       481         0        0.77083
   5.34594         0       474         0        0.80060
   5.35279         0       470         0        0.83333
   5.35964         2       464         0        0.78869
   5.36649         3       483         0        0.78869
   5.37334         0       445         0        0.76786
   5.38019         0       481         0        0.79464
   5.38704         0       455         0        0.79167
   5.39389         0       465         0        0.78571
   5.40073         6       532         0        0.83631
   5.40758         0       499         0        0.79167
   5.41443         6       485         0        0.77679
   5.42128         0       510         0        0.84226
   5.42813         0       505         0        0.81548
   5.43498         0       445         0        0.80655
   5.44183         0       471         0        0.78869
   5.44868         6       490         0        0.84524
   5.45553         6       518         0        0.84524
   5.46238         0       489         0        0.83929
   5.46923         0       450         0        0.80655
   5.47608         0       483         0        0.75000
   5.48292         3       496         0        0.86012
   5.48977         5       476         0        0.82738
   5.49662         2       487         0        0.82143
   5.50347         2       478         0        0.82143
   5.51032         0       438         0        0.78571
   5.51717         0       504         0        0.84226
   5.52402         2       468         0        0.81548
   5.53087         0       462         0        0.80655
   5.53772         0       542         0        0.82738
   5.54457         0       473         0        0.80655
   5.55142         0       459         0        0.81845
   5.55827         0       470         0        0.82738
   5.56512         2       471         0        0.82143
   5.57196         0       449         0        0.83333
   5.57881         0       524         0        0.83929
   5.58566         0       501         0        0.83929
   5.59251         0       500         0        0.80060
   5.59936         0       485         0        0.84821
   5.60621         0       483         0        0.81250
   5.61306         0       489         0        0.79762
   5.61991         0       465         0        0.84524
   5.62676         0       463         0        0.80357
   5.63361         0       476         0        0.80060
   5.64046         0       457         0        0.81250
   5.64731         0       488         0        0.85119
   5.65415         0       499         0        0.80357
   5.66100         0       515         0        0.85119
   5.66331         0       493         0        0.83929
   5.67016         4       504         0        0.82143
   5.67701         0       493         0        0.83333
   5.68386         1       479         0        0.82738
   5.69071         0       520         0        0.90179
   5.69756         2       525         0        0.86905
   5.70441         0       491         0        0.85119
   5.71126         0       481         0        0.82738
   5.71811         0       504         0        0.84226
   5.72496         6       490         0        0.84524
   5.73181         0       462         0        0.81845
   5.73866         0       506         0        0.83333
   5.74550         0       514         0        0.86310
   5.75235         0       509         0        0.84226
   5.75920         0       459         0        0.80060
   5.76605         0       460         0        0.82143
   5.77290         0       533         0        0.84524
   5.77975         0       506         0        0.83036
   5.78660         0       549         0        0.88690
   5.79345         0       482         0        0.82738
   5.80030         0       492         0        0.82143
   5.80715         0       504         0        0.83036
   5.81400         0       501         0        0.83631
   5.82085         0       452         0        0.82143
   5.82769         0       509         0        0.83929
   5.83454         0       494         0        0.80060
   5.84139         0       481         0        0.84821
   5.84824         0       457         0        0.84226
   5.85509         0       495         0        0.85119
   5.86194         1       484         0        0.83929
   5.86879         0       506         0        0.83631
   5.87564         5       507         0        0.82143
   5.88249         0       502         0        0.82143
   5.88934         0       508         0        0.86310
   5.89619         0       514         0        0.86012
   5.90304         1       509         0        0.83929
   5.90989         2       548         0        0.87202
   5.91673         2       521         0        0.88095
   5.92358         0       506         0        0.85119
   5.93043         1       510         0        0.85417
   5.93728         2       502         0        0.83631
   5.94413         0       464         0        0.78571
   5.95098         0       502         0        0.87202
   5.95783         2       461         0        0.82738
   5.96468         1       498         0        0.86310
   5.97153         1       504         0        0.85714
   5.97838         0       465         0        0.81250
   5.98523         0       502         0        0.82738
   5.99208         0       490         0        0.86310
   5.99893         1       512         0        0.85417
   6.00577         1       517         0        0.83929
   6.01262         1       499         0        0.84524
   6.01947         0       496         0        0.84821
   6.02632         2       478         0        0.81250
   6.03317         0       524         0        0.83333
   6.03567         0       474         0        0.85119
   6.04252         0       505         0        0.83631
   6.04937         0       513         0        0.83631
   6.05622         0       496         0        0.85714
   6.06306         1       546         0        0.85417
   6.06991         2       503         0        0.83631
   6.07676         1       507         0        0.86012
   6.08361         2       517         0        0.84821
   6.09046         1       485         0        0.85714
   6.09731         1       540         0        0.87500
   6.10416         0       490         0        0.85119
   6.11101         0       484         0        0.86905
   6.11786         0       460         0        0.82143
   6.12471         0       470         0        0.83333
   6.13156         0       487         0        0.83929
   6.13841         0       486         0        0.81548
   6.14525         0       504         0        0.82440
   6.15210         0       475         0        0.84226
   6.15895         0       499         0        0.84524
   6.16580         0       482         0        0.79762
   6.17265         0       483         0        0.81250
   6.17950         0       480         0        0.82738
   6.18635         0       474         0        0.83333
   6.19320         0       474         0        0.83631
   6.20005         2       497         0        0.86310
   6.20690         0       498         0        0.90476
   6.21375         0       503         0        0.85714
   6.22060         0       491         0        0.84821
   6.22745         0       493         0        0.85714
   6.23429         0       508         0        0.86310
   6.24114         0       500         0        0.81548
   6.24799         0       476         0        0.85119
   6.25484         0       484         0        0.86905
   6.26169         2       536         0        0.86905
   6.26854         2       459         0        0.79167
   6.27539         6       495         0        0.79762
   6.28224         0       502         0        0.83333
   6.28909         0       523         0        0.84821
   6.29594         0       478         0        0.83631
   6.30279         0       512         0        0.84821
   6.30964         2       452         0        0.83036
   6.31648         0       524         0        0.82143
   6.32333         4       487         0        0.80952
   6.33018         4       506         0        0.83631
   6.33703         0       504         0        0.86310
   6.34388         0       505         0        0.82738
   6.35073         2       448         0        0.80060
   6.35758         0       507         0        0.84226
   6.36443         0       500         0        0.83929
   6.37128         5       518         0        0.85119
   6.37813         0       468         0        0.80952
   6.38498         2       491         0        0.85119
   6.39183         0       495         0        0.85714
   6.39868         0       478         0        0.85714
   6.40552         0       491         0        0.83929
   6.40829         0       504         0        0.87202
   6.41514         0       478         0        0.86607
   6.42199         0       492         0        0.83631
   6.42884         0       484         0        0.84821
   6.43569         0       510         0        0.80060
   6.44254         0       490         0        0.82738
   6.44939         0       501         0        0.83036
   6.45624         0       495         0        0.79167
   6.46309         3       469         0        0.84226
   6.46993         2       488         0        0.82440
   6.47678         0       471         0        0.82738
   6.48363         0       473         0        0.83333
   6.49048         0       474         0        0.82440
   6.49733         0       464         0        0.82440
   6.50418         0       479         0        0.82738
   6.51103         0       462         0        0.84524
   6.51788         0       497         0        0.86607
   6.52473         0       478         0        0.83036
   6.53158         2       502         0        0.80655
   6.53843         2       472         0        0.83631
   6.54528         2       479         0        0.84226
   6.55213         0       515         0        0.84524
   6.55897         1       475         0        0.82143
   6.56582         0       487         0        0.84226
   6.57267         0       478         0        0.85417
   6.57952         1       481         0        0.84226
   6.58637         0       490         0        0.84226
   6.59322         0       462         0        0.82738
   6.60007         0       489         0        0.83631
   6.60692         0       460         0        0.82440
   6.61377         0       507         0        0.82738
   6.62062         1       498         0        0.84821
   6.62747         0       509         0        0.86310
   6.63432         1       506         0        0.83036
   6.64116         0       485         0        0.80952
   6.64801         0       460         0        0.84226
   6.65486         0       433         0        0.78274
   6.66171         0       465         0        0.80952
   6.66856         0       506         0        0.84524
   6.67541         0       484         0        0.81548
   6.68226         0       506         0        0.84821
   6.68911         0       463         0        0.81250
   6.69596         1       545         0        0.86310
   6.70281         0       510         0        0.83333
   6.70966         0       465         0        0.83631
   6.71651         3       467         0        0.83036
   6.72336         0       472         0        0.80357
   6.73020         0       520         0        0.87500
   6.73705         2       470         0        0.84821
   6.74390         0       447         0        0.77679
   6.75075         0       479         0        0.81250
   6.75760         0       440         0        0.81845
   6.76445         0       465         0        0.82738
   6.77130         0       483         0        0.84524
   6.77815         0       483         0        0.81548
   6.78053         0       478         0        0.85417
   6.78738         0       495         0        0.86607
   6.79423         1       501         0        0.81250
   6.80108         1       500         0        0.87202
   6.80793         1       457         0        0.84524
   6.81478         0       471         0        0.83036
   6.82163         0       501         0        0.84226
   6.82848         3       478         0        0.83631
   6.83533         2       486         0        0.85714
   6.84218         0       463         0        0.82143
   6.84903         0       482         0        0.81845
   6.85587         0       478         0        0.80060
   6.86272         0       479         0        0.85417
   6.86957         1       472         0        0.82143
   6.87642         1       492         0        0.84226
   6.88327         0       467         0        0.85714
   6.89012         0       509         0        0.86310
   6.89697         0       486         0        0.84524
   6.90382         1       516         0        0.85417
   6.91067         0       457         0        0.83036
   6.91752         0       471         0        0.84821
   6.92437         4       485         0        0.84226
   6.93122         0       470         0        0.84821
   6.93807         2       492         0        0.85417
   6.94491         0       500         0        0.86012
   6.95176         2       474         0        0.80060
   6.95861         0       510         0        0.82440
   6.96546         0       469         0        0.85714
   6.97231         0       459         0        0.81548
   6.97916         3       495         0        0.82143
   6.98601         0       507         0        0.83929
   6.99286         0       474         0        0.83631
   6.99971         0       484         0        0.78869
   7.00656         2       476         0        0.84226
   7.01341         0       491         0        0.84524
   7.02026         2       490         0        0.79762
   7.02710         0       481         0        0.84821
   7.03395         6       482         0        0.83333
   7.04080         0       469         0        0.86012
   7.04765         0       519         0        0.84524
   7.05450         0       460         0        0.81548
   7.06135         4       521         0        0.82143
   7.06820         1       487         0        0.82738
   7.07505         0       495         0        0.84821
   7.08190         0       459         0        0.77381
   7.08875         0       506         0        0.80357
   7.09560         0       488         0        0.81845
   7.10245         0       488         0        0.81845
   7.10929         0       492         0        0.84226
   7.11614         0       480         0        0.83333
   7.12299         0       481         0        0.78274
   7.12984         0       489         0        0.85119
   7.13669         0       469         0        0.80357
   7.14354         1       483         0        0.83929
   7.15039         0       475         0        0.82440
   7.15308         0       513         0        0.85119
   7.15993         1       477         0        0.83929
   7.16678         0       477         0        0.83333
   7.17363         0       492         0        0.83333
   7.18048         0       463         0        0.85417
   7.18733         0       463         0        0.85417
   7.19418         2       527         0        0.86607
   7.20103         0       487         0        0.83333
   7.20788         1       474         0        0.79167
   7.21473         1       509         0        0.86310
   7.22158         0       481         0        0.83036
   7.22843         0       488         0        0.87202
   7.23527         1       519         0        0.87202
   7.24212         0       491         0        0.85119
   7.24897         1       476         0        0.83631
   7.25582         0       496         0        0.81548
   7.26267         0       477         0        0.82738
   7.26952         0       438         0        0.80357
   7.27637         0       520         0        0.86905
   7.28322         0       500         0        0.86310
   7.29007         0       504         0        0.85119
   7.29692         0       502         0        0.84821
   7.30377         0       469         0        0.83929
   7.31062         1       469         0        0.81548
   7.31746         0       505         0        0.86607
   7.32431         0       493         0        0.86607
   7.33116         1       500         0        0.86607
   7.33801         0       486         0        0.83333
   7.34486         2       500         0        0.84226
   7.35171         0       471         0        0.81845
   7.35856         0       462         0        0.83333
   7.36541         2       504         0        0.85417
   7.37226         0       466         0        0.80655
   7.37911         0       462         0        0.81548
   7.38596         0       508         0        0.81250
   7.39281         0       512         0        0.88095
   7.39966         2       481         0        0.83631
   7.40650         0       501         0        0.85714
   7.41335         0       486         0        0.87202
   7.42020         0       489         0        0.87798
   7.42705         0       494         0        0.83631
   7.43390         0       503         0        0.82440
   7.44075         0       475         0        0.85417
   7.44760         2       498         0        0.82738
   7.45445         0       478         0        0.85119
   7.46130         0       451         0        0.82143
   7.46815         0       525         0        0.86310
   7.47500         0       517         0        0.89286
   7.48185         2       520         0        0.86310
   7.48870         0       464         0        0.83036
   7.49554         0       491         0        0.83333
   7.50239         0       459         0        0.82143
   7.50924         0       522         0        0.84226
   7.51609         0       475         0        0.82440
   7.52294         0       482         0        0.84226
   7.52584         0       483         0        0.80357
   7.53269         0       465         0        0.83036
   7.53954         0       499         0        0.85417
   7.54639         0       504         0        0.84821
   7.55324         2       475         0        0.85417
   7.56009         0       539         0        0.87500
   7.56694         2       454         0        0.80060
   7.57379         0       468         0        0.80357
   7.58064         0       455         0        0.83333
   7.58749         0       472         0        0.84821
   7.59434         0       470         0        0.86012
   7.60119         1       494         0        0.83929
   7.60803         0       484         0        0.85119
   7.61488         0       445         0        0.82143
   7.62173         0       501         0        0.87798
   7.62858         1       506         0        0.88988
   7.63543         0       472         0        0.85714
   7.64228         1       497         0        0.86905
   7.64913         0       450         0        0.83333
   7.65598         0       497         0        0.84524
   7.66283         2       486         0        0.86905
   7.66968         0       500         0        0.87202
   7.67653         0       492         0        0.83333
   7.68338         0       460         0        0.82440
   7.69022         3       520         0        0.86310
   7.69707         0       456         0        0.83631
   7.70392         0       505         0        0.87202
   7.71077         0       524         0        0.82143
   7.71762         6       495         0        0.82143
   7.72447         0       473         0        0.85714
   7.73132         0       514         0        0.86310
   7.73817         0       497         0        0.88393
   7.74502         0       461         0        0.83929
   7.75187         0       471         0        0.85119
   7.75872         0       476         0        0.82738
   7.76557         2       491         0        0.82738
   7.77242         0       472         0        0.83036
   7.77926         0       463         0        0.75595
   7.78611         0       477         0        0.83036
   7.79296         0       478         0        0.83036
   7.79981         2       479         0        0.81250
   7.80666         0       450         0        0.77679
   7.81351         4       480         0        0.79762
   7.82036         0       462         0        0.82738
   7.82721         0       481         0        0.85417
   7.83406         0       537         0        0.86310
   7.84091         0       471         0        0.83036
   7.84776         1       498         0        0.80060
   7.85461         2       488         0        0.84226
   7.86145         0       497         0        0.83929
   7.86830         1       495         0        0.82143
   7.87515         0       489         0        0.80060
   7.88200         0       470         0        0.83929
   7.88885         0       511         0        0.86310
   7.89570         0       468         0        0.81845
   7.89857         2       475         0        0.85119
   7.90542         0       464         0        0.85714
   7.91227         0       482         0        0.83929
   7.91912         0       515         0        0.85417
   7.92597         0       506         0        0.85119
   7.93282         0       461         0        0.79464
   7.93967         1       505         0        0.85714
   7.94652         1       507         0        0.82440
   7.95336         0       511         0        0.84821
   7.96021         0       537         0        0.84524
   7.96706         1       504         0        0.81250
   7.97391         0       524         0        0.86310
   7.98076         2       541         0        0.85714
   7.98761         0       494         0        0.83631
   7.99446         0       487         0        0.85714
   8.00131         1       494         0        0.82738
   8.00816         0       490         0        0.86607
   8.01501         0       507         0        0.87202
   8.02186         2       500         0        0.84226
   8.02871         0       487         0        0.82738
   8.03555         0       488         0        0.82738
   8.04240         2       501         0        0.85119
   8.04925         0       500         0        0.85714
   8.05610         1       507         0        0.86012
   8.06295         0       486         0        0.86012
   8.06980         0       532         0        0.86905
   8.07665         0       468         0        0.81845
   8.08350         3       510         0        0.85714
   8.09035         0       486         0        0.83036
   8.09720         0       501         0        0.86905
   8.10405         0       477         0        0.85119
   8.11090         0       499         0        0.85714
   8.11775         0       505         0        0.82738
   8.12459         0       507         0        0.84226
   8.13144         2       517         0        0.81250
   8.13829         0       498         0        0.84226
   8.14514         0       496         0        0.85119
   8.15199         1       471         0        0.78571
   8.15884         0       480         0        0.83036
   8.16569         0       496         0        0.85417
   8.17254         0       518         0        0.85714
   8.17939         1       481         0        0.82738
   8.18624         0       484         0        0.82440
   8.19309         0       476         0        0.84226
   8.19994         1       513         0        0.83631
   8.20679         0       492         0        0.83929
   8.21363         2       506         0        0.82143
   8.22048         1       511         0        0.84524
   8.22733         0       478         0        0.83333
   8.23418         0       497         0        0.84524
   8.24103         0       500         0        0.85119
   8.24788         1       527         0        0.83333
   8.25473         1       499         0        0.87500
   8.26158         0       504         0        0.86905
   8.26843         0       487         0        0.81548
   8.27136         0       471         0        0.81548
   8.27821         0       493         0        0.88095
   8.28506         0       441         0        0.80655
   8.29191         0       485         0        0.83036
   8.29876         0       518         0        0.87202
   8.30561         0       481         0        0.86607
   8.31246         0       484         0        0.86905
   8.31931         0       465         0        0.87202
   8.32616         0       467         0        0.86012
   8.33301         0       457         0        0.82738
   8.33985         0       471         0        0.84524
   8.34670         0       490         0        0.84226
   8.35355         0       465         0        0.82440
   8.36040         0       466         0        0.78571
   8.36725         0       492         0        0.85119
   8.37410         1       478         0        0.81250
   8.38095         0       465         0        0.82440
   8.38780         0       497         0        0.85119
   8.39465         0       481         0        0.81250
   8.40150         2       451         0        0.78571
   8.40835         0       496         0        0.85119
   8.41520         1       499         0        0.86012
   8.42204         0       497         0        0.80655
   8.42889         0       469         0        0.85119
   8.43574         0       466         0        0.80952
   8.44259         0       462         0        0.80952
   8.44944         4       453         0        0.81250
   8.45629         0       462         0        0.84821
   8.46314         0       484         0        0.84524
   8.46999         4       491         0        0.84524
   8.47684         0       503         0        0.86310
   8.48369         0       462         0        0.84524
   8.49054         0       455         0        0.83929
   8.49739         0       514         0        0.86905
   8.50424         0       445         0        0.81845
   8.51108         0       450         0        0.81548
   8.51793         2       513         0        0.83929
   8.52478         0       478         0        0.81845
   8.53163         0       492         0        0.84821
   8.53848         0       512         0        0.83631
   8.54533         0       460         0        0.81548
   8.55218         0       455         0        0.78274
   8.55903         4       452         0        0.82440
   8.56588         4       461         0        0.81845
   8.57273         0       460         0        0.80655
   8.57958         0       504         0        0.83631
   8.58643         0       486         0        0.85714
   8.59327         1       472         0        0.82738
   8.60012         0       465         0        0.81250
   8.60697         0       499         0        0.84226
   8.61382         2       487         0        0.81845
   8.62067         2       479         0        0.83333
   8.62752         0       480         0        0.84821
   8.63437         0       503         0        0.83929
   8.64122         2       470         0        0.82143
   8.64407         0       483         0        0.84524
   8.65091         1       519         0        0.85714
   8.65776         0       510         0        0.83929
   8.66461         0       510         0        0.86012
   8.67146         0       474         0        0.81548
   8.67831         0       444         0        0.81548
   8.68516         2       495         0        0.80655
   8.69201         0       443         0        0.82440
   8.69886         0       477         0        0.83929
   8.70571         0       454         0        0.81845
   8.71256         0       513         0        0.88690
   8.71941         0       494         0        0.83333
   8.72626         0       497         0        0.86905
   8.73311         0       454         0        0.83333
   8.73995         2       529         0        0.86012
   8.74680         0       502         0        0.82440
   8.75365         0       512         0        0.83333
   8.76050         0       515         0        0.79464
   8.76735         0       484         0        0.80952
   8.77420         4       511         0        0.87202
   8.78105         2       505         0        0.84821
   8.78790         0       483         0        0.85714
   8.79475         0       484         0        0.83631
   8.80160         0       488         0        0.85417
   8.80845         0       475         0        0.84226
   8.81530         0       463         0        0.84524
   8.82214         0       479         0        0.83631
   8.82899         1       500         0        0.87202
   8.83584         1       478         0        0.83929
   8.84269         0       478         0        0.82440
   8.84954         0       457         0        0.84226
   8.85639         2       480         0        0.80655
   8.86324         0       476         0        0.83929
   8.87009         0       472         0        0.83631
   8.87694         0       459         0        0.80655
   8.88379         0       477         0        0.84821
   8.89064         0       452         0        0.80655
   8.89749         0       470         0        0.79762
   8.90434         2       529         0        0.84524
   8.91118         0       484         0        0.84821
   8.91803         0       487         0        0.81845
   8.92488         0       449         0        0.81250
   8.93173         0       460         0        0.80060
   8.93858         0       463         0        0.85417
   8.94543         0       476         0        0.82440
   8.95228         4       500         0        0.83333
   8.95913         0       438         0        0.78571
   8.96598         0       471         0        0.83631
   8.97283         0       465         0        0.84226
   8.97968         0       475         0        0.81845
   8.98653         0       472         0        0.84821
   8.99337         0       485         0        0.82440
   9.00022         0       543         0        0.86607
   9.00707         0       494         0        0.88393
   9.01392         0       474         0        0.86310
   9.01658         2       515         0        0.83036
   9.02343         0       455         0        0.84226
   9.03028         0       494         0        0.81548
   9.03713         1       515         0        0.87202
   9.04398         1       488         0        0.82143
   9.05083         0       477         0        0.84524
   9.05768         0       485         0        0.80357
   9.06453         0       467         0        0.83929
   9.07138         0       517         0        0.82143
   9.07823         0       472         0        0.80952
   9.08508         0       477         0        0.83333
   9.09192         0       480         0        0.85714
   9.09877         1       543         0        0.84821
   9.10562         0       498         0        0.86310
   9.11247         0       473         0        0.82738
   9.11932         1       472         0        0.84821
   9.12617         1       524         0        0.86012
   9.13302         0       479         0        0.84524
   9.13987         0       452         0        0.80060
   9.14672         3       505         0        0.85417
   9.15357         4       455         0        0.82738
   9.16042         2       486         0        0.82738
   9.16727         2       494         0        0.84524
   9.17412         4       476         0        0.80357
   9.18096         0       504         0        0.83631
   9.18781         2       493         0        0.82738
   9.19466         0       465         0        0.83036
   9.20151         0       449         0        0.81845
   9.20836         0       461         0        0.84524
   9.21521         0       492         0        0.80952
   9.22206         4       500         0        0.80655
   9.22891         2       505         0        0.83333
   9.23576         0       450         0        0.82440
   9.24261         2       545         0        0.88393
   9.24946         2       487         0        0.86310
   9.25631         0       462         0        0.84524
   9.26315         4       514         0        0.86310
   9.27000         0       463         0        0.82143
   9.27685         0       503         0        0.84821
   9.28370         0       474         0        0.83631
   9.29055         2       487         0        0.84524
   9.29740         2       482         0        0.81845
   9.30425         2       539         0        0.86607
   9.31110         0       453         0        0.83631
   9.31795         4       485         0        0.80952
   9.32480         2       450         0        0.80357
   9.33165         2       486         0        0.85119
   9.33850         0       468         0        0.83036
   9.34535         4       466         0        0.80952
   9.35219         0       466         0        0.86012
   9.35904         0       456         0        0.83333
   9.36589         0       450         0        0.78869
   9.37274         4       483         1        0.81548
   9.37959         0       461         0        0.80357
   9.38644         0       489         0        0.84226
   9.38908         0       509         0        0.82440
