#Res         C3C-0002
   2.000       2.2561
   3.000       1.5150
   4.000       1.0636
   5.000       1.0010
   6.000       0.8952
   7.000       0.5536
   8.000       0.6553
   9.000       0.6244
  10.000       0.6229
  11.000       0.5632
  12.000       0.6309
  13.000       0.7057
  14.000       0.8307
  15.000       1.0325
  18.000       1.4135
  19.000       0.7888
  20.000       0.5879
  21.000       0.4777
  22.000       0.4537
  23.000       0.3973
  24.000       0.4628
  25.000       0.4631
  26.000       0.4808
  27.000       0.4564
  28.000       0.5267
  29.000       0.5811
  30.000       0.7862
  31.000       1.0642
  34.000       0.8018
  35.000       0.5891
  36.000       0.5107
  37.000       0.4241
  38.000       0.4127
  39.000       0.3675
  40.000       0.3879
  41.000       0.3728
  42.000       0.3895
  43.000       0.3821
  44.000       0.4610
  45.000       0.5312
  46.000       0.7379
  47.000       1.1426
  50.000       0.6607
  51.000       0.5568
  52.000       0.4934
  53.000       0.4318
  54.000       0.4170
  55.000       0.3479
  56.000       0.3584
  57.000       0.3411
  58.000       0.3593
  59.000       0.3486
  60.000       0.4055
  61.000       0.4664
  62.000       0.6862
  63.000       0.8983
  66.000       0.7136
  67.000       0.6118
  68.000       0.5265
  69.000       0.4262
  70.000       0.4142
  71.000       0.3634
  72.000       0.3638
  73.000       0.3746
  74.000       0.3690
  75.000       0.3469
  76.000       0.3981
  77.000       0.4395
  78.000       0.5449
  79.000       0.7595
  82.000       0.8593
  83.000       0.6347
  84.000       0.5362
  85.000       0.4466
  86.000       0.4156
  87.000       0.3492
  88.000       0.3729
  89.000       0.3747
  90.000       0.3518
  91.000       0.3529
  92.000       0.3884
  93.000       0.4191
  94.000       0.5115
  95.000       0.7161
  98.000       0.9906
  99.000       0.6629
 100.000       0.5367
 101.000       0.4357
 102.000       0.4212
 103.000       0.3681
 104.000       0.3910
 105.000       0.3806
 106.000       0.3669
 107.000       0.3638
 108.000       0.4010
 109.000       0.4429
 110.000       0.6390
 111.000       1.1402
 114.000       0.9018
 115.000       0.6275
 116.000       0.4954
 117.000       0.4176
 118.000       0.4333
 119.000       0.3759
 120.000       0.3971
 121.000       0.3821
 122.000       0.3824
 123.000       0.3666
 124.000       0.4154
 125.000       0.4537
 126.000       0.5608
 127.000       0.9562
 130.000       1.0688
 131.000       0.7120
 132.000       0.4969
 133.000       0.4249
 134.000       0.4371
 135.000       0.3848
 136.000       0.4230
 137.000       0.3993
 138.000       0.3795
 139.000       0.3797
 140.000       0.4303
 141.000       0.4799
 142.000       0.6510
 143.000       1.2882
 146.000       1.5615
 147.000       1.0440
 148.000       0.6498
 149.000       0.4452
 150.000       0.4141
 151.000       0.3859
 152.000       0.4227
 153.000       0.4286
 154.000       0.4145
 155.000       0.4016
 156.000       0.4475
 157.000       0.5041
 158.000       0.6158
 159.000       0.9800
 162.000       1.9032
 163.000       1.2671
 164.000       0.7894
 165.000       0.5476
 166.000       0.4924
 167.000       0.4507
 168.000       0.4550
 169.000       0.4683
 170.000       0.4825
 171.000       0.4541
 172.000       0.5582
 173.000       0.7757
 174.000       0.9639
 175.000       1.3567
 178.000       2.4293
 179.000       1.5607
 180.000       1.0277
 181.000       0.7065
 182.000       0.5991
 183.000       0.5993
 184.000       0.6050
 185.000       0.6719
 186.000       0.6496
 187.000       0.5882
 188.000       0.8351
 189.000       1.6477
 190.000       2.2279
 191.000       2.6612
 194.000       2.3569
 195.000       1.2237
 196.000       0.9317
 197.000       0.7034
 198.000       0.6223
 199.000       0.4514
 200.000       0.5016
 201.000       0.5019
 202.000       0.5393
 203.000       0.4978
 204.000       0.5709
 205.000       0.6282
 206.000       0.7307
 207.000       0.9014
 210.000       1.6835
 211.000       0.9005
 212.000       0.6924
 213.000       0.4897
 214.000       0.4521
 215.000       0.3807
 216.000       0.4008
 217.000       0.3866
 218.000       0.4098
 219.000       0.4045
 220.000       0.4660
 221.000       0.4885
 222.000       0.6231
 223.000       0.8795
 226.000       1.2418
 227.000       0.6755
 228.000       0.5216
 229.000       0.4213
 230.000       0.4090
 231.000       0.3489
 232.000       0.3714
 233.000       0.3588
 234.000       0.3684
 235.000       0.3699
 236.000       0.4781
 237.000       0.5654
 238.000       0.6118
 239.000       0.7228
 242.000       1.1219
 243.000       0.6087
 244.000       0.4980
 245.000       0.4017
 246.000       0.3819
 247.000       0.3340
 248.000       0.3523
 249.000       0.3475
 250.000       0.3595
 251.000       0.3678
 252.000       0.4237
 253.000       0.4634
 254.000       0.5655
 255.000       0.6830
 258.000       0.7517
 259.000       0.5281
 260.000       0.4614
 261.000       0.3844
 262.000       0.3790
 263.000       0.3443
 264.000       0.3531
 265.000       0.3655
 266.000       0.3720
 267.000       0.3886
 268.000       0.4277
 269.000       0.4676
 270.000       0.5556
 271.000       0.6841
 274.000       0.7793
 275.000       0.5620
 276.000       0.4655
 277.000       0.3875
 278.000       0.3953
 279.000       0.3590
 280.000       0.3776
 281.000       0.3821
 282.000       0.3765
 283.000       0.3686
 284.000       0.4509
 285.000       0.5219
 286.000       0.6422
 287.000       0.9235
 290.000       0.9901
 291.000       0.6897
 292.000       0.5146
 293.000       0.4150
 294.000       0.4015
 295.000       0.3534
 296.000       0.3696
 297.000       0.3658
 298.000       0.3875
 299.000       0.3875
 300.000       0.4341
 301.000       0.4876
 302.000       0.7271
 303.000       1.0506
 306.000       1.1154
 307.000       0.7897
 308.000       0.5381
 309.000       0.4066
 310.000       0.4030
 311.000       0.3599
 312.000       0.3851
 313.000       0.3822
 314.000       0.3802
 315.000       0.3716
 316.000       0.4198
 317.000       0.4660
 318.000       0.6571
 319.000       1.0313
 322.000       1.3914
 323.000       0.8158
 324.000       0.5556
 325.000       0.4341
 326.000       0.4167
 327.000       0.3728
 328.000       0.3896
 329.000       0.3970
 330.000       0.3872
 331.000       0.3862
 332.000       0.4434
 333.000       0.5201
 334.000       0.6277
 335.000       0.9963
 338.000       1.2392
 339.000       0.7784
 340.000       0.5639
 341.000       0.4775
 342.000       0.4524
 343.000       0.3978
 344.000       0.3958
 345.000       0.4082
 346.000       0.4362
 347.000       0.4256
 348.000       0.4847
 349.000       0.6678
 350.000       0.9443
 351.000       1.3716
 354.000       1.5800
 355.000       1.0190
 356.000       0.7285
 357.000       0.5879
 358.000       0.5131
 359.000       0.4814
 360.000       0.4505
 361.000       0.4912
 362.000       0.5518
 363.000       0.4985
 364.000       0.6092
 365.000       1.1291
 366.000       1.8035
 367.000       2.8449
 370.000       2.9297
 371.000       2.0683
 372.000       1.2754
 373.000       0.8853
 374.000       0.6913
 375.000       0.6901
 376.000       0.6446
 377.000       0.6972
 378.000       0.7083
 379.000       0.6473
 380.000       0.7972
 381.000       1.4720
 382.000       2.3522
 383.000       4.1558
