   0.00587         0         0         0        0.00000
   0.01204         0         0         0        0.00000
   0.01206         0         0         0        0.00000
   0.01831         0         0         0        0.00000
   0.01862         0         0         0        0.00000
   0.02496         0         0         0        0.00000
   0.02563         0         0         0        0.00000
   0.03210         0         0         0        0.00000
   0.03321         0         0         0        0.00000
   0.03974         0         0         0        0.00000
   0.04496         0         0         0        0.00000
   0.05156         0         0         0        0.00000
   0.05718         0         0         0        0.00000
   0.06385         0         0         0        0.00000
   0.07051         0         0         0        0.00000
   0.07408         0         0         0        0.00000
   0.08083         4         0         0        0.04167
   0.08758         0         0         0        0.00000
   0.09433         0         0         0        0.00000
   0.09615         0         0         0        0.00000
   0.10303        12         9         0        0.07143
   0.10990         8        29         0        0.08333
   0.11678         4         8         0        0.06250
   0.12366        26        24         1        0.09226
   0.13053        36        17         2        0.12202
   0.13741        28         0         0        0.05655
   0.14429        24        29         0        0.11310
   0.15116         4        30         0        0.12500
   0.15804        11        40         0        0.09524
   0.16492         0        46         0        0.10417
   0.17179         8        78         0        0.18155
   0.17867         2        81         0        0.16667
   0.18555         0        76         0        0.17560
   0.19242         2        56         0        0.14583
   0.19930         0        92         0        0.19345
   0.20618         8        79         0        0.18750
   0.21305         8        93         0        0.27679
   0.21993        10        71         0        0.17560
   0.22681        14        70         2        0.19345
   0.23368         8        72         0        0.19048
   0.24056        35        66         1        0.23512
   0.24744        24        57         0        0.20238
   0.25431         6        78         0        0.16964
   0.26119        32        39         2        0.17857
   0.26807         8        63         0        0.17560
   0.27494        12        65         0        0.18750
   0.28182        22        86         1        0.22321
   0.28870        26        72         0        0.17857
   0.29557        21        65         1        0.20238
   0.30245        24       145         0        0.26488
   0.30933         6       127         0        0.23810
   0.31620        21       122         0        0.28869
   0.32308         7       131         0        0.27381
   0.32996         7       118         0        0.23512
   0.33683        33       132         1        0.32440
   0.34371        32       150         0        0.31548
   0.35059        28       135         0        0.29167
   0.35747        23       111         1        0.27381
   0.36434        19       119         0        0.31845
   0.37122         6       135         0        0.27976
   0.37810        16       114         0        0.25595
   0.38497        11        99         0        0.24405
   0.39185         6       157         0        0.33631
   0.39873        28       183         0        0.36310
   0.40560        16       122         1        0.26786
   0.41248        23       145         0        0.28274
   0.41936         8       121         0        0.24107
   0.42623        29       121         0        0.26488
   0.43311        45       167         1        0.30357
   0.43999        16       160         0        0.28869
   0.44686        14       162         0        0.34524
   0.45374        13       139         1        0.29167
   0.46062        29       145         1        0.32440
   0.46749        20       161         0        0.33036
   0.47047        17       154         0        0.29762
   0.47735        11       172         0        0.30952
   0.48423        12       131         0        0.28274
   0.49110        14       161         0        0.28274
   0.49798        32       151         1        0.30952
   0.50486        20       136         0        0.26488
   0.51173         6       126         0        0.26190
   0.51861        14       147         0        0.31548
   0.52549        29       103         0        0.25000
   0.53236        15       109         0        0.29762
   0.53924        37       105         0        0.24702
   0.54612        33       154         0        0.30952
   0.55299        43       119         1        0.30060
   0.55987        43       126         1        0.31845
   0.56675        47       141         0        0.35119
   0.57362        47       135         1        0.30357
   0.58050        24       167         0        0.37202
   0.58738        57       169         0        0.35417
   0.59425        58       152         0        0.39583
   0.60113        38       146         0        0.38988
   0.60801        28       195         0        0.40774
   0.61488        36       212         0        0.44345
   0.62176        42       261         0        0.47024
   0.62864        36       262         0        0.52976
   0.63551        30       246         0        0.49702
   0.64239        29       263         0        0.47024
   0.64927        17       244         0        0.43750
   0.65614        17       230         0        0.51190
   0.66302        16       276         0        0.48512
   0.66990        24       261         0        0.49405
   0.67677        24       285         0        0.50298
   0.68365        25       299         0        0.51786
   0.69053        31       261         0        0.45833
   0.69740        16       276         0        0.51190
   0.70428        18       261         0        0.46726
   0.71116        24       238         0        0.45238
   0.71803        19       260         0        0.45833
   0.72491        16       264         0        0.47619
   0.73179        50       248         0        0.52976
   0.73866         8       248         0        0.47024
   0.74554        31       266         0        0.48512
   0.75242        22       240         0        0.45238
   0.75929        60       236         4        0.44940
   0.76617        41       233         1        0.48810
   0.77305        42       240         0        0.47321
   0.77992        28       197         0        0.39286
   0.78680        24       217         1        0.46131
   0.79368        16       225         0        0.45536
   0.80056        50       229         0        0.50595
   0.80743        20       240         0        0.49405
   0.81431        15       253         0        0.44940
   0.82119        12       265         0        0.46726
   0.82806        25       293         0        0.47024
   0.83494        27       268         0        0.44940
   0.84182        42       267         0        0.45238
   0.84503        36       220         0        0.43155
   0.85191        26       286         1        0.47321
   0.85879        37       261         1        0.49107
   0.86566        39       267         1        0.44048
   0.87254        33       271         0        0.47619
   0.87942        35       289         0        0.52381
   0.88629        32       273         0        0.50893
   0.89317        41       270         0        0.48810
   0.90005        43       260         0        0.49107
   0.90692        40       293         0        0.46726
   0.91380        43       272         1        0.53869
   0.92068        12       258         0        0.42262
   0.92755        39       231         0        0.44345
   0.93443        35       289         1        0.50595
   0.94131        40       266         0        0.51190
   0.94818        32       251         0        0.47024
   0.95506        17       312         0        0.46131
   0.96194        22       295         0        0.52083
   0.96881        24       263         0        0.47024
   0.97569        18       269         0        0.47917
   0.98257        28       262         0        0.50595
   0.98945        22       267         0        0.51488
   0.99632        15       280         0        0.50000
   1.00320        46       263         1        0.52381
   1.01008        14       278         0        0.47619
   1.01695        36       262         0        0.50893
   1.02383        16       284         0        0.52083
   1.03071        22       293         0        0.51786
   1.03758        27       234         2        0.49405
   1.04446        27       287         0        0.48512
   1.05134        16       244         0        0.48214
   1.05821        24       304         0        0.51786
   1.06509        22       283         0        0.48512
   1.07197        26       263         0        0.48214
   1.07884        24       268         0        0.47321
   1.08572        28       268         0        0.47321
   1.09260        19       319         0        0.47321
   1.09947        28       257         0        0.47024
   1.10635        43       285         2        0.48214
   1.11323        37       289         1        0.49405
   1.12010        60       287         2        0.56845
   1.12698        24       299         0        0.52976
   1.13386        15       272         0        0.47619
   1.14073        12       284         0        0.48214
   1.14761        18       256         0        0.49702
   1.15449        12       271         0        0.46429
   1.16136        14       341         0        0.49107
   1.16824        13       269         0        0.47917
   1.17512        21       273         0        0.49107
   1.18199        21       282         0        0.48512
   1.18887        13       283         0        0.52083
   1.19575        14       311         0        0.47619
   1.20262        21       334         0        0.50893
   1.20950        19       352         0        0.58036
   1.21638        19       299         0        0.52083
   1.21996        33       267         0        0.50595
   1.22684        44       313         0        0.55655
   1.23372        22       285         1        0.51488
   1.24059        22       304         0        0.50298
   1.24747        12       311         0        0.54167
   1.25435        24       304         1        0.52083
   1.26122        20       298         1        0.51488
   1.26810        17       306         0        0.48214
   1.27498        26       279         1        0.52083
   1.28185        24       325         1        0.55060
   1.28873        16       283         0        0.50000
   1.29561        28       283         0        0.50298
   1.30248        14       306         1        0.50893
   1.30936        20       308         0        0.50298
   1.31624        12       267         0        0.49405
   1.32311        29       314         0        0.54167
   1.32999        20       278         0        0.51190
   1.33687        24       280         0        0.51786
   1.34374        20       265         0        0.52381
   1.35062        21       305         0        0.52381
   1.35750        19       261         0        0.56845
   1.36437        23       293         0        0.51786
   1.37125        15       286         0        0.48810
   1.37813        17       288         0        0.48214
   1.38500        27       287         0        0.50893
   1.39188        23       267         0        0.51190
   1.39876        19       293         0        0.50000
   1.40563        21       298         0        0.52083
   1.41251        19       261         0        0.48512
   1.41939         8       273         0        0.51190
   1.42626        17       319         0        0.58631
   1.43314        21       301         0        0.53869
   1.44002        19       296         0        0.50000
   1.44689        33       297         1        0.52381
   1.45377        19       325         0        0.58333
   1.46065        26       282         0        0.55060
   1.46752        28       321         0        0.56845
   1.47440        35       270         0        0.52976
   1.48128        21       253         0        0.53869
   1.48815        28       272         0        0.52976
   1.49503        24       268         0        0.53274
   1.50191        44       282         0        0.56845
   1.50878        24       307         0        0.58333
   1.51566        33       307         0        0.57143
   1.52254        29       309         0        0.54464
   1.52941        42       388         0        0.63690
   1.53629        28       276         0        0.55952
   1.54317        29       314         0        0.55655
   1.55005        18       316         0        0.56845
   1.55692        46       314         0        0.52381
   1.56380        51       339         0        0.55060
   1.57068        55       280         0        0.61905
   1.57755        30       283         0        0.55655
   1.58443        48       281         0        0.58333
   1.59131        30       313         0        0.53274
   1.59576        33       318         0        0.58333
   1.60264        46       330         0        0.59821
   1.60951        18       306         0        0.59226
   1.61639        26       352         0        0.54464
   1.62327        42       306         0        0.56845
   1.63014        32       344         0        0.55655
   1.63702        21       301         0        0.54167
   1.64390        30       321         0        0.56845
   1.65077        33       340         0        0.60119
   1.65765        33       309         0        0.55357
   1.66453        32       330         1        0.59524
   1.67140        30       296         4        0.55655
   1.67828        33       308         0        0.56548
   1.68516        41       368         0        0.60417
   1.69203        47       290         0        0.56548
   1.69891        26       333         0        0.58036
   1.70579        37       320         0        0.57440
   1.71266        43       360         0        0.57738
   1.71954        42       397         0        0.61607
   1.72642        40       343         0        0.63095
   1.73329        44       342         0        0.63095
   1.74017        35       326         0        0.59226
   1.74705        52       310         0        0.57738
   1.75392        44       335         0        0.60714
   1.76080        40       319         0        0.63988
   1.76768        42       355         0        0.57738
   1.77455        42       270         0        0.56250
   1.78143        39       309         0        0.58333
   1.78831        32       290         0        0.57738
   1.79518        29       313         0        0.55655
   1.80206        33       328         0        0.56845
   1.80894        50       330         0        0.59821
   1.81581        27       300         0        0.54464
   1.82269        36       380         0        0.55655
   1.82957        41       390         0        0.59226
   1.83645        29       327         0        0.55655
   1.84332        34       396         0        0.61012
   1.85020        31       329         0        0.56845
   1.85708        26       325         0        0.55060
   1.86395        36       363         0        0.59821
   1.87083        43       366         0        0.63690
   1.87771        38       359         0        0.63393
   1.88458        45       379         0        0.63095
   1.89146        51       343         0        0.62202
   1.89834        37       366         0        0.63690
   1.90521        59       311         0        0.60714
   1.91209        38       304         0        0.60119
   1.91897        40       284         0        0.58036
   1.92584        48       343         0        0.62500
   1.93272        49       342         0        0.61607
   1.93960        36       371         0        0.59821
   1.94647        42       334         0        0.61607
   1.95335        33       319         0        0.59524
   1.96023        38       324         0        0.63393
   1.96710        66       371         0        0.65179
   1.97182        47       335         0        0.61607
   1.97870        64       319         0        0.61310
   1.98557        46       308         0        0.63988
   1.99245        39       336         0        0.67262
   1.99933        39       392         0        0.64881
   2.00620        39       393         0        0.63690
   2.01308        39       391         0        0.71131
   2.01996        45       364         0        0.65774
   2.02683        42       380         0        0.62500
   2.03371        40       332         0        0.64583
   2.04059        55       311         0        0.61310
   2.04746        62       339         0        0.63393
   2.05434        50       325         0        0.63988
   2.06122        51       352         0        0.67262
   2.06810        40       303         0        0.64583
   2.07497        51       360         0        0.70238
   2.08185        46       362         0        0.65476
   2.08873        62       322         0        0.69048
   2.09560        66       295         1        0.62500
   2.10248        54       309         0        0.65179
   2.10936        63       356         0        0.71131
   2.11623        53       321         0        0.68452
   2.12311        39       317         0        0.64583
   2.12999        47       335         0        0.63095
   2.13686        40       343         0        0.66071
   2.14374        32       329         1        0.61607
   2.15062        55       329         0        0.63095
   2.15749        53       345         0        0.66369
   2.16437        53       330         0        0.67560
   2.17125        46       351         0        0.66071
   2.17812        58       355         0        0.66369
   2.18500        58       379         0        0.65179
   2.19188        55       333         0        0.63988
   2.19875        61       372         0        0.64583
   2.20563        43       374         1        0.65476
   2.21251        55       355         0        0.63988
   2.21938        26       341         0        0.63988
   2.22626        38       313         0        0.59226
   2.23314        26       342         0        0.59821
   2.24001        31       337         0        0.59524
   2.24689        34       336         0        0.61607
   2.25377        27       324         0        0.60417
   2.26064        43       334         0        0.62798
   2.26752        37       336         0        0.62202
   2.27440        33       372         0        0.65179
   2.28127        36       413         0        0.68750
   2.28815        40       339         0        0.62500
   2.29503        49       369         0        0.63095
   2.30190        42       399         0        0.67857
   2.30878        51       435         0        0.64286
   2.31566        44       357         0        0.61012
   2.32253        52       369         0        0.62798
   2.32941        38       333         0        0.61607
   2.33629        43       335         0        0.62798
   2.34316        44       325         0        0.65476
   2.34898        33       381         0        0.61905
   2.35585        50       409         0        0.66369
   2.36273        58       371         0        0.66667
   2.36961        45       360         0        0.67857
   2.37648        54       379         0        0.65476
   2.38336        79       398         0        0.74405
   2.39024        62       410         0        0.71726
   2.39711        59       392         0        0.68452
   2.40399        40       369         0        0.70536
   2.41087        60       452         0        0.71131
   2.41774        53       375         0        0.67262
   2.42462        53       368         2        0.73214
   2.43150        40       385         0        0.66667
   2.43837        51       352         0        0.69345
   2.44525        51       428         0        0.72619
   2.45213        57       401         0        0.64583
   2.45900        45       377         0        0.69345
   2.46588        56       347         0        0.68750
   2.47276        44       369         0        0.67262
   2.47963        42       338         0        0.66964
   2.48651        56       391         0        0.68750
   2.49339        47       415         0        0.71429
   2.50026        50       368         0        0.67262
   2.50714        42       369         0        0.66964
   2.51402        67       364         0        0.68155
   2.52090        56       414         0        0.70833
   2.52777        65       408         0        0.69643
   2.53465        53       378         0        0.72917
   2.54153        38       410         0        0.70536
   2.54840        54       424         0        0.72917
   2.55528        65       432         0        0.70833
   2.56216        43       437         0        0.67262
   2.56903        57       369         0        0.74405
   2.57591        48       413         0        0.71726
   2.58279        75       402         0        0.75595
   2.58966        46       392         0        0.73214
   2.59654        57       412         0        0.73214
   2.60342        44       375         0        0.72619
   2.61029        59       418         0        0.69048
   2.61717        56       431         0        0.71726
   2.62405        64       406         0        0.72321
   2.63092        53       416         0        0.74702
   2.63780        67       403         0        0.71429
   2.64468        31       401         0        0.72619
   2.65155        52       378         0        0.72024
   2.65843        54       391         1        0.74702
   2.66531        48       397         0        0.70536
   2.67218        61       380         1        0.71726
   2.67906        76       446         1        0.76190
   2.68594        63       444         1        0.72917
   2.69281        56       417         0        0.73214
   2.69969        50       432         1        0.70833
   2.70657        44       421         0        0.69643
   2.71344        41       389         0        0.70833
   2.72032        53       398         0        0.69940
   2.72581        56       450         0        0.73214
   2.73269        49       428         0        0.69940
   2.73957        63       391         0        0.72619
   2.74644        47       363         0        0.70536
   2.75332        60       413         0        0.72024
   2.76020        71       413         0        0.73214
   2.76707        47       421         0        0.73810
   2.77395        50       415         0        0.72917
   2.78083        71       413         0        0.69048
   2.78770        53       422         0        0.71429
   2.79458        54       410         0        0.75893
   2.80146        56       391         1        0.74405
   2.80833        69       402         0        0.72321
   2.81521        52       452         0        0.72321
   2.82209        46       433         0        0.73214
   2.82896        31       437         0        0.70833
   2.83584        58       398         0        0.72917
   2.84272        52       381         0        0.69048
   2.84959        41       427         0        0.74107
   2.85647        61       431         0        0.72321
   2.86335        42       406         0        0.69643
   2.87022        55       437         0        0.73214
   2.87710        48       404         0        0.69048
   2.88398        70       431         1        0.72619
   2.89085        46       456         0        0.71726
   2.89773        57       464         0        0.73810
   2.90461        46       393         0        0.70536
   2.91149        57       457         0        0.72917
   2.91836        61       405         0        0.72619
   2.92524        61       390         0        0.72619
   2.93212        70       439         0        0.77083
   2.93899        83       415         0        0.72024
   2.94587        64       460         0        0.73810
   2.95275        59       426         0        0.73214
   2.95962        62       380         0        0.71726
   2.96650        67       441         0        0.73512
   2.97338        57       423         0        0.72917
   2.98025        60       379         0        0.72619
   2.98713        62       392         0        0.74405
   2.99401        64       407         0        0.72024
   3.00088        58       434         0        0.72619
   3.00776        62       366         1        0.73214
   3.01464        61       428         0        0.70238
   3.02151        60       416         0        0.70536
   3.02839        51       388         0        0.72024
   3.03527        79       394         0        0.72917
   3.04214        64       405         0        0.72024
   3.04902        80       436         0        0.75298
   3.05590        72       385         0        0.74107
   3.06277        64       418         0        0.72619
   3.06965        60       360         0        0.71131
   3.07653        63       371         0        0.73512
   3.08340        66       402         0        0.74405
   3.09028        44       350         0        0.72321
   3.09716        76       401         0        0.75000
   3.10310        52       374         0        0.72917
   3.10998        69       409         0        0.73512
   3.11686        51       404         0        0.76190
   3.12373        76       438         0        0.76488
   3.13061        54       392         0        0.75000
   3.13749        69       412         0        0.76488
   3.14436        61       399         0        0.73810
   3.15124        49       375         0        0.75000
   3.15812        55       388         0        0.69643
   3.16499        67       396         0        0.75298
   3.17187        68       387         0        0.74405
   3.17875        66       404         0        0.75893
   3.18562        52       403         0        0.72917
   3.19250        65       381         0        0.73512
   3.19938        56       396         0        0.72619
   3.20625        62       383         0        0.74702
   3.21313        57       389         1        0.75595
   3.22001        85       430         1        0.77679
   3.22688        46       432         0        0.77976
   3.23376        59       350         0        0.72024
   3.24064        68       405         0        0.77976
   3.24751        71       426         0        0.77679
   3.25439        66       498         0        0.78274
   3.26127        46       410         0        0.75298
   3.26814        57       395         0        0.77976
   3.27502        42       378         0        0.72024
   3.28190        84       378         0        0.77976
   3.28877        65       386         0        0.75893
   3.29565        70       399         0        0.75893
   3.30253        51       380         0        0.77976
   3.30940        49       386         0        0.74107
   3.31628        69       411         0        0.79762
   3.32316        48       396         0        0.80060
   3.33004        58       469         0        0.75595
   3.33691        58       376         0        0.75000
   3.34379        49       389         0        0.75893
   3.35067        50       387         1        0.78274
   3.35754        52       392         1        0.75595
   3.36442        65       388         1        0.79762
   3.37130        65       427         1        0.78274
   3.37817        54       385         1        0.79464
   3.38505        57       383         1        0.77976
   3.39193        64       421         1        0.76786
   3.39880        64       372         1        0.77083
   3.40568        64       393         1        0.74405
   3.41256        50       369         0        0.75595
   3.41943        52       389         0        0.76786
   3.42631        49       433         0        0.79464
   3.43319        61       375         0        0.77381
   3.44006        47       389         1        0.75893
   3.44694        56       408         0        0.78869
   3.45382        57       396         0        0.76786
   3.46069        63       424         0        0.76786
   3.46757        52       371         1        0.76786
   3.47445        60       384         0        0.75595
   3.48132        58       447         0        0.74702
   3.48161        60       424         0        0.75000
   3.48848        66       376         1        0.74405
   3.49536        64       391         1        0.76190
   3.50224        55       395         1        0.79762
   3.50911        58       384         0        0.79762
   3.51599        73       417         0        0.77381
   3.52287        60       346         0        0.76190
   3.52974        54       423         0        0.79167
   3.53662        60       392         0        0.74107
   3.54350        54       429         0        0.75893
   3.55037        63       397         0        0.75298
   3.55725        57       392         0        0.76190
   3.56413        72       393         0        0.77976
   3.57100        57       386         0        0.74702
   3.57788        42       364         1        0.75298
   3.58476        81       439         0        0.77679
   3.59163        77       426         0        0.73214
   3.59851        52       418         0        0.78571
   3.60539        58       386         0        0.75595
   3.61226        72       492         0        0.79167
   3.61914        59       401         0        0.75893
   3.62602        51       376         0        0.78571
   3.63289        82       449         0        0.79762
   3.63977        68       368         0        0.75298
   3.64665        48       361         0        0.74107
   3.65352        66       393         0        0.77381
   3.66040        57       397         0        0.77083
   3.66728        52       405         0        0.78571
   3.67415        66       404         0        0.77083
   3.68103        62       361         0        0.78571
   3.68791        47       376         0        0.75000
   3.69478        59       419         0        0.75893
   3.70166        66       373         0        0.76190
   3.70854        64       373         0        0.74702
   3.71541        65       412         0        0.77083
   3.72229        59       396         0        0.76190
   3.72917        48       383         0        0.75298
   3.73604        57       405         0        0.73512
   3.74292        63       374         0        0.75893
   3.74980        60       422         1        0.79464
   3.75667        40       391         0        0.74702
   3.76355        77       413         0        0.78869
   3.77043        41       422         1        0.73810
   3.77730        66       399         0        0.79762
   3.78418        44       364         0        0.77381
   3.79106        43       403         1        0.73214
   3.79793        67       355         0        0.75298
   3.80481        43       368         0        0.77083
   3.81169        64       389         0        0.77083
   3.81856        46       367         0        0.76488
   3.82544        48       400         0        0.75298
   3.83232        52       365         0        0.76786
   3.83919        58       377         0        0.70833
   3.84607        51       374         0        0.75000
   3.85295        73       372         0        0.75595
   3.85982        42       411         0        0.75893
   3.86063        40       396         0        0.74107
   3.86750        55       376         0        0.73214
   3.87438        54       402         0        0.75000
   3.88126        52       402         0        0.78869
   3.88813        55       380         0        0.79464
   3.89501        68       430         1        0.77381
   3.90189        68       399         0        0.79167
   3.90876        44       423         0        0.74405
   3.91564        48       395         0        0.76488
   3.92252        67       393         0        0.76190
   3.92939        45       362         1        0.69940
   3.93627        57       429         0        0.76190
   3.94315        48       439         0        0.73810
   3.95002        57       438         0        0.77083
   3.95690        63       381         0        0.75893
   3.96378        56       389         0        0.76190
   3.97065        81       363         0        0.78869
   3.97753        55       384         0        0.77083
   3.98441        43       369         0        0.75000
   3.99128        60       419         0        0.76488
   3.99816        51       420         0        0.75000
   4.00504        55       400         0        0.78274
   4.01191        56       385         0        0.74107
   4.01879        59       365         0        0.74107
   4.02567        48       397         0        0.73512
   4.03254        75       396         0        0.72321
   4.03942        68       400         0        0.74702
   4.04630        54       403         0        0.75000
   4.05317        70       370         0        0.77976
   4.06005        64       411         0        0.76190
   4.06693        62       424         0        0.77976
   4.07380        86       378         0        0.77679
   4.08068        57       412         0        0.75298
   4.08756        58       394         0        0.78571
   4.09444        56       398         0        0.76488
   4.10131        51       394         0        0.77083
   4.10819        52       394         0        0.73512
   4.11507        77       379         2        0.75893
   4.12194        69       404         0        0.75893
   4.12882        56       419         0        0.75595
   4.13570        58       374         0        0.75000
   4.14257        51       390         0        0.74107
   4.14945        55       382         0        0.71429
   4.15633        39       430         0        0.71726
   4.16320        50       378         0        0.76190
   4.17008        41       418         0        0.72024
   4.17696        71       390         0        0.74107
   4.18383        47       407         0        0.75000
   4.19071        78       389         0        0.77381
   4.19759        44       405         0        0.75893
   4.20446        52       390         0        0.73214
   4.21134        62       425         1        0.75000
   4.21822        66       382         1        0.76786
   4.22509        71       407         2        0.76488
   4.23197       106       372         1        0.75893
   4.23885        64       387         0        0.77083
   4.23925        63       388         0        0.76488
   4.24613        54       402         1        0.77679
   4.25301        53       371         0        0.72917
   4.25988        39       391         0        0.70833
   4.26676        51       384         0        0.73512
   4.27364        33       437         0        0.75000
   4.28052        49       413         0        0.78869
   4.28739        40       357         0        0.72024
   4.29427        52       399         0        0.74107
   4.30115        43       441         0        0.75298
   4.30802        50       385         0        0.71429
   4.31490        52       426         0        0.78869
   4.32178        50       404         0        0.74107
   4.32865        46       385         0        0.76786
   4.33553        53       371         0        0.72024
   4.34241        29       365         0        0.69345
   4.34928        49       388         0        0.71131
   4.35616        56       371         0        0.70833
   4.36304        51       386         0        0.72917
   4.36991        50       358         0        0.68750
   4.37679        41       404         0        0.68750
   4.38367        50       364         0        0.70238
   4.39054        82       405         0        0.74405
   4.39742        53       382         0        0.70238
   4.40430        46       371         0        0.69345
   4.41117        55       344         1        0.71429
   4.41805        63       359         0        0.73214
   4.42493        35       410         0        0.72917
   4.43180        45       345         0        0.72321
   4.43868        53       367         0        0.73810
   4.44556        43       362         0        0.73810
   4.45243        50       355         0        0.71429
   4.45931        40       394         0        0.74405
   4.46619        42       351         0        0.72917
   4.47306        69       361         0        0.72321
   4.47994        44       382         0        0.72917
   4.48682        45       379         0        0.72321
   4.49369        50       412         0        0.72619
   4.50057        37       379         0        0.72917
   4.50745        48       406         0        0.75000
   4.51432        46       399         0        0.76488
   4.52120        56       378         0        0.73810
   4.52808        55       368         0        0.73810
   4.53495        47       379         0        0.74702
   4.54183        68       366         0        0.73512
   4.54871        58       403         0        0.75000
   4.55558        56       369         1        0.75298
   4.56246        60       374         1        0.72917
   4.56934        54       378         1        0.73810
   4.57621        52       331         0        0.69048
   4.58309        48       337         0        0.69643
   4.58997        55       353         0        0.71726
   4.59684        77       374         0        0.75595
   4.60372        58       370         0        0.74107
   4.61060        55       334         0        0.74405
   4.61747        61       402         0        0.77083
   4.61847        68       417         0        0.76190
   4.62535        72       369         0        0.74405
   4.63222        85       369         0        0.76190
   4.63910        77       396         0        0.74107
   4.64598        58       375         0        0.74107
   4.65285        82       354         0        0.73810
   4.65973        57       344         0        0.75000
   4.66661        63       359         0        0.75000
   4.67348        88       381         0        0.75595
   4.68036        76       411         0        0.73512
   4.68724        69       362         0        0.77083
   4.69411        55       350         0        0.73214
   4.70099        71       357         0        0.73512
   4.70787        85       385         0        0.76190
   4.71474        59       367         0        0.74702
   4.72162        65       357         0        0.73214
   4.72850        76       365         0        0.73810
   4.73537        61       387         0        0.69643
   4.74225        58       356         0        0.74405
   4.74913        59       374         0        0.74702
   4.75601        80       352         0        0.75000
   4.76288        48       361         0        0.70536
   4.76976        46       342         0        0.66667
   4.77664        57       369         0        0.75595
   4.78351        79       371         0        0.73810
   4.79039        67       387         0        0.73810
   4.79727        65       390         1        0.76190
   4.80414        62       412         0        0.77679
   4.81102        66       376         0        0.78571
   4.81790        60       341         0        0.70833
   4.82477        61       358         0        0.78274
   4.83165        69       343         0        0.79464
   4.83853        96       364         0        0.76190
   4.84540        57       415         0        0.77381
   4.85228        60       345         0        0.74107
   4.85916        63       408         0        0.76488
   4.86603        53       382         0        0.72024
   4.87291        65       401         0        0.74702
   4.87979        69       372         0        0.76488
   4.88666        73       415         0        0.76190
   4.89354        60       387         0        0.75298
   4.90042        78       389         0        0.76488
   4.90729        54       392         0        0.72619
   4.91417        68       414         0        0.77381
   4.92105        55       387         0        0.74405
   4.92792        52       408         0        0.74107
   4.93480        51       361         0        0.72619
   4.94168        56       388         0        0.73810
   4.94855        68       392         0        0.75000
   4.95543        66       393         0        0.80060
   4.96231        47       400         0        0.73512
   4.96918        48       365         0        0.75298
   4.97606        56       359         0        0.75298
   4.98294        66       445         0        0.82738
   4.98981        52       379         0        0.76786
   4.99669        59       390         0        0.78274
   4.99722        53       377         0        0.75595
   5.00409        57       391         0        0.78571
   5.01097        60       395         0        0.80060
   5.01785        63       352         0        0.75893
   5.02472        85       377         0        0.74702
   5.03160        59       387         0        0.75893
   5.03848        56       417         0        0.79167
   5.04535        53       455         0        0.79464
   5.05223        51       389         0        0.78571
   5.05911        54       402         0        0.78274
   5.06598        69       386         0        0.76786
   5.07286        65       445         0        0.76786
   5.07974        71       364         0        0.77381
   5.08661        50       414         0        0.76190
   5.09349        48       381         0        0.78869
   5.10037        42       398         0        0.79167
   5.10724        47       388         0        0.76786
   5.11412        52       442         0        0.78869
   5.12100        60       390         0        0.79167
   5.12787        50       404         0        0.77083
   5.13475        60       371         0        0.78869
   5.14163        40       383         0        0.76786
   5.14850        45       401         0        0.74107
   5.15538        40       373         0        0.74702
   5.16226        52       418         0        0.80357
   5.16913        58       390         0        0.75893
   5.17601        53       384         0        0.78571
   5.18289        71       425         0        0.80060
   5.18976        68       371         0        0.77381
   5.19664        38       403         0        0.73810
   5.20352        50       406         0        0.79167
   5.21040        59       392         0        0.76786
   5.21727        48       420         0        0.76488
   5.22415        37       383         0        0.75000
   5.23103        71       369         0        0.74107
   5.23790        67       438         0        0.72917
   5.24478        57       393         0        0.71429
   5.25166        42       428         0        0.77679
   5.25853        44       397         0        0.69940
   5.26541        45       407         0        0.75000
   5.27229        43       386         0        0.77381
   5.27916        52       368         0        0.75000
   5.28604        39       410         0        0.73810
   5.29292        42       368         0        0.72024
   5.29979        51       357         0        0.74702
   5.30667        36       383         0        0.72619
   5.31355        62       357         0        0.75000
   5.32042        41       354         0        0.74405
   5.32730        42       381         0        0.73214
   5.33418        47       384         0        0.73214
   5.34105        62       359         0        0.73810
   5.34793        45       391         1        0.73810
   5.35481        33       384         0        0.72024
   5.36168        56       411         0        0.75595
   5.36856        48       364         0        0.71429
   5.37544        38       391         0        0.73512
   5.37578        38       392         0        0.73214
   5.38266        52       347         0        0.72024
   5.38954        43       396         0        0.74405
   5.39641        64       397         0        0.75000
   5.40329        48       391         0        0.73214
   5.41017        49       365         0        0.75000
   5.41704        47       377         0        0.70536
   5.42392        57       386         0        0.76488
   5.43080        46       375         0        0.72917
   5.43767        50       401         1        0.74702
   5.44455        51       399         0        0.74702
   5.45143        43       378         0        0.69940
   5.45831        42       398         0        0.69048
   5.46518        64       417         0        0.72024
   5.47206        34       353         0        0.77381
   5.47894        45       395         0        0.77381
   5.48581        51       388         0        0.75893
   5.49269        42       413         0        0.77381
   5.49957        56       381         0        0.79762
   5.50644        34       392         0        0.73512
   5.51332        34       396         0        0.77381
   5.52020        38       397         0        0.72917
   5.52707        36       381         0        0.72917
   5.53395        34       395         0        0.77976
   5.54083        28       404         0        0.76786
   5.54770        17       386         0        0.75298
   5.55458        40       357         0        0.75595
   5.56146        38       402         0        0.76786
   5.56833        35       399         0        0.72024
   5.57521        35       360         0        0.74702
   5.58209        37       403         0        0.77976
   5.58896        32       443         0        0.76488
   5.59584        34       372         0        0.79762
   5.60272        34       395         0        0.78274
   5.60959        26       431         0        0.80952
   5.61647        30       441         0        0.83631
   5.62335        28       404         0        0.78571
   5.63022        34       431         0        0.80357
   5.63710        31       400         0        0.78869
   5.64398        28       393         0        0.74405
   5.65085        36       426         0        0.80060
   5.65773        43       440         0        0.80060
   5.66461        23       437         0        0.79762
   5.67148        34       424         0        0.75000
   5.67836        24       393         0        0.77976
   5.68524        31       430         0        0.80060
   5.69211        40       466         0        0.78869
   5.69899        31       438         0        0.82738
   5.70587        32       413         0        0.78274
   5.71274        34       428         0        0.83929
   5.71962        35       415         0        0.79762
   5.72650        24       435         0        0.76488
   5.73337        50       467         0        0.77381
   5.74025        34       391         0        0.78571
   5.74713        28       393         0        0.74107
   5.75400        32       452         0        0.81548
   5.75475        27       450         0        0.78869
   5.76163        31       423         0        0.75298
   5.76850        42       431         0        0.79167
   5.77538        26       353         0        0.72619
   5.78226        31       431         0        0.77083
   5.78913        42       408         0        0.74702
   5.79601        34       449         0        0.79167
   5.80289        26       505         0        0.81845
   5.80976        33       446         0        0.83036
   5.81664        35       411         0        0.79167
   5.82352        40       425         0        0.78274
   5.83039        29       421         0        0.80357
   5.83727        37       412         0        0.78571
   5.84415        35       441         0        0.76488
   5.85102        27       421         0        0.76786
   5.85790        39       428         0        0.80952
   5.86478        35       415         0        0.75893
   5.87165        36       418         0        0.72619
   5.87853        31       400         0        0.77679
   5.88541        28       422         0        0.74107
   5.89228        40       362         0        0.73512
   5.89916        37       449         0        0.74107
   5.90604        39       424         0        0.81548
   5.91291        35       406         0        0.75893
   5.91979        33       405         0        0.79464
   5.92667        29       391         0        0.76190
   5.93354        29       403         0        0.77976
   5.94042        26       413         0        0.78274
   5.94730        32       389         0        0.75298
   5.95417        31       438         0        0.77381
   5.96105        40       426         0        0.77083
   5.96793        29       422         0        0.80952
   5.97480        23       427         0        0.73214
   5.98168        29       434         0        0.80060
   5.98856        35       406         0        0.78571
   5.99544        36       410         0        0.72917
   6.00231        37       427         0        0.75893
   6.00919        34       443         0        0.78571
   6.01607        37       422         0        0.80060
   6.02294        35       375         0        0.78274
   6.02982        35       447         0        0.80357
   6.03670        26       427         0        0.79464
   6.04357        28       392         0        0.76488
   6.05045        29       404         0        0.75298
   6.05733        32       417         0        0.73214
   6.06420        36       467         0        0.77679
   6.07108        34       445         0        0.82143
   6.07796        38       426         0        0.77976
   6.08483        31       393         0        0.77679
   6.09171        31       386         0        0.79167
   6.09859        36       428         0        0.82440
   6.10546        49       433         0        0.76786
   6.11234        33       373         0        0.78571
   6.11922        29       414         0        0.77381
   6.12609        35       439         0        0.78571
   6.13297        38       447         0        0.79464
   6.13420        31       397         0        0.77976
   6.14107        35       423         0        0.79167
   6.14795        29       445         0        0.78274
   6.15483        39       421         0        0.80655
   6.16170        32       398         0        0.75595
   6.16858        26       442         0        0.75000
   6.17546        55       468         0        0.77976
   6.18233        36       422         0        0.77976
   6.18921        38       454         0        0.76488
   6.19609        31       389         0        0.76190
   6.20296        34       393         0        0.76190
   6.20984        30       427         0        0.80952
   6.21672        34       388         0        0.81845
   6.22359        28       399         0        0.75893
   6.23047        29       431         0        0.77976
   6.23735        42       399         0        0.77381
   6.24422        40       428         0        0.78274
   6.25110        35       462         0        0.77976
   6.25798        29       400         0        0.77679
   6.26485        33       424         0        0.76786
   6.27173        33       403         0        0.75893
   6.27861        34       438         0        0.79167
   6.28549        28       453         0        0.79464
   6.29236        31       418         0        0.78571
   6.29924        28       405         0        0.77976
   6.30612        38       441         0        0.80060
   6.31299        27       406         0        0.76786
   6.31987        40       447         0        0.80952
   6.32675        36       425         0        0.77976
   6.33362        37       424         0        0.79464
   6.34050        31       420         0        0.76190
   6.34738        31       450         0        0.77083
   6.35425        25       431         0        0.77976
   6.36113        32       426         0        0.78571
   6.36801        45       458         0        0.79464
   6.37488        34       372         0        0.76786
   6.38176        35       443         0        0.77083
   6.38864        29       419         0        0.77083
   6.39551        35       429         0        0.75595
   6.40239        31       460         0        0.80655
   6.40927        30       419         0        0.75893
   6.41614        46       428         0        0.80952
   6.42302        32       409         0        0.78571
   6.42990        20       475         0        0.77976
   6.43677        29       438         0        0.77083
   6.44365        19       447         0        0.76190
   6.45053        29       420         0        0.78571
   6.45740        46       451         0        0.76786
   6.46428        51       436         0        0.78274
   6.47116        26       433         0        0.74702
   6.47803        44       446         1        0.78869
   6.48491        42       426         0        0.81250
   6.49179        33       422         0        0.78869
   6.49866        31       399         0        0.76190
   6.50554        37       426         0        0.77679
   6.51242        26       450         0        0.76190
   6.51365        38       399         0        0.79762
   6.52053        38       440         0        0.75000
   6.52740        44       426         0        0.74702
   6.53428        34       443         0        0.78571
   6.54116        50       424         0        0.78571
   6.54803        42       440         0        0.77381
   6.55491        32       463         0        0.77679
   6.56179        31       403         0        0.75595
   6.56866        29       389         0        0.75595
   6.57554        35       411         0        0.77083
   6.58242        36       443         0        0.78274
   6.58929        32       432         0        0.80060
   6.59617        44       424         0        0.80952
   6.60305        38       438         0        0.80357
   6.60992        26       458         0        0.80060
   6.61680        38       427         0        0.76190
   6.62368        34       388         0        0.75893
   6.63055        34       437         0        0.79464
   6.63743        35       406         0        0.78571
   6.64431        37       433         0        0.80952
   6.65118        34       442         0        0.78869
   6.65806        32       445         0        0.76190
   6.66494        27       387         0        0.78274
   6.67181        37       386         0        0.76488
   6.67869        39       427         0        0.78274
   6.68557        32       395         0        0.77679
   6.69244        37       463         0        0.76190
   6.69932        38       388         0        0.77976
   6.70620        31       445         0        0.81548
   6.71308        32       391         0        0.80060
   6.71995        37       414         0        0.76786
   6.72683        31       407         0        0.80060
   6.73371        38       407         0        0.77976
   6.74058        41       472         0        0.83036
   6.74746        38       443         0        0.80060
   6.75434        31       397         0        0.75000
   6.76121        32       412         0        0.73810
   6.76809        42       458         0        0.74702
   6.77497        36       415         0        0.76786
   6.78184        40       402         0        0.77679
   6.78872        50       457         0        0.79762
   6.79560        34       463         0        0.77976
   6.80247        23       435         0        0.80060
   6.80935        38       449         0        0.79762
   6.81623        29       392         0        0.75893
   6.82310        25       441         0        0.76786
   6.82998        28       398         0        0.77976
   6.83686        31       419         0        0.77083
   6.84373        38       459         0        0.83333
   6.85061        35       419         0        0.79762
   6.85749        47       471         3        0.79464
   6.86436        31       406         0        0.80952
   6.87124        28       437         0        0.76488
   6.87812        38       441         0        0.77679
   6.88499        36       436         0        0.76488
   6.89187        33       408         1        0.76786
   6.89315        23       384         0        0.77976
   6.90003        29       404         0        0.77976
   6.90691        31       419         0        0.81845
   6.91378        31       421         0        0.82738
   6.92066        51       448         0        0.79167
   6.92754        32       410         0        0.75000
   6.93441        42       399         0        0.76190
   6.94129        36       413         0        0.75595
   6.94817        40       433         0        0.72619
   6.95504        28       403         0        0.75893
   6.96192        31       385         0        0.77976
   6.96880        36       427         0        0.77679
   6.97567        35       451         0        0.78571
   6.98255        44       436         0        0.75893
   6.98943        37       445         0        0.77083
   6.99630        32       440         0        0.77679
   7.00318        38       436         0        0.80952
   7.01006        38       410         0        0.79167
   7.01693        31       410         0        0.79464
   7.02381        44       414         0        0.78571
   7.03069        29       452         0        0.79762
   7.03756        35       433         0        0.79167
   7.04444        31       433         0        0.80357
   7.05132        51       441         0        0.79464
   7.05820        43       451         0        0.80952
   7.06507        32       445         0        0.80060
   7.07195        31       383         0        0.80952
   7.07883        47       423         0        0.78869
   7.08570        28       424         0        0.77976
   7.09258        28       389         0        0.74107
   7.09946        24       408         0        0.72917
   7.10633        33       413         0        0.79167
   7.11321        37       417         0        0.80357
   7.12009        41       424         0        0.81548
   7.12696        29       446         0        0.78869
   7.13384        29       434         0        0.81548
   7.14072        36       419         0        0.79762
   7.14759        28       406         0        0.77679
   7.15447        32       430         0        0.77976
   7.16135        26       424         0        0.81548
   7.16822        46       422         4        0.79167
   7.17510        23       418         0        0.76190
   7.18198        28       448         0        0.78274
   7.18885        40       459         0        0.83333
   7.19573        26       427         0        0.74107
   7.20261        37       416         0        0.79167
   7.20948        29       484         0        0.81250
   7.21636        28       404         0        0.81250
   7.22324        27       386         0        0.77083
   7.23011        45       450         0        0.79167
   7.23699        36       420         0        0.74107
   7.24387        28       384         0        0.77381
   7.25074        29       421         0        0.79464
   7.25762        26       417         0        0.79464
   7.26450        55       410         0        0.81250
   7.27137        44       438         0        0.79762
   7.27251        28       473         0        0.80952
   7.27939        28       423         1        0.77381
   7.28627        38       473         0        0.80952
   7.29314        28       439         0        0.79167
   7.30002        44       465         0        0.78869
   7.30690        56       500         0        0.79464
   7.31377        37       487         0        0.82143
   7.32065        28       419         0        0.78869
   7.32753        42       465         0        0.79464
   7.33440        31       474         0        0.78274
   7.34128        24       483         0        0.80655
   7.34816        26       413         0        0.76190
   7.35503        28       421         0        0.79464
   7.36191        28       470         0        0.80655
   7.36879        32       453         0        0.79464
   7.37566        39       458         0        0.82143
   7.38254        25       459         0        0.77679
   7.38942        37       477         0        0.80060
   7.39629        25       445         0        0.81845
   7.40317        34       448         0        0.78869
   7.41005        38       498         0        0.80357
   7.41692        34       493         0        0.80952
   7.42380        26       411         0        0.79464
   7.43068        29       477         0        0.81845
   7.43755        38       481         0        0.81845
   7.44443        39       457         0        0.77976
   7.45131        42       470         0        0.80357
   7.45819        46       445         0        0.77381
   7.46506        23       443         0        0.75893
   7.47194        31       428         0        0.81548
   7.47882        28       388         0        0.80952
   7.48569        36       422         0        0.82143
   7.49257        27       451         0        0.78274
   7.49945        27       433         0        0.73214
   7.50632        40       493         0        0.79762
   7.51320        42       446         0        0.81845
   7.52008        37       401         0        0.76786
   7.52695        45       475         0        0.82738
   7.53383        40       402         0        0.80357
   7.54071        40       432         0        0.75298
   7.54758        31       399         0        0.80060
   7.55446        48       405         0        0.74702
   7.56134        36       422         0        0.80357
   7.56821        44       467         0        0.83036
   7.57509        28       444         0        0.79167
   7.58197        34       463         0        0.78869
   7.58884        31       376         0        0.77083
   7.59572        23       480         0        0.77679
   7.60260        29       466         0        0.80952
   7.60947        44       482         0        0.80060
   7.61635        26       449         0        0.81845
   7.62323        36       461         0        0.84226
   7.63010        35       475         0        0.84226
   7.63698        31       428         0        0.80952
   7.64386        29       458         0        0.81845
   7.65073        28       428         0        0.80655
   7.65188        28       503         0        0.82440
   7.65876        37       483         0        0.78869
   7.66563        40       463         0        0.80357
   7.67251        27       470         0        0.81548
   7.67939        32       440         0        0.80357
   7.68626        29       444         0        0.80060
   7.69314        34       441         0        0.77679
   7.70002        42       493         0        0.83036
   7.70689        37       453         0        0.79167
   7.71377        37       475         0        0.79762
   7.72065        24       435         0        0.80060
   7.72752        32       466         0        0.79762
   7.73440        26       454         0        0.78571
   7.74128        28       437         0        0.84226
   7.74815        31       430         0        0.81548
   7.75503        31       489         0        0.81845
   7.76191        31       469         0        0.81845
   7.76878        28       454         0        0.78869
   7.77566        31       466         0        0.81250
   7.78254        30       434         0        0.79167
   7.78941        38       455         0        0.80952
   7.79629        26       412         0        0.77083
   7.80317        32       458         0        0.81250
   7.81004        25       433         0        0.79167
   7.81692        31       430         0        0.79167
   7.82380        31       469         0        0.81548
   7.83067        31       456         0        0.83036
   7.83755        31       493         0        0.82440
   7.84443        29       445         0        0.81845
   7.85130        34       482         0        0.79762
   7.85818        27       454         0        0.82440
   7.86506        31       455         0        0.81845
   7.87193        28       461         0        0.78869
   7.87881        31       484         0        0.83036
   7.88569        31       431         0        0.81548
   7.89256        52       454         0        0.80952
   7.89944        36       465         0        0.83036
   7.90632        44       490         0        0.83036
   7.91319        29       479         0        0.78869
   7.92007        34       495         0        0.80060
   7.92695        32       442         0        0.78869
   7.93382        29       438         0        0.77679
   7.94070        33       489         0        0.80952
   7.94758        30       446         0        0.82440
   7.95445        31       405         0        0.81250
   7.96133        37       462         0        0.80952
   7.96821        37       438         0        0.84226
   7.97508        55       462         0        0.80952
   7.98196        42       447         0        0.79167
   7.98884        36       428         0        0.83333
   7.99571        30       449         0        0.79464
   8.00259        34       484         0        0.78571
   8.00947        32       495         0        0.82738
   8.01634        31       473         0        0.79762
   8.02322        38       481         0        0.82440
   8.03010        34       503         0        0.79167
   8.03151        28       433         0        0.79464
   8.03839        31       458         0        0.78869
   8.04526        38       516         0        0.82738
   8.05214        34       486         0        0.80060
   8.05902        27       450         0        0.78571
   8.06589        25       477         0        0.78869
   8.07277        26       429         0        0.81548
   8.07965        38       487         0        0.78571
   8.08652        26       443         0        0.82143
   8.09340        37       482         0        0.77679
   8.10028        36       458         0        0.82143
   8.10715        37       461         0        0.80357
   8.11403        28       437         0        0.81250
   8.12091        26       429         0        0.79167
   8.12778        32       488         0        0.79167
   8.13466        28       462         0        0.81845
   8.14154        31       440         0        0.82440
   8.14841        29       407         0        0.76488
   8.15529        38       434         0        0.78869
   8.16217        35       438         0        0.80655
   8.16904        34       438         0        0.77381
   8.17592        26       411         0        0.77976
   8.18280        34       426         0        0.82143
   8.18967        43       485         0        0.79167
   8.19655        39       477         0        0.82440
   8.20343        38       433         0        0.78274
   8.21030        33       421         0        0.77976
   8.21718        31       460         0        0.79762
   8.22406        48       477         0        0.82440
   8.23093        38       407         0        0.76786
   8.23781        25       470         0        0.80357
   8.24469        33       448         0        0.83333
   8.25156        25       456         0        0.79762
   8.25844        45       464         0        0.78274
   8.26532        31       419         0        0.80655
   8.27219        32       426         0        0.77381
   8.27907        28       473         0        0.81250
   8.28595        26       441         0        0.78869
   8.29282        33       410         0        0.77679
   8.29970        28       502         0        0.83036
   8.30658        27       425         0        0.81250
   8.31345        40       473         0        0.80655
   8.32033        38       463         0        0.81845
   8.32721        34       448         0        0.83333
   8.33408        28       439         0        0.79762
   8.34096        40       462         0        0.80952
   8.34784        31       455         0        0.78869
   8.35471        37       428         0        0.83929
   8.36159        33       429         0        0.82440
   8.36847        41       461         0        0.80655
   8.37534        32       508         0        0.85119
   8.38222        38       491         0        0.84226
   8.38910        29       456         0        0.81548
   8.39597        25       480         0        0.82738
   8.40285        31       477         0        0.84821
   8.40973        38       482         0        0.83929
   8.41130        33       458         0        0.83333
   8.41818        31       481         0        0.83036
   8.42505        29       501         0        0.83631
   8.43193        38       505         0        0.82143
   8.43881        31       446         0        0.83333
   8.44568        31       484         0        0.83333
   8.45256        31       439         0        0.84524
   8.45944        28       500         0        0.81845
   8.46631        38       487         0        0.84821
   8.47319        31       479         0        0.83036
   8.48007        32       461         0        0.83631
   8.48694        31       480         0        0.87500
   8.49382        28       488         0        0.84226
   8.50070        34       467         0        0.81250
   8.50757        28       414         0        0.81548
   8.51445        40       470         0        0.81845
   8.52133        31       463         0        0.83631
   8.52820        34       458         0        0.82143
   8.53508        38       471         0        0.82440
   8.54196        34       489         0        0.81845
   8.54883        31       444         0        0.82143
   8.55571        30       479         0        0.82143
   8.56259        28       474         0        0.82738
   8.56947        31       537         0        0.85417
   8.57634        43       547         0        0.83631
   8.58322        55       490         0        0.79464
   8.59010        32       445         0        0.79762
   8.59697        29       452         0        0.84524
   8.60385        34       493         0        0.81250
   8.61073        32       482         0        0.83929
   8.61760        29       493         0        0.84524
   8.62448        46       510         0        0.83929
   8.63136        31       466         0        0.82440
   8.63823        45       496         0        0.84524
   8.64511        36       424         0        0.78869
   8.65199        37       507         0        0.83333
   8.65886        45       512         0        0.82738
   8.66574        37       486         0        0.84226
   8.67262        34       480         0        0.83631
   8.67949        28       515         0        0.83333
   8.68637        28       450         0        0.82143
   8.69325        29       487         0        0.84821
   8.70012        31       503         0        0.83333
   8.70700        38       516         0        0.85119
   8.71388        36       502         0        0.86012
   8.72075        37       497         0        0.84524
   8.72763        26       461         0        0.82738
   8.73451        28       436         0        0.82738
   8.74138        29       459         0        0.84226
   8.74826        33       421         0        0.81548
   8.75514        31       481         0        0.86012
   8.76201        29       435         0        0.83929
   8.76889        45       478         0        0.83036
   8.77577        31       477         0        0.83929
   8.78264        31       462         0        0.81845
   8.78952        26       461         0        0.83333
   8.79124        25       423         0        0.82440
   8.79812        42       455         0        0.84524
   8.80500        38       492         0        0.82143
   8.81187        34       481         0        0.82440
   8.81875        30       479         0        0.83036
   8.82563        38       457         0        0.83631
   8.83250        28       478         0        0.84524
   8.83938        28       483         0        0.82738
   8.84626        31       505         0        0.83333
   8.85313        38       466         0        0.83333
   8.86001        36       520         0        0.80952
   8.86689        38       466         0        0.82738
   8.87376        31       485         0        0.83333
   8.88064        33       488         0        0.81845
   8.88752        33       443         0        0.79464
   8.89439        34       494         0        0.84821
   8.90127        40       498         0        0.84226
   8.90815        45       505         0        0.83333
   8.91502        32       455         0        0.83929
   8.92190        29       482         0        0.82738
   8.92878        28       496         0        0.78274
   8.93565        32       491         0        0.78571
   8.94253        29       457         0        0.83333
   8.94941        28       458         0        0.83036
   8.95629        31       520         0        0.86310
   8.96316        38       495         0        0.83631
   8.97004        31       474         0        0.83333
   8.97692        38       484         0        0.86310
   8.98379        28       463         0        0.83036
   8.99067        38       459         0        0.83631
   8.99755        29       441         0        0.86012
   9.00442        34       511         0        0.84524
   9.01130        29       529         0        0.84226
   9.01818        38       508         0        0.84524
   9.02505        40       487         0        0.81250
   9.03193        38       476         0        0.83631
   9.03881        28       426         0        0.79464
   9.04568        32       461         0        0.81548
   9.05256        31       446         0        0.81845
   9.05944        31       472         0        0.82738
   9.06631        32       463         0        0.82738
   9.07319        36       514         0        0.83333
   9.08007        52       556         0        0.83631
   9.08694        22       460         0        0.83631
   9.09382        42       471         0        0.83929
   9.10070        31       488         0        0.84821
   9.10757        28       439         0        0.79762
   9.11445        30       491         0        0.82440
   9.12133        28       429         0        0.80060
   9.12820        28       441         0        0.79167
   9.13508        28       435         0        0.81845
   9.14196        31       482         0        0.81548
   9.14883        45       517         0        0.80357
   9.15571        28       473         0        0.84226
   9.16259        25       494         0        0.83929
   9.16946        28       439         0        0.80655
   9.17158        28       482         0        0.85417
   9.17845        34       437         0        0.80952
   9.18533        31       514         0        0.85417
   9.19221        34       481         0        0.82440
   9.19908        28       475         0        0.85119
   9.20596        36       454         0        0.82143
   9.21284        34       502         0        0.81548
   9.21971        26       460         0        0.80952
   9.22659        36       457         0        0.84226
   9.23347        29       455         0        0.82738
   9.24034        34       454         0        0.81250
   9.24722        32       485         0        0.84821
   9.25410        41       524         0        0.87500
   9.26097        28       431         0        0.82738
   9.26785        36       478         0        0.85417
   9.27473        31       442         0        0.83333
   9.28160        26       495         0        0.81548
   9.28848        24       442         0        0.85417
   9.29536        38       493         0        0.81250
   9.30223        31       450         0        0.82440
   9.30911        37       532         0        0.84524
   9.31599        28       462         0        0.79464
   9.32286        28       432         0        0.86012
   9.32974        38       456         0        0.84524
   9.33662        29       486         0        0.83036
   9.34349        29       445         0        0.79167
   9.35037        35       473         0        0.85119
   9.35725        29       489         0        0.82440
   9.36412        28       500         0        0.83036
   9.37100        38       483         0        0.81845
   9.37788        28       492         0        0.83036
   9.38475        31       451         0        0.81845
   9.39163        26       451         0        0.80357
   9.39851        42       505         0        0.82440
   9.40538        27       469         0        0.83929
   9.41226        23       453         0        0.82440
   9.41914        34       477         0        0.79762
   9.42601        32       452         0        0.83333
   9.43289        31       471         0        0.84821
   9.43977        31       439         0        0.83929
   9.44664        26       505         0        0.83631
   9.45352        32       438         0        0.79167
   9.46040        38       445         0        0.85119
   9.46727        31       453         0        0.83631
   9.47415        28       445         0        0.82738
   9.48103        41       464         0        0.81845
   9.48790        31       465         0        0.82440
   9.49478        28       473         0        0.85119
   9.50166        30       489         0        0.84524
   9.50853        31       487         0        0.83333
   9.51541        36       481         0        0.81845
   9.52229        31       502         0        0.84821
   9.52916        30       465         0        0.83929
   9.53604        49       519         0        0.83333
   9.54292        32       546         0        0.80655
   9.54979        43       469         0        0.80655
   9.55185        30       463         0        0.83333
