   0.00586         0         0         0        0.00000
   0.01201         0         0         0        0.00000
   0.01826         0         0         0        0.00000
   0.01855         0         0         0        0.00000
   0.02490         0         0         0        0.00000
   0.02556         0         0         0        0.00000
   0.03203         0         0         0        0.00000
   0.03312         0         0         0        0.00000
   0.03965         0         0         0        0.00000
   0.04485         0         0         0        0.00000
   0.05145         0         0         0        0.00000
   0.05702         0         0         0        0.00000
   0.06368         0         0         0        0.00000
   0.07035         4         0         0        0.00595
   0.07390         0         0         0        0.01190
   0.08065         4         0         0        0.00595
   0.08739         0         0         0        0.00000
   0.09414         0         0         0        0.00000
   0.09588         0         0         0        0.00000
   0.10278        16        10         2        0.05357
   0.10969         0        16         0        0.08929
   0.11659        38         0         0        0.13988
   0.12350        36        12         1        0.09524
   0.13040        24        36         0        0.19048
   0.13731        20        17         0        0.11905
   0.14421         7        21         0        0.12500
   0.15112        46        41         6        0.20833
   0.15803        30        23         4        0.13393
   0.16493        29        29         0        0.13393
   0.17184        50        67         2        0.26786
   0.17874        17        53         0        0.15179
   0.18565        17        60         0        0.18155
   0.19255        18        72         0        0.24107
   0.19946        15       104         0        0.23512
   0.20636        25       110         0        0.27083
   0.21327        14       137         0        0.33631
   0.22017        24       130         3        0.33333
   0.22708         0       134         0        0.31250
   0.23398        28       127         0        0.30952
   0.24089        10       133         0        0.30952
   0.24780        28       131         1        0.36012
   0.25470         3       155         0        0.34226
   0.26161        13       122         0        0.28869
   0.26851        14       169         0        0.28869
   0.27542        23       135         0        0.33036
   0.28232        27       127         0        0.33929
   0.28923        20       118         0        0.28571
   0.29613        10       143         0        0.30952
   0.30304         8       149         0        0.33333
   0.30994        48       157         0        0.38988
   0.31685        26       182         0        0.37798
   0.32375        18       170         1        0.36012
   0.33066        20       150         0        0.33333
   0.33757        17       153         0        0.36310
   0.34447        32       166         0        0.31845
   0.35138        23       196         0        0.36310
   0.35828         9       168         0        0.31845
   0.36519        24       157         0        0.35714
   0.37209         9       187         0        0.37500
   0.37900        41       165         1        0.37798
   0.38590        33       152         1        0.38690
   0.39281        35       176         0        0.38393
   0.39971        30       175         0        0.39881
   0.40662        29       238         0        0.46726
   0.41352        47       147         0        0.33333
   0.42043        37       144         0        0.33036
   0.42734        28       139         0        0.34226
   0.43424        56       188         0        0.41071
   0.44115        42       205         0        0.43750
   0.44805        28       181         0        0.44940
   0.45496        34       188         0        0.42262
   0.46186        42       209         1        0.44048
   0.46877        35       181         0        0.38690
   0.47406        33       171         0        0.39286
   0.48097        47       177         0        0.37798
   0.48787        54       173         0        0.38393
   0.49478        34       166         0        0.46131
   0.50168        35       159         0        0.41667
   0.50859        45       223         0        0.44345
   0.51550        37       260         0        0.49405
   0.52240        42       199         0        0.49405
   0.52931        54       219         3        0.49107
   0.53621        47       225         0        0.50595
   0.54312        91       175         1        0.47917
   0.55002        48       191         0        0.45238
   0.55693        45       185         0        0.41964
   0.56383        54       210         0        0.42262
   0.57074        60       177         0        0.42262
   0.57764        87       205         0        0.43155
   0.58455        78       185         1        0.41964
   0.59145        66       219         1        0.45833
   0.59836        64       207         1        0.44048
   0.60527        78       188         0        0.47321
   0.61217        67       237         0        0.44940
   0.61908        47       200         0        0.45536
   0.62598        45       236         0        0.47321
   0.63289        54       279         0        0.52976
   0.63979        48       288         0        0.52083
   0.64670        81       216         0        0.54167
   0.65360        78       234         0        0.50595
   0.66051        85       246         0        0.55357
   0.66741        70       238         0        0.55655
   0.67432        65       307         2        0.57738
   0.68122        73       256         0        0.52976
   0.68813        89       213         0        0.51190
   0.69504        86       213         0        0.52381
   0.70194       100       222         0        0.50595
   0.70885        64       264         0        0.51190
   0.71575        35       254         0        0.50595
   0.72266        84       229         1        0.49702
   0.72956        63       227         1        0.52083
   0.73647        61       276         0        0.54762
   0.74337        67       192         0        0.46726
   0.75028        87       262         0        0.54167
   0.75718        66       205         0        0.44940
   0.76409        40       199         0        0.41071
   0.77099        52       244         0        0.49405
   0.77790        59       237         0        0.45536
   0.78481        47       278         0        0.46131
   0.79171        50       236         0        0.46131
   0.79862        35       280         0        0.50595
   0.80552        35       245         0        0.44643
   0.81243        43       276         0        0.54167
   0.81933        43       305         2        0.54762
   0.82624        32       291         0        0.49405
   0.83314        18       295         0        0.51786
   0.84005        26       257         0        0.50893
   0.84695        41       247         0        0.50298
   0.85159        18       265         0        0.53869
   0.85849        36       261         0        0.49107
   0.86540        30       278         0        0.52381
   0.87231        16       290         0        0.49107
   0.87921        35       291         0        0.56250
   0.88612        27       285         0        0.55952
   0.89302        28       317         0        0.57143
   0.89993        54       327         0        0.57143
   0.90683        58       310         0        0.58036
   0.91374        45       322         0        0.59821
   0.92064        44       290         0        0.54762
   0.92755        39       347         0        0.58333
   0.93445        45       327         0        0.61012
   0.94136        46       376         0        0.58631
   0.94826        45       327         0        0.54762
   0.95517        50       365         0        0.60714
   0.96208        59       356         0        0.57143
   0.96898       104       362         3        0.62798
   0.97589        68       322         0        0.59226
   0.98279        61       349         0        0.56250
   0.98970        85       306         0        0.60417
   0.99660        68       329         0        0.62798
   1.00351        59       392         0        0.58036
   1.01041        52       334         0        0.53274
   1.01732        49       316         0        0.53869
   1.02422        57       336         0        0.55357
   1.03113        28       398         0        0.57738
   1.03803        38       377         0        0.58036
   1.04494        38       345         0        0.53571
   1.05185        62       332         0        0.54167
   1.05875        69       411         0        0.55952
   1.06566        55       396         0        0.57143
   1.07256        37       343         0        0.49702
   1.07947        71       382         0        0.57143
   1.08637        35       327         0        0.53274
   1.09328        60       360         0        0.55655
   1.10018        35       455         0        0.58929
   1.10709        30       417         0        0.57143
   1.11399        40       404         0        0.56250
   1.12090        36       363         0        0.55655
   1.12780        52       394         0        0.59524
   1.13471        52       318         0        0.61012
   1.14162        39       372         0        0.58036
   1.14852        53       381         0        0.62500
   1.15543        31       365         0        0.58929
   1.16233        54       367         0        0.55952
   1.16924        34       414         0        0.57440
   1.17614        57       411         0        0.60417
   1.18305        46       486         0        0.65179
   1.18995        45       415         0        0.64583
   1.19686        31       418         0        0.58333
   1.20376        41       341         0        0.56845
   1.21067        55       350         0        0.57738
   1.21757        45       323         0        0.56250
   1.22448        65       394         1        0.61607
   1.22827        39       327         0        0.55952
   1.23518        64       328         1        0.63393
   1.24208        46       389         0        0.58333
   1.24899        21       409         0        0.56845
   1.25589        35       355         0        0.58929
   1.26280        33       342         0        0.54464
   1.26970        54       381         0        0.57440
   1.27661        51       408         0        0.63393
   1.28352        33       372         0        0.54762
   1.29042        15       365         0        0.55060
   1.29733        67       392         2        0.59226
   1.30423        54       410         2        0.59821
   1.31114        33       368         0        0.57143
   1.31804        61       382         0        0.56845
   1.32495        65       366         0        0.59524
   1.33185        60       354         0        0.56845
   1.33876        72       342         0        0.54167
   1.34566        80       419         0        0.58929
   1.35257       113       371         0        0.60417
   1.35947        74       303         0        0.53571
   1.36638        91       407         0        0.63393
   1.37329        53       392         0        0.59524
   1.38019        68       389         0        0.61012
   1.38710        51       391         0        0.60119
   1.39400        70       381         0        0.60714
   1.40091        32       425         0        0.61310
   1.40781        37       389         0        0.58036
   1.41472        59       369         0        0.62500
   1.42162        54       471         0        0.61905
   1.42853        66       392         0        0.61012
   1.43543        56       408         0        0.63690
   1.44234        58       409         0        0.64583
   1.44924        59       429         0        0.62798
   1.45615        67       372         0        0.59226
   1.46306        63       441         0        0.59524
   1.46996        62       419         0        0.61310
   1.47687        45       422         0        0.63988
   1.48377        63       344         4        0.63393
   1.49068        48       399         0        0.58929
   1.49758        85       364         0        0.60714
   1.50449        63       330         0        0.54167
   1.51139        16       358         0        0.54464
   1.51830        60       344         0        0.57440
   1.52520        80       349         1        0.59821
   1.53211        48       380         0        0.58631
   1.53901        65       387         0        0.62500
   1.54592        60       379         0        0.63690
   1.55282        75       425         0        0.63988
   1.55973        62       376         0        0.61310
   1.56664        55       417         0        0.64286
   1.57354        51       406         0        0.62202
   1.58045        51       380         0        0.62202
   1.58735        48       392         0        0.60417
   1.59426        44       361         0        0.60119
   1.60116        58       401         0        0.61012
   1.60489        50       395         0        0.62202
   1.61180        59       407         0        0.61012
   1.61871        46       391         0        0.59226
   1.62561        36       365         0        0.57738
   1.63252        38       406         0        0.64583
   1.63942        46       384         0        0.61310
   1.64633        32       445         0        0.63988
   1.65323        21       469         0        0.67857
   1.66014        19       390         0        0.60714
   1.66704        16       370         0        0.60417
   1.67395        21       376         0        0.57440
   1.68085        28       373         0        0.61012
   1.68776        29       416         0        0.62202
   1.69466        48       422         0        0.62500
   1.70157        31       360         0        0.59524
   1.70848        61       402         0        0.61905
   1.71538        45       350         0        0.57738
   1.72229        35       419         0        0.62500
   1.72919        38       353         0        0.57143
   1.73610        43       375         0        0.60714
   1.74300        42       390         0        0.61012
   1.74991        27       361         0        0.57738
   1.75681        79       425         0        0.61310
   1.76372        49       408         0        0.62202
   1.77062        41       368         0        0.51786
   1.77753        37       397         0        0.56845
   1.78443        48       406         0        0.63095
   1.79134        55       425         0        0.61310
   1.79825        53       328         0        0.58333
   1.80515        35       403         0        0.63095
   1.81206        45       400         0        0.62202
   1.81896        41       375         0        0.58631
   1.82587        54       415         0        0.65179
   1.83277        34       440         0        0.65774
   1.83968        43       369         0        0.59821
   1.84658        32       311         0        0.60119
   1.85349        25       399         0        0.63690
   1.86039        45       379         0        0.58333
   1.86730        58       417         0        0.66071
   1.87420        58       444         0        0.64286
   1.88111        34       398         0        0.64583
   1.88802        65       325         0        0.62798
   1.89492        39       463         0        0.66071
   1.90183        34       393         0        0.66667
   1.90873        37       388         0        0.63690
   1.91564        53       359         0        0.60417
   1.92254        35       351         0        0.60714
   1.92945        41       393         0        0.68750
   1.93635        54       383         1        0.61607
   1.94326        29       374         0        0.63988
   1.95016        39       343         0        0.62202
   1.95707        41       400         0        0.61012
   1.96397        26       388         0        0.58036
   1.97088        28       387         0        0.61012
   1.97779        22       350         0        0.52381
   1.98192         9       383         0        0.54762
   1.98883        24       463         0        0.60417
   1.99573        36       482         0        0.63988
   2.00264        38       442         0        0.62202
   2.00954        37       410         0        0.62202
   2.01645        82       442         0        0.66071
   2.02335        54       393         0        0.60417
   2.03026        37       406         0        0.60714
   2.03716        49       417         0        0.63690
   2.04407        57       384         0        0.63690
   2.05098        40       432         0        0.64881
   2.05788        46       461         0        0.65476
   2.06479        41       457         0        0.65476
   2.07169        31       394         0        0.62798
   2.07860        33       429         0        0.62500
   2.08550        48       473         0        0.62798
   2.09241        14       457         0        0.59524
   2.09931        18       437         0        0.64583
   2.10622        20       476         0        0.65179
   2.11312        14       449         0        0.62202
   2.12003        27       436         0        0.61905
   2.12693        35       409         0        0.62798
   2.13384        23       469         0        0.62202
   2.14075        41       470         0        0.65476
   2.14765        41       423         0        0.62500
   2.15456        38       454         0        0.61310
   2.16146        39       466         0        0.61012
   2.16837        43       458         0        0.61310
   2.17527        47       446         1        0.59226
   2.18218        48       421         0        0.61905
   2.18908        38       383         0        0.60417
   2.19599        29       359         0        0.60119
   2.20289        29       444         0        0.59821
   2.20980        24       415         0        0.55060
   2.21670        40       386         0        0.59226
   2.22361        23       330         0        0.50000
   2.23051        51       386         0        0.52679
   2.23742        17       444         0        0.54762
   2.24433        27       441         0        0.61012
   2.25123        50       446         0        0.60714
   2.25814        30       409         0        0.58631
   2.26504        11       440         0        0.55952
   2.27195        49       440         0        0.57143
   2.27885        31       430         1        0.56548
   2.28576        58       440         0        0.59821
   2.29266        55       446         0        0.65476
   2.29957        29       460         0        0.56250
   2.30647         8       442         0        0.55357
   2.31338        34       473         0        0.62500
   2.32028        89       491         0        0.64286
   2.32719        60       406         0        0.54167
   2.33410        21       392         0        0.54167
   2.34100        27       456         0        0.58631
   2.34791        15       447         0        0.61607
   2.35481        10       364         0        0.53274
   2.35812        19       464         0        0.58631
   2.36503        10       437         0        0.57738
   2.37193        37       451         0        0.58929
   2.37884         7       488         0        0.56845
   2.38574        16       508         0        0.57143
   2.39265        38       398         0        0.56250
   2.39955        19       416         0        0.55655
   2.40646        21       414         0        0.56548
   2.41336        16       376         0        0.51190
   2.42027        12       443         0        0.57440
   2.42718        28       400         1        0.55952
   2.43408        61       469         0        0.63988
   2.44099        29       538         0        0.61905
   2.44789        35       509         0        0.63095
   2.45480        10       440         0        0.55357
   2.46170        24       471         0        0.56845
   2.46861        15       465         0        0.57738
   2.47551        19       419         0        0.53571
   2.48242        20       408         0        0.53869
   2.48932        16       402         0        0.55655
   2.49623        13       427         0        0.53869
   2.50313        17       407         0        0.52976
   2.51004        38       428         3        0.59821
   2.51695        16       420         0        0.61607
   2.52385        10       433         0        0.56845
   2.53076         9       495         0        0.58036
   2.53766        35       376         0        0.58333
   2.54457        45       396         1        0.58333
   2.55147        40       417         0        0.58929
   2.55838        31       399         0        0.52381
   2.56528        24       456         0        0.58333
   2.57219        18       395         0        0.58929
   2.57909        14       399         0        0.58036
   2.58600        44       462         0        0.62798
   2.59290        20       408         0        0.56548
   2.59981        15       410         0        0.58631
   2.60672        23       382         0        0.53274
   2.61362        17       407         0        0.59821
   2.62053        28       408         1        0.54464
   2.62743        21       422         0        0.55357
   2.63434        11       432         0        0.58036
   2.64124        27       405         0        0.56845
   2.64815        29       407         0        0.62202
   2.65505        26       408         0        0.59524
   2.66196        21       423         0        0.59821
   2.66886        20       462         0        0.68750
   2.67577        23       414         0        0.59821
   2.68267        31       436         0        0.64583
   2.68958        22       464         0        0.62500
   2.69649        30       416         0        0.63988
   2.70339        35       392         0        0.61905
   2.71030        37       377         0        0.57143
   2.71720        61       404         0        0.58631
   2.72411        50       390         1        0.60714
   2.73101        55       388         0        0.60119
   2.73391        62       408         0        0.58333
   2.74082        59       375         0        0.58929
   2.74772        40       324         0        0.52083
   2.75463        39       356         0        0.50000
   2.76153        25       366         0        0.55060
   2.76844        30       411         0        0.58333
   2.77534        42       399         0        0.57738
   2.78225        38       351         0        0.56548
   2.78915        45       351         0        0.53571
   2.79606        50       355         0        0.58631
   2.80296        31       422         0        0.58333
   2.80987        41       391         0        0.62202
   2.81677        51       365         1        0.55952
   2.82368        32       389         0        0.62500
   2.83058        42       441         0        0.60119
   2.83749        48       402         0        0.59226
   2.84440        41       357         0        0.57143
   2.85130        29       427         0        0.61905
   2.85821        39       440         0        0.58333
   2.86511        46       463         0        0.66964
   2.87202        43       395         0        0.60417
   2.87892        37       419         0        0.55952
   2.88583        28       394         0        0.56548
   2.89273        31       399         0        0.59524
   2.89964        38       379         0        0.59524
   2.90654        42       379         0        0.55357
   2.91345        53       400         0        0.59226
   2.92036        22       343         0        0.53571
   2.92726        27       409         0        0.58929
   2.93417        37       408         0        0.58631
   2.94107        31       410         0        0.57738
   2.94798        53       366         0        0.59821
   2.95488        27       407         0        0.60417
   2.96179        37       373         0        0.62500
   2.96869        40       390         0        0.55952
   2.97560        43       333         0        0.55060
   2.98250        49       309         0        0.55952
   2.98941        27       392         0        0.61012
   2.99631        37       450         0        0.64583
   3.00322        42       400         0        0.60714
   3.01012        47       369         0        0.57143
   3.01703        41       324         0        0.59524
   3.02394        30       384         0        0.59524
   3.03084        32       366         0        0.55357
   3.03775        41       320         0        0.55952
   3.04465        37       401         0        0.59226
   3.05156        38       377         0        0.61905
   3.05846        48       359         0        0.55952
   3.06537        43       395         1        0.55060
   3.07227        45       374         0        0.62798
   3.07918        16       354         0        0.51488
   3.08608        21       374         0        0.53274
   3.09299        22       361         0        0.55060
   3.09989        20       381         0        0.57738
   3.10680        31       351         0        0.58631
   3.11033        45       383         0        0.57440
   3.11724        33       410         0        0.57440
   3.12414        24       376         0        0.56250
   3.13105        27       374         0        0.57738
   3.13795        30       362         0        0.55952
   3.14486        23       436         0        0.59821
   3.15176        33       400         0        0.60119
   3.15867        34       454         0        0.64286
   3.16557        32       398         0        0.55952
   3.17248        55       362         0        0.58333
   3.17939        26       346         0        0.56845
   3.18629        52       374         0        0.58631
   3.19320        34       442         0        0.57143
   3.20010        26       407         0        0.58631
   3.20701        24       454         0        0.59524
   3.21391        14       389         0        0.58929
   3.22082        27       462         0        0.60714
   3.22772        38       469         0        0.64583
   3.23463        47       422         0        0.66369
   3.24153        50       435         0        0.64583
   3.24844        48       453         0        0.64583
   3.25534        36       430         0        0.62500
   3.26225        40       429         0        0.61607
   3.26916        54       418         0        0.64583
   3.27606        41       400         0        0.58333
   3.28297        55       440         0        0.63988
   3.28987        36       394         0        0.63095
   3.29678        19       396         0        0.60119
   3.30368        21       452         0        0.61012
   3.31059        46       417         0        0.61607
   3.31749        40       414         0        0.65476
   3.32440        46       403         0        0.61905
   3.33130        31       432         0        0.62500
   3.33821        23       413         0        0.59226
   3.34511        59       392         0        0.58333
   3.35202        15       448         0        0.57440
   3.35893        44       437         0        0.60119
   3.36583        36       378         0        0.61012
   3.37274        30       401         0        0.60119
   3.37964        21       469         0        0.61905
   3.38655        44       424         0        0.60417
   3.39345        27       361         0        0.61905
   3.40036        31       406         0        0.61905
   3.40726        21       408         0        0.61607
   3.41417        25       409         0        0.60119
   3.42107        45       396         0        0.58036
   3.42798        18       385         0        0.57440
   3.43488        28       360         0        0.60119
   3.44179        24       422         0        0.61607
   3.44870        39       417         0        0.61012
   3.45560        29       458         0        0.61310
   3.46251        42       352         0        0.60417
   3.46941        40       406         0        0.58333
   3.47632        36       390         0        0.55357
   3.48322        16       405         0        0.59524
   3.48624        29       401         0        0.60119
   3.49314        27       418         0        0.59821
   3.50005        45       368         0        0.58929
   3.50695        50       410         0        0.61905
   3.51386        29       365         0        0.57738
   3.52076        30       456         0        0.62798
   3.52767        21       419         0        0.61012
   3.53457        13       410         0        0.59821
   3.54148        32       452         0        0.61607
   3.54838        20       413         0        0.59524
   3.55529        26       443         0        0.63393
   3.56220        45       424         1        0.62202
   3.56910        32       484         0        0.67857
   3.57601        26       496         0        0.63988
   3.58291        35       495         0        0.67560
   3.58982        29       498         0        0.66369
   3.59672        36       466         0        0.63393
   3.60363        21       452         0        0.58631
   3.61053        26       448         0        0.64583
   3.61744        33       454         0        0.62798
   3.62434        45       422         0        0.61012
   3.63125        44       412         0        0.59821
   3.63815        43       418         0        0.65476
   3.64506        28       470         0        0.62202
   3.65197        49       431         0        0.60119
   3.65887        42       434         0        0.58631
   3.66578        20       452         0        0.58631
   3.67268        45       390         0        0.57738
   3.67959        46       388         0        0.59226
   3.68649        38       364         0        0.54464
   3.69340        28       439         0        0.53869
   3.70030        17       447         0        0.53869
   3.70721        29       367         0        0.48810
   3.71411        22       363         0        0.55655
   3.72102        27       373         0        0.58036
   3.72792        39       368         0        0.50595
   3.73483        21       343         0        0.50893
   3.74174        33       374         0        0.53571
   3.74864        31       409         0        0.56845
   3.75555        24       429         0        0.57738
   3.76245        33       454         0        0.61310
   3.76936        20       421         0        0.54167
   3.77626        29       368         0        0.52381
   3.78317        28       387         0        0.51190
   3.79007        39       414         0        0.57738
   3.79698        23       424         0        0.56250
   3.80388        25       408         0        0.58036
   3.81079        58       400         1        0.61607
   3.81769        36       358         0        0.53869
   3.82460        48       394         0        0.58631
   3.83151        37       431         0        0.57440
   3.83841        34       404         0        0.53869
   3.84532        53       379         0        0.59821
   3.85222        57       376         0        0.59821
   3.85913        32       444         0        0.60417
   3.86219        52       410         0        0.59821
   3.86910        31       377         0        0.58333
   3.87601        40       395         0        0.61310
   3.88291        40       405         0        0.58929
   3.88982        42       403         0        0.61012
   3.89672        47       404         0        0.59821
   3.90363        43       395         0        0.57143
   3.91053        38       355         0        0.58631
   3.91744        39       402         1        0.59821
   3.92434        67       369         0        0.55357
   3.93125        64       348         0        0.58036
   3.93815        39       394         0        0.58036
   3.94506        63       326         0        0.58929
   3.95196        43       419         0        0.61310
   3.95887        38       392         0        0.56845
   3.96578        21       378         0        0.54464
   3.97268        34       431         0        0.66369
   3.97959        55       454         0        0.66369
   3.98649        31       375         0        0.57143
   3.99340        12       453         0        0.62202
   4.00030        13       421         0        0.60119
   4.00721        12       424         0        0.63393
   4.01411        16       445         0        0.61905
   4.02102         7       433         0        0.57738
   4.02792        18       472         0        0.66964
   4.03483        27       442         0        0.66667
   4.04173        28       418         0        0.57143
   4.04864        41       414         0        0.60714
   4.05555        22       508         0        0.63095
   4.06245        22       422         0        0.59524
   4.06936        22       469         0        0.65774
   4.07626         8       454         0        0.59226
   4.08317        25       414         0        0.58333
   4.09007        16       447         0        0.61310
   4.09698        17       434         0        0.60417
   4.10388        18       444         0        0.60417
   4.11079        21       431         0        0.57738
   4.11769        24       461         0        0.61905
   4.12460        32       422         0        0.58929
   4.13150        15       434         0        0.58333
   4.13841        42       430         0        0.63988
   4.14532        29       413         0        0.62798
   4.15222        21       398         0        0.61310
   4.15913        48       381         0        0.58333
   4.16603        34       330         0        0.57440
   4.17294        32       364         0        0.52976
   4.17984        19       364         0        0.56548
   4.18675        22       383         0        0.55952
   4.19365        40       456         0        0.63988
   4.20056        37       389         0        0.57738
   4.20746        21       465         0        0.59821
   4.21437        34       424         0        0.62500
   4.22127        53       397         0        0.57143
   4.22818        20       380         0        0.58036
   4.23509        39       399         0        0.62202
   4.23864        26       400         0        0.57143
   4.24555        61       418         0        0.59821
   4.25245        35       414         0        0.55655
   4.25936        33       473         1        0.60119
   4.26626        34       461         0        0.58333
   4.27317        30       430         0        0.61012
   4.28008        38       433         0        0.60714
   4.28698        29       451         0        0.61607
   4.29389        19       479         0        0.62202
   4.30079        35       419         0        0.60119
   4.30770        37       420         0        0.61012
   4.31460        19       416         0        0.58333
   4.32151        16       435         0        0.61905
   4.32841        12       383         0        0.58631
   4.33532        28       421         0        0.61310
   4.34222        31       446         0        0.60714
   4.34913        35       447         0        0.63393
   4.35603        18       466         0        0.60119
   4.36294        16       479         0        0.60714
   4.36985        24       454         0        0.63393
   4.37675        25       517         0        0.66964
   4.38366        26       453         0        0.59821
   4.39056        11       435         0        0.60119
   4.39747        13       373         0        0.55655
   4.40437        42       456         0        0.63988
   4.41128        14       493         0        0.61607
   4.41818        23       450         0        0.61012
   4.42509        20       417         0        0.60119
   4.43199        43       450         0        0.61310
   4.43890         8       448         0        0.60714
   4.44580        34       425         0        0.61310
   4.45271        27       447         0        0.61012
   4.45961        29       462         0        0.61310
   4.46652        29       441         0        0.54167
   4.47343        19       420         0        0.58929
   4.48033        28       366         0        0.54762
   4.48724        23       418         0        0.55357
   4.49414        13       399         0        0.54464
   4.50105        16       429         0        0.58036
   4.50795        33       390         0        0.60119
   4.51486        38       432         0        0.60714
   4.52176        36       427         0        0.65179
   4.52867        14       407         0        0.56250
   4.53557        24       433         0        0.57440
   4.54248        26       440         0        0.59821
   4.54938        33       375         0        0.57143
   4.55629        16       430         0        0.56845
   4.56320        11       393         0        0.57738
   4.57010        22       446         0        0.61310
   4.57701        20       420         0        0.55655
   4.58391        34       419         0        0.58036
   4.59082        35       456         0        0.61310
   4.59772        11       457         0        0.61905
   4.60463        20       409         0        0.57143
   4.61153        23       381         0        0.57738
   4.61534        19       407         0        0.58036
   4.62225        14       423         0        0.59226
   4.62915        14       489         0        0.59821
   4.63606        40       443         0        0.63095
   4.64296        27       451         0        0.59226
   4.64987        22       465         0        0.61012
   4.65677        36       420         0        0.61012
   4.66368        23       441         0        0.57143
   4.67058        23       427         0        0.59226
   4.67749        29       403         0        0.55655
   4.68440        17       427         0        0.60119
   4.69130         5       323         0        0.49405
   4.69821        12       304         0        0.52381
   4.70511        21       302         1        0.50893
   4.71202        26       321         0        0.51786
   4.71892        36       374         0        0.58036
   4.72583        20       400         0        0.57440
   4.73273        37       373         0        0.57738
   4.73964        26       457         0        0.59524
   4.74654        51       358         0        0.56548
   4.75345        43       376         0        0.61607
   4.76035        23       360         0        0.56250
   4.76726        32       433         2        0.60119
   4.77417        28       395         0        0.57143
   4.78107        27       495         0        0.63690
   4.78798        15       468         0        0.61905
   4.79488        14       378         0        0.52083
   4.80179        32       375         0        0.56250
   4.80869        28       351         0        0.50595
   4.81560        29       351         0        0.52083
   4.82250        21       402         0        0.60119
   4.82941        36       358         0        0.55952
   4.83631        22       391         0        0.56250
   4.84322        39       380         0        0.53274
   4.85012        62       327         0        0.56250
   4.85703        24       407         0        0.58631
   4.86393        48       344         0        0.55060
   4.87084        11       367         0        0.59226
   4.87775        10       385         0        0.58036
   4.88465        16       383         0        0.57738
   4.89156        24       392         0        0.60417
   4.89846        19       342         0        0.60714
   4.90537        11       401         0        0.61012
   4.91227        18       390         0        0.60119
   4.91918        19       390         0        0.61012
   4.92608        21       374         0        0.60417
   4.93299        13       408         0        0.56250
   4.93989        19       391         0        0.63393
   4.94680        15       385         0        0.57738
   4.95370        14       434         0        0.61310
   4.96061         2       432         0        0.58631
   4.96752         8       484         0        0.60119
   4.97442         9       444         0        0.60417
   4.98133         4       438         0        0.61905
   4.98823         2       406         0        0.65774
   4.99157        21       354         0        0.61607
   4.99848        18       448         0        0.63393
   5.00538        31       396         0        0.64286
   5.01229        25       358         0        0.60714
   5.01919        15       441         0        0.65179
   5.02610        20       393         0        0.62798
   5.03301        28       399         0        0.62202
   5.03991        25       424         0        0.61905
   5.04682        20       406         0        0.63690
   5.05372        18       363         0        0.58631
   5.06063        16       360         0        0.60714
   5.06753        20       424         0        0.58631
   5.07444        33       334         0        0.55060
   5.08134        11       355         0        0.53274
   5.08825         6       362         0        0.51488
   5.09515        15       373         0        0.56845
   5.10206        19       374         1        0.58036
   5.10896        40       450         0        0.61905
   5.11587        21       413         0        0.54167
   5.12278         9       352         0        0.52083
   5.12968        52       340         0        0.58333
   5.13659        43       366         0        0.55060
   5.14349        27       385         0        0.58631
   5.15040        24       417         0        0.56845
   5.15730        43       400         0        0.59821
   5.16421        10       364         0        0.57143
   5.17111        54       401         0        0.59524
   5.17802        60       371         0        0.62202
   5.18492        47       341         0        0.56250
   5.19183        42       389         0        0.59524
   5.19873        25       358         0        0.56250
   5.20564        34       399         0        0.57440
   5.21255        36       391         0        0.59524
   5.21945        43       414         0        0.62798
   5.22636        47       386         0        0.57143
   5.23326        26       415         0        0.63095
   5.24017        22       428         0        0.59226
   5.24707        46       424         0        0.61607
   5.25398        28       365         0        0.53571
   5.26088        29       384         0        0.56845
   5.26779        24       376         0        0.55952
   5.27469        37       363         0        0.60119
   5.28160        44       389         0        0.63988
   5.28850        23       351         0        0.63393
   5.29541        27       330         0        0.59226
   5.30232        28       416         0        0.60417
   5.30922        14       410         0        0.64881
   5.31613        15       370         0        0.58333
   5.32303        45       365         0        0.61905
   5.32994        20       377         0        0.55952
   5.33684        56       365         1        0.58631
   5.34375        18       394         0        0.58929
   5.35065        31       344         0        0.58333
   5.35756        49       333         0        0.57440
   5.36446        45       390         0        0.59226
   5.36826        58       375         0        0.63095
   5.37516        27       390         0        0.59524
   5.38207        42       334         0        0.56250
   5.38897        55       354         0        0.58631
   5.39588        28       398         0        0.58333
   5.40278        67       360         0        0.64286
   5.40969        65       408         0        0.64286
   5.41659        63       323         0        0.57143
   5.42350        29       391         0        0.58036
   5.43040        58       340         0        0.56250
   5.43731        45       371         0        0.58631
   5.44422        69       368         0        0.62202
   5.45112        29       390         0        0.61607
   5.45803        49       404         0        0.60417
   5.46493        39       405         0        0.56548
   5.47184        54       417         0        0.61607
   5.47874        51       412         0        0.60119
   5.48565        32       401         0        0.56548
   5.49255        26       395         0        0.58036
   5.49946        43       408         0        0.65179
   5.50636        44       423         1        0.62798
   5.51327        37       436         0        0.62500
   5.52017        27       430         0        0.57738
   5.52708        59       356         0        0.61310
   5.53399        42       399         0        0.56548
   5.54089        22       451         0        0.60119
   5.54780        29       402         0        0.57143
   5.55470        42       363         0        0.59226
   5.56161        11       406         0        0.55655
   5.56851        11       467         0        0.61607
   5.57542        25       456         0        0.58333
   5.58232        23       441         0        0.59821
   5.58923        43       456         0        0.60417
   5.59613        24       429         0        0.61607
   5.60304        34       461         0        0.64286
   5.60994        44       410         0        0.59524
   5.61685        23       471         0        0.58631
   5.62376        45       386         0        0.58333
   5.63066        38       376         0        0.55952
   5.63757        39       438         0        0.61905
   5.64447        25       366         0        0.54762
   5.65138        40       385         0        0.58036
   5.65828        37       455         0        0.57143
   5.66519        50       415         0        0.61310
   5.67209        13       420         0        0.53869
   5.67900        60       422         0        0.58929
   5.68590        33       438         0        0.60714
   5.69281        49       465         0        0.61905
   5.69971        51       454         0        0.62202
   5.70662        29       401         0        0.59821
   5.71353        49       412         0        0.62798
   5.72043        39       448         0        0.62500
   5.72734        30       379         0        0.57738
   5.73424        50       399         0        0.59524
   5.74115        47       478         0        0.60714
   5.74499        43       382         0        0.58929
   5.75190        38       429         0        0.57143
   5.75880        25       426         0        0.60714
   5.76571        40       473         0        0.61012
   5.77261        50       443         0        0.63095
   5.77952        40       399         0        0.61607
   5.78642        47       453         0        0.63095
   5.79333        36       499         0        0.67262
   5.80024        55       476         0        0.65774
   5.80714        54       520         0        0.68750
   5.81405        36       452         0        0.67560
   5.82095        43       492         0        0.63393
   5.82786        45       510         0        0.67560
   5.83476        40       446         0        0.62202
   5.84167        57       428         0        0.63988
   5.84857        60       402         0        0.63690
   5.85548        43       435         0        0.66964
   5.86238        66       478         0        0.66667
   5.86929        45       460         0        0.63690
   5.87619        47       457         0        0.63095
   5.88310        44       436         0        0.66369
   5.89001        34       493         0        0.66369
   5.89691        53       471         0        0.66667
   5.90382        59       417         0        0.64881
   5.91072        28       434         0        0.63988
   5.91763        54       460         0        0.66071
   5.92453        38       426         1        0.67262
   5.93144        46       466         0        0.66667
   5.93834        38       453         1        0.63393
   5.94525        70       451         0        0.65179
   5.95215        51       419         0        0.63988
   5.95906        52       451         0        0.66667
   5.96596        49       426         0        0.63393
   5.97287        37       483         0        0.65774
   5.97978        54       484         0        0.66369
   5.98668        38       451         0        0.65774
   5.99359        53       428         0        0.65774
   6.00049        49       477         0        0.66667
   6.00740        57       418         0        0.65179
   6.01430        46       455         0        0.66667
   6.02121        38       395         0        0.62202
   6.02811        53       423         0        0.67262
   6.03502        44       423         0        0.65179
   6.04192        30       401         0        0.57738
   6.04883        43       469         0        0.65476
   6.05573        48       497         0        0.65179
   6.06264        20       502         0        0.65476
   6.06955        32       486         0        0.65774
   6.07645        38       433         0        0.67262
   6.08336        40       512         0        0.65179
   6.09026        60       527         0        0.66071
   6.09717        46       431         0        0.59226
   6.10407        33       458         0        0.62202
   6.11098        34       447         0        0.62500
   6.11788        30       444         0        0.63690
   6.12226        33       402         0        0.62798
   6.12917        29       441         0        0.64286
   6.13607        39       435         0        0.63988
   6.14298        23       445         0        0.65476
   6.14988        66       436         0        0.65774
   6.15679        36       466         0        0.62500
   6.16369        22       433         0        0.61310
   6.17060        32       390         0        0.61310
   6.17751        27       403         0        0.56548
   6.18441        46       439         0        0.62798
   6.19132        44       410         0        0.63393
   6.19822        47       453         0        0.63690
   6.20513        51       460         0        0.62202
   6.21203        49       419         0        0.60417
   6.21894        48       415         0        0.58333
   6.22584        44       456         0        0.59821
   6.23275        21       399         0        0.57738
   6.23965        30       403         0        0.59226
   6.24656        51       453         0        0.61310
   6.25346        59       408         0        0.63690
   6.26037        43       412         0        0.61012
   6.26728        29       456         0        0.61905
   6.27418        40       412         0        0.60714
   6.28109        41       440         0        0.60714
   6.28799        44       455         0        0.65774
   6.29490        46       406         0        0.63393
   6.30180        56       437         0        0.68155
   6.30871        77       380         0        0.64583
   6.31561        44       414         0        0.61012
   6.32252        36       418         0        0.63690
   6.32942        30       383         0        0.65179
   6.33633        47       401         0        0.63095
   6.34323        40       357         0        0.59524
   6.35014        46       399         0        0.61905
   6.35705        27       446         0        0.62500
   6.36395        58       413         0        0.58929
   6.37086        30       488         1        0.66369
   6.37776        18       414         0        0.59524
   6.38467        35       443         0        0.62500
   6.39157        54       496         0        0.64583
   6.39848        32       416         0        0.60119
   6.40538        20       457         0        0.60714
   6.41229        27       427         0        0.57440
   6.41919        39       454         0        0.61310
   6.42610        22       403         0        0.60417
   6.43300        31       422         0        0.63095
   6.43991        30       394         0        0.57738
   6.44682        31       404         0        0.57738
   6.45372        41       437         0        0.65476
   6.46063        16       436         0        0.61607
   6.46753        29       446         0        0.63988
   6.47444        30       424         0        0.64881
   6.48134        19       412         0        0.59524
   6.48825        21       458         0        0.61012
   6.49515        25       434         0        0.61607
   6.49933        14       408         0        0.57738
   6.50623        26       413         0        0.60417
   6.51314        29       471         0        0.58631
   6.52004        31       457         0        0.59821
   6.52695        17       436         0        0.59226
   6.53386        23       430         0        0.61012
   6.54076        49       418         0        0.63393
   6.54767        37       458         0        0.65476
   6.55457        14       458         0        0.66071
   6.56148        21       420         0        0.63393
   6.56838        37       432         0        0.69345
   6.57529        23       385         0        0.63393
   6.58219        23       461         0        0.59524
   6.58910        26       421         0        0.64583
   6.59600        25       399         0        0.61607
   6.60291        26       383         0        0.61012
   6.60981        28       438         0        0.67560
   6.61672        34       400         0        0.64286
   6.62363        30       406         0        0.62798
   6.63053        30       435         0        0.63988
   6.63744        24       411         1        0.58333
   6.64434        28       444         0        0.62500
   6.65125        24       398         0        0.63393
   6.65815        27       435         0        0.64881
   6.66506        28       430         0        0.64583
   6.67196        28       422         0        0.63690
   6.67887        28       402         0        0.63095
   6.68577        38       418         0        0.67560
   6.69268        35       349         0        0.64583
   6.69958        14       358         0        0.61607
   6.70649        17       403         0        0.63988
   6.71340        31       403         0        0.61012
   6.72030        21       431         0        0.67560
   6.72721        14       405         0        0.61905
   6.73411        25       440         0        0.64583
   6.74102        16       475         0        0.66964
   6.74792        27       434         0        0.64583
   6.75483        15       416         0        0.63690
   6.76173        14       464         0        0.63393
   6.76864        35       473         0        0.66071
   6.77554        24       387         0        0.60417
   6.78245        12       407         0        0.65179
   6.78935        40       424         0        0.66964
   6.79626        67       413         0        0.68155
   6.80317        48       359         1        0.64881
   6.81007        43       435         0        0.64881
   6.81698        44       420         0        0.64286
   6.82388        30       445         0        0.65179
   6.83079        34       432         0        0.65179
   6.83769        33       407         0        0.62202
   6.84460        43       387         0        0.66071
   6.85150        32       418         0        0.64286
   6.85841        59       456         0        0.69345
   6.86531        74       407         0        0.66964
   6.87222        33       384         0        0.65179
   6.87806        36       445         0        0.66369
   6.88496        65       379         0        0.66369
   6.89187        40       436         0        0.62500
   6.89877        37       454         0        0.64286
   6.90568        37       409         0        0.66964
   6.91258        52       432         0        0.65774
   6.91949        31       413         0        0.67857
   6.92639        47       402         0        0.66071
   6.93330        47       363         0        0.67560
   6.94020        43       385         0        0.63095
   6.94711        34       429         0        0.66071
   6.95402        39       429         0        0.65476
   6.96092        55       425         0        0.63393
   6.96783        60       435         0        0.70833
   6.97473        15       424         0        0.65476
   6.98164        30       387         0        0.63690
   6.98854        35       379         0        0.65774
   6.99545        43       440         0        0.66071
   7.00235        38       437         0        0.64583
   7.00926        36       501         0        0.67560
   7.01616        37       481         0        0.68155
   7.02307        35       444         0        0.66369
   7.02997        34       445         0        0.67560
   7.03688        20       411         0        0.63690
   7.04379        18       432         0        0.66964
   7.05069        19       393         0        0.64881
   7.05760        15       425         0        0.65179
   7.06450        27       387         2        0.63095
   7.07141        16       421         0        0.67262
   7.07831         4       472         0        0.63690
   7.08522        17       440         0        0.65179
   7.09212         9       458         0        0.64881
   7.09903        44       465         0        0.68155
   7.10593        21       450         0        0.65774
   7.11284        22       446         0        0.67262
   7.11974        33       470         0        0.68155
   7.12665        23       472         0        0.69048
   7.13356        22       464         0        0.65179
   7.14046        16       447         0        0.65774
   7.14737        20       448         0        0.65774
   7.15427        16       437         0        0.64881
   7.16118        43       393         0        0.63690
   7.16808        33       442         0        0.67857
   7.17499        28       412         0        0.66369
   7.18189        32       485         0        0.67262
   7.18880        17       456         0        0.69643
   7.19570        39       461         0        0.68452
   7.20261        20       433         0        0.66964
   7.20951        30       391         0        0.67857
   7.21642        30       386         0        0.66071
   7.22333        29       449         0        0.66964
   7.23023        24       400         0        0.67560
   7.23714        27       428         0        0.68452
   7.24404        21       442         0        0.66667
   7.25095        38       428         0        0.65179
   7.25678        32       419         0        0.67560
   7.26369        38       408         0        0.65476
   7.27059        27       426         0        0.69048
   7.27750        27       441         0        0.65476
   7.28440        27       435         0        0.68155
   7.29131        15       439         0        0.63988
   7.29821        25       453         0        0.66071
   7.30512        27       417         0        0.65774
   7.31203        29       418         0        0.65476
   7.31893        17       486         0        0.70238
   7.32584        32       442         0        0.69643
   7.33274        25       467         0        0.67262
   7.33965        32       478         0        0.68155
   7.34655        42       474         0        0.67560
   7.35346        30       441         0        0.68452
   7.36036        32       481         0        0.69048
   7.36727        24       426         0        0.67857
   7.37417        23       471         0        0.71726
   7.38108        27       480         0        0.68452
   7.38798        23       456         0        0.66071
   7.39489        26       444         0        0.67857
   7.40180        25       461         0        0.72024
   7.40870        24       408         0        0.67560
   7.41561        19       446         0        0.69345
   7.42251        23       441         0        0.66667
   7.42942        10       444         0        0.65476
   7.43632        13       417         0        0.69940
   7.44323        25       449         0        0.67857
   7.45013        34       517         0        0.69940
   7.45704        19       432         0        0.71131
   7.46394        31       466         0        0.65476
   7.47085        47       481         0        0.72321
   7.47775        28       456         0        0.69643
   7.48466        33       468         0        0.67560
   7.49157        37       430         0        0.70238
   7.49847        45       428         0        0.72619
   7.50538        62       468         0        0.71429
   7.51228        59       475         0        0.72321
   7.51919        14       451         0        0.65774
   7.52609        61       480         0        0.70833
   7.53300        30       391         0        0.62798
   7.53990        36       459         0        0.66071
   7.54681        40       429         0        0.68155
   7.55371        42       446         0        0.68452
   7.56062        42       501         0        0.72321
   7.56752        53       489         0        0.70536
   7.57443        54       495         0        0.74702
   7.58134        59       429         0        0.70833
   7.58824        34       427         0        0.68750
   7.59515        50       472         0        0.71429
   7.60205        69       492         0        0.75595
   7.60896        40       436         0        0.72024
   7.61586        75       454         0        0.71131
   7.62277        55       469         0        0.72321
   7.62967        56       488         0        0.72619
   7.63547        66       497         0        0.74405
   7.64237        50       503         0        0.74405
   7.64928        50       447         0        0.72917
   7.65618        41       439         0        0.73810
   7.66309        42       481         0        0.71726
   7.66999        23       437         0        0.70833
   7.67690        30       461         0        0.70536
   7.68380        38       498         0        0.71429
   7.69071        35       485         0        0.70238
   7.69762        16       436         0        0.65476
   7.70452        14       441         0        0.66071
   7.71143        12       516         0        0.72321
   7.71833        29       469         0        0.72917
   7.72524        11       525         0        0.71726
   7.73214        22       463         0        0.70536
   7.73905        10       510         0        0.71429
   7.74595         7       457         0        0.69345
   7.75286        14       516         0        0.70833
   7.75976        16       455         0        0.67857
   7.76667        16       532         0        0.74107
   7.77357        24       523         0        0.74107
   7.78048        15       616         0        0.75595
   7.78739        26       523         0        0.74405
   7.79429        21       536         0        0.74107
   7.80120        14       491         0        0.72024
   7.80810        11       540         0        0.73214
   7.81501         6       507         0        0.67560
   7.82191        24       582         0        0.66667
   7.82882        11       481         0        0.69940
   7.83572        14       545         0        0.73214
   7.84263        21       433         0        0.71429
   7.84953        25       473         0        0.75000
   7.85644        28       429         0        0.70833
   7.86334        18       475         0        0.70238
   7.87025        20       455         0        0.72321
   7.87716        20       556         0        0.75893
   7.88406        28       425         0        0.71726
   7.89097         9       524         0        0.74702
   7.89787        36       466         0        0.73810
   7.90478        24       460         0        0.75298
   7.91168        17       512         0        0.75595
   7.91859        19       455         0        0.73810
   7.92549        28       442         0        0.77083
   7.93240        13       505         0        0.71726
   7.93930        13       516         0        0.73810
   7.94621        15       473         0        0.69643
   7.95311         9       466         0        0.72024
   7.96002        28       437         0        0.73214
   7.96693        20       464         0        0.72321
   7.97383        24       476         0        0.76488
   7.98074        21       454         0        0.67560
   7.98764        20       465         0        0.69048
   7.99455        25       464         0        0.74107
   8.00145        24       480         0        0.74702
   8.00836        17       517         0        0.73810
   8.01486        10       491         0        0.72024
   8.02176        17       418         0        0.65476
   8.02867        15       443         0        0.66071
   8.03557        20       436         0        0.69048
   8.04248        21       451         0        0.73512
   8.04938        17       531         0        0.73810
   8.05629        28       468         0        0.72619
   8.06319        14       427         0        0.65774
   8.07010        28       467         0        0.71429
   8.07700        18       418         0        0.70238
   8.08391        35       468         0        0.73512
   8.09082        19       416         0        0.66071
   8.09772        30       471         0        0.72917
   8.10463        26       505         0        0.70833
   8.11153        23       462         0        0.67857
   8.11844        32       418         0        0.66667
   8.12534         9       439         0        0.67262
   8.13225        23       535         0        0.70833
   8.13915        20       501         0        0.72321
   8.14606         7       454         0        0.64286
   8.15296        14       411         0        0.62202
   8.15987        25       403         0        0.65774
   8.16677        20       459         0        0.70536
   8.17368        11       486         0        0.66071
   8.18059        21       433         0        0.69048
   8.18749        10       465         0        0.69940
   8.19440         5       395         0        0.66071
   8.20130        10       441         0        0.70833
   8.20821         5       451         0        0.70536
   8.21511         8       530         0        0.71726
   8.22202         8       461         0        0.68155
   8.22892        20       429         0        0.69940
   8.23583        28       497         0        0.75893
   8.24273        22       465         0        0.72917
   8.24964        21       491         0        0.69643
   8.25654        11       486         0        0.69048
   8.26345        24       481         0        0.72024
   8.27036        20       476         0        0.69643
   8.27726        13       504         0        0.71429
   8.28417        35       512         0        0.72321
   8.29107        10       508         0        0.72917
   8.29798        26       528         0        0.69940
   8.30488        26       512         0        0.69940
   8.31179        21       505         0        0.70833
   8.31869        11       506         0        0.71429
   8.32560         9       548         0        0.72024
   8.33250        12       485         0        0.71726
   8.33941         8       491         0        0.66071
   8.34631        19       446         0        0.68750
   8.35322        19       492         0        0.70536
   8.36012        24       491         0        0.72024
   8.36703         7       493         0        0.69345
   8.37394        25       474         0        0.70238
   8.38084         5       506         0        0.70536
   8.38775        18       527         0        0.69940
   8.39323        20       508         0        0.70238
   8.40014        11       530         0        0.69048
   8.40705        17       439         0        0.68750
   8.41395        17       481         0        0.70536
   8.42086        15       441         0        0.66071
   8.42776        17       501         0        0.69345
   8.43467        19       468         0        0.71131
   8.44157        10       429         0        0.70536
   8.44848        12       454         0        0.66369
   8.45538        15       464         0        0.68155
   8.46229        40       455         1        0.72917
   8.46919        27       456         0        0.69940
   8.47610        13       437         0        0.69048
   8.48300        24       516         0        0.72917
   8.48991        16       475         0        0.69345
   8.49682        20       455         0        0.69643
   8.50372        29       443         0        0.63690
   8.51063        33       472         0        0.68750
   8.51753        16       494         0        0.68155
   8.52444        45       443         0        0.69345
   8.53134         8       547         0        0.69940
   8.53825        23       432         0        0.69345
   8.54515        39       529         0        0.72619
   8.55206        27       490         0        0.69345
   8.55896        27       503         0        0.67857
   8.56587        22       523         0        0.69345
   8.57277        19       449         0        0.65476
   8.57968        26       430         0        0.68155
   8.58659        10       490         0        0.66071
   8.59349        33       463         0        0.70238
   8.60040        14       486         0        0.66369
   8.60730        23       465         0        0.66667
   8.61421        28       474         0        0.70833
   8.62111        21       443         0        0.69048
   8.62802        10       455         0        0.69048
   8.63492        16       494         0        0.70238
   8.64183        11       502         0        0.68452
   8.64873        25       486         0        0.69940
   8.65564        17       467         0        0.68750
   8.66254        23       509         0        0.70536
   8.66945        14       517         0        0.70536
   8.67636         9       490         0        0.67560
   8.68326        22       523         0        0.70238
   8.69017        10       459         0        0.67857
   8.69707        16       473         0        0.67262
   8.70398        16       431         0        0.69048
   8.71088         9       485         0        0.68155
   8.71779        20       430         0        0.69345
   8.72469        13       450         0        0.67857
   8.73160        27       445         0        0.66964
   8.73850        22       471         0        0.69643
   8.74541        16       498         0        0.69643
   8.75231        17       424         0        0.67262
   8.75922        11       480         0        0.69940
   8.76613        35       499         0        0.70238
   8.77192        10       490         0        0.68750
   8.77882        19       492         0        0.67560
   8.78573        18       538         0        0.64583
   8.79263        22       466         0        0.68452
   8.79954        29       513         0        0.72619
   8.80645        10       461         0        0.72619
   8.81335        29       477         0        0.64583
   8.82026         5       564         0        0.69345
   8.82716        34       508         0        0.67560
   8.83407        24       482         0        0.68750
   8.84097        12       487         0        0.66071
   8.84788        18       467         0        0.66071
   8.85478         9       472         0        0.61905
   8.86169        21       543         0        0.66667
   8.86859        21       544         0        0.69643
   8.87550        19       466         0        0.69048
   8.88240         8       486         0        0.66369
   8.88931         8       453         0        0.68750
   8.89622        15       473         0        0.65476
   8.90312        18       457         0        0.67262
   8.91003        20       466         0        0.66369
   8.91693        27       478         0        0.68155
   8.92384         8       537         0        0.72619
   8.93074        23       491         0        0.72619
   8.93765        12       465         0        0.66667
   8.94455         9       442         0        0.65476
   8.95146        23       477         0        0.71429
   8.95836        26       455         0        0.68452
   8.96527        26       449         0        0.66964
   8.97217        12       457         0        0.69345
   8.97908        18       522         0        0.71131
   8.98599        18       488         0        0.69940
   8.99289        25       495         0        0.72917
   8.99980        20       435         0        0.66071
   9.00670        24       435         0        0.67262
   9.01361        17       462         0        0.66071
   9.02051        16       441         0        0.69643
   9.02742        11       488         0        0.67262
   9.03432        15       466         0        0.67262
   9.04123        14       448         0        0.66071
   9.04813        17       435         0        0.69345
   9.05504        11       461         0        0.71131
   9.06194         4       469         0        0.64286
   9.06885        14       486         0        0.69643
   9.07576         9       493         0        0.67857
   9.08266         7       471         0        0.65774
   9.08957        18       436         0        0.67262
   9.09647        19       484         0        0.72321
   9.10338        11       491         0        0.70238
   9.11028         4       444         0        0.65774
   9.11719         7       469         0        0.64881
   9.12409        11       462         0        0.66667
   9.13100         0       483         0        0.68452
   9.13790         0       490         0        0.71131
   9.14481         1       497         0        0.69048
   9.15080        11       438         0        0.72917
   9.15771        13       447         0        0.67560
   9.16462         6       490         0        0.66964
   9.17152         7       453         0        0.70833
   9.17843        16       435         0        0.70238
   9.18533        23       472         0        0.72619
   9.19224        19       430         0        0.67560
   9.19914        16       443         0        0.70536
   9.20605        12       462         0        0.69345
   9.21295         4       485         0        0.67857
   9.21986        24       428         0        0.68750
   9.22676        18       488         0        0.70833
   9.23367        15       483         0        0.68452
   9.24057        26       480         0        0.69940
   9.24748         8       482         0        0.64286
   9.25439         4       500         0        0.67560
   9.26129         2       522         0        0.66071
   9.26820         2       476         0        0.66369
   9.27510         1       477         0        0.71726
   9.28201         1       452         0        0.66071
   9.28891         9       454         0        0.66369
   9.29582        12       465         0        0.66369
   9.30272        14       428         0        0.60714
   9.30963        26       448         0        0.67857
   9.31653        10       468         0        0.67857
   9.32344        21       475         0        0.70238
   9.33034        16       489         0        0.71131
   9.33725         8       474         0        0.68452
   9.34416        12       500         0        0.69940
   9.35106         9       496         0        0.69643
   9.35797         9       454         0        0.69643
   9.36487         7       492         0        0.68155
   9.37178         7       487         0        0.70536
   9.37868        14       419         0        0.65774
   9.38559         7       493         0        0.69643
   9.39249        11       431         0        0.65179
   9.39940         9       477         0        0.71429
   9.40630        10       441         0        0.67857
   9.41321         3       406         0        0.62500
   9.42011        13       485         0        0.67262
   9.42702        19       455         0        0.66667
   9.43393        14       495         0        0.68750
   9.44083        16       470         0        0.65476
   9.44774        22       529         0        0.69643
   9.45464         5       537         0        0.67857
   9.46155         7       499         0        0.67857
   9.46845        20       510         0        0.69643
   9.47536        11       540         0        0.72917
   9.48226        13       481         0        0.66964
   9.48917        17       471         0        0.64583
   9.49607         5       515         0        0.69643
   9.50298         4       517         0        0.68452
   9.50988        20       484         0        0.68155
   9.51679        23       461         0        0.69940
   9.52370        25       489         0        0.67857
   9.52935        24       505         0        0.69048
