#Res      A3C12L-0019
   2.000       3.0988
   3.000       2.1738
   4.000       1.3397
   5.000       1.0658
   6.000       0.9472
   7.000       0.7228
   8.000       0.6051
   9.000       0.5753
  10.000       0.6593
  11.000       0.7377
  12.000       0.8392
  13.000       0.7880
  14.000       0.9496
  15.000       1.4802
  18.000       2.7779
  19.000       1.5926
  20.000       0.9232
  21.000       0.7201
  22.000       0.6369
  23.000       0.5219
  24.000       0.4788
  25.000       0.4605
  26.000       0.5097
  27.000       0.5745
  28.000       0.6964
  29.000       0.9726
  30.000       1.7655
  31.000       2.3451
  34.000       1.2821
  35.000       0.8979
  36.000       0.6860
  37.000       0.5751
  38.000       0.5605
  39.000       0.4868
  40.000       0.4292
  41.000       0.4103
  42.000       0.4290
  43.000       0.4769
  44.000       0.5469
  45.000       0.6007
  46.000       0.8866
  47.000       1.1612
  50.000       1.4517
  51.000       0.7669
  52.000       0.6206
  53.000       0.5383
  54.000       0.4933
  55.000       0.4318
  56.000       0.4051
  57.000       0.4214
  58.000       0.4245
  59.000       0.4580
  60.000       0.5029
  61.000       0.5218
  62.000       0.6157
  63.000       0.7114
  66.000       1.4720
  67.000       0.7995
  68.000       0.5886
  69.000       0.4877
  70.000       0.4496
  71.000       0.4220
  72.000       0.4053
  73.000       0.4252
  74.000       0.4266
  75.000       0.4594
  76.000       0.5221
  77.000       0.4720
  78.000       0.5256
  79.000       0.6136
  82.000       1.5656
  83.000       0.7087
  84.000       0.5892
  85.000       0.5175
  86.000       0.4549
  87.000       0.4260
  88.000       0.4278
  89.000       0.4163
  90.000       0.4095
  91.000       0.4589
  92.000       0.5720
  93.000       0.5559
  94.000       0.5480
  95.000       0.6213
  98.000       1.2219
  99.000       0.6619
 100.000       0.5496
 101.000       0.4823
 102.000       0.4427
 103.000       0.4113
 104.000       0.4261
 105.000       0.4201
 106.000       0.4068
 107.000       0.4204
 108.000       0.4924
 109.000       0.5090
 110.000       0.5840
 111.000       0.7232
 114.000       1.0798
 115.000       0.7337
 116.000       0.5626
 117.000       0.4555
 118.000       0.4096
 119.000       0.4027
 120.000       0.4000
 121.000       0.4170
 122.000       0.4321
 123.000       0.4601
 124.000       0.5394
 125.000       0.5632
 126.000       0.6673
 127.000       0.9454
 130.000       0.9320
 131.000       0.6474
 132.000       0.5921
 133.000       0.5258
 134.000       0.4634
 135.000       0.4449
 136.000       0.4479
 137.000       0.5131
 138.000       0.5228
 139.000       0.5363
 140.000       0.5400
 141.000       0.5852
 142.000       0.7538
 143.000       1.6569
 146.000       1.9591
 147.000       1.5230
 148.000       1.8153
 149.000       1.1378
 150.000       0.5864
 151.000       0.5255
 152.000       0.5309
 153.000       0.6310
 154.000       0.6836
 155.000       0.7561
 156.000       0.8011
 157.000       0.9003
 158.000       1.4812
 159.000       2.0432
 162.000       2.2055
 163.000       1.5331
 164.000       1.3093
 165.000       1.0862
 166.000       0.7812
 167.000       0.6656
 168.000       0.6261
 169.000       0.7594
 170.000       0.8409
 171.000       0.9389
 172.000       1.0341
 173.000       1.1568
 174.000       1.5077
 175.000       2.1376
 178.000       3.3585
 179.000       2.0213
 180.000       1.4337
 181.000       1.1258
 182.000       1.0747
 183.000       0.8963
 184.000       0.7753
 185.000       0.9117
 186.000       1.0212
 187.000       1.2457
 188.000       1.3744
 189.000       1.4965
 190.000       1.7250
 191.000       2.6370
 194.000       1.3829
 195.000       0.8943
 196.000       0.7977
 197.000       0.8589
 198.000       0.7980
 199.000       0.7286
 200.000       0.6709
 201.000       0.5999
 202.000       0.6332
 203.000       0.6998
 204.000       0.8581
 205.000       0.9571
 206.000       1.4482
 207.000       2.3074
 210.000       1.8256
 211.000       1.1774
 212.000       0.8310
 213.000       0.6975
 214.000       0.7171
 215.000       0.6698
 216.000       0.5656
 217.000       0.4862
 218.000       0.4739
 219.000       0.5282
 220.000       0.6308
 221.000       0.8586
 222.000       1.4806
 223.000       2.0078
 226.000       1.1232
 227.000       0.7565
 228.000       0.6504
 229.000       0.6803
 230.000       0.6913
 231.000       0.6082
 232.000       0.5062
 233.000       0.4413
 234.000       0.4510
 235.000       0.5200
 236.000       0.6175
 237.000       0.6792
 238.000       1.2104
 239.000       1.4881
 242.000       0.9199
 243.000       0.6527
 244.000       0.5922
 245.000       0.5497
 246.000       0.5907
 247.000       0.5235
 248.000       0.4803
 249.000       0.4342
 250.000       0.4222
 251.000       0.4835
 252.000       0.5858
 253.000       0.6186
 254.000       0.7025
 255.000       0.8240
 258.000       1.0681
 259.000       0.6014
 260.000       0.5463
 261.000       0.5465
 262.000       0.4979
 263.000       0.4593
 264.000       0.4589
 265.000       0.4170
 266.000       0.4050
 267.000       0.4788
 268.000       0.6527
 269.000       0.5963
 270.000       0.5928
 271.000       0.7253
 274.000       1.3502
 275.000       0.6601
 276.000       0.5337
 277.000       0.4842
 278.000       0.4359
 279.000       0.4202
 280.000       0.4296
 281.000       0.4101
 282.000       0.4207
 283.000       0.4683
 284.000       0.6092
 285.000       0.5712
 286.000       0.5818
 287.000       0.7017
 290.000       1.5094
 291.000       0.6711
 292.000       0.5705
 293.000       0.4921
 294.000       0.4379
 295.000       0.4180
 296.000       0.4189
 297.000       0.4067
 298.000       0.4117
 299.000       0.4462
 300.000       0.5161
 301.000       0.5171
 302.000       0.5870
 303.000       0.6944
 306.000       1.7504
 307.000       0.8624
 308.000       0.6363
 309.000       0.4981
 310.000       0.4481
 311.000       0.4339
 312.000       0.4292
 313.000       0.4086
 314.000       0.4051
 315.000       0.4210
 316.000       0.5021
 317.000       0.4909
 318.000       0.5640
 319.000       0.7660
 322.000       1.6170
 323.000       0.7896
 324.000       0.6570
 325.000       0.5498
 326.000       0.4766
 327.000       0.4431
 328.000       0.4311
 329.000       0.4333
 330.000       0.4257
 331.000       0.4353
 332.000       0.4400
 333.000       0.4632
 334.000       0.5625
 335.000       1.2395
 338.000       1.4116
 339.000       0.8547
 340.000       0.7677
 341.000       0.6481
 342.000       0.5708
 343.000       0.5173
 344.000       0.4522
 345.000       0.4566
 346.000       0.4819
 347.000       0.5110
 348.000       0.5428
 349.000       0.6931
 350.000       1.1888
 351.000       1.8331
 354.000       1.5898
 355.000       1.0305
 356.000       0.8706
 357.000       0.7810
 358.000       0.7237
 359.000       0.6623
 360.000       0.5557
 361.000       0.5414
 362.000       0.6084
 363.000       0.7664
 364.000       0.9201
 365.000       1.2929
 366.000       1.8151
 367.000       3.2531
 370.000       2.2167
 371.000       1.2852
 372.000       1.0445
 373.000       1.0874
 374.000       0.9921
 375.000       0.9018
 376.000       0.8712
 377.000       0.7836
 378.000       0.9250
 379.000       1.3723
 380.000       1.7095
 381.000       2.2539
 382.000       2.5460
 383.000       3.2644
