   0.00599         0         0         0        0.00000
   0.01216         0         0         0        0.00000
   0.01229         0         0         0        0.00000
   0.01854         0         0         0        0.00000
   0.01897         0         0         0        0.00000
   0.02532         0         0         0        0.00000
   0.02611         0         0         0        0.00000
   0.03258         0         0         0        0.00000
   0.03383         0         0         0        0.00000
   0.04035         0         0         0        0.00000
   0.04581         0         0         0        0.00000
   0.05240         0         0         0        0.00000
   0.05823         0         0         0        0.00000
   0.06490         0         0         0        0.00000
   0.07156         0         0         0        0.00000
   0.07547         0         0         0        0.00000
   0.08222         0         0         0        0.00000
   0.08897         0         0         0        0.01190
   0.09572         4         0         0        0.00595
   0.09796         0         0         0        0.00000
   0.10486         0         0         0        0.03274
   0.11177        10         0         0        0.02976
   0.11867        24        26         0        0.12798
   0.12558        29         4         0        0.06845
   0.13248        28        22         0        0.08333
   0.13939        62        19         0        0.13393
   0.14629        29        56         0        0.17262
   0.15320        45        44         0        0.14286
   0.16011        17        65         0        0.11905
   0.16701        20        19         0        0.10714
   0.17392        28        59         0        0.18155
   0.18082        19        58         0        0.19643
   0.18773        36       128         0        0.22619
   0.19463        12        89         0        0.16667
   0.20154        24        76         0        0.25893
   0.20844        14       128         0        0.24405
   0.21535        33       122         0        0.25595
   0.22225        20       133         0        0.28274
   0.22916        23       141         0        0.29464
   0.23606        23       131         0        0.22321
   0.24297        42       203         0        0.32738
   0.24988        45       139         0        0.31250
   0.25678        14       118         0        0.25893
   0.26369        16       145         0        0.27083
   0.27059        34       154         0        0.29762
   0.27750        15       165         0        0.28571
   0.28440        14       143         0        0.27083
   0.29131        15       135         0        0.26786
   0.29821        30       140         0        0.34226
   0.30512        38       153         2        0.32440
   0.31202        53       147         0        0.30952
   0.31893        60       161         1        0.35417
   0.32583        46       149         0        0.33036
   0.33274        41       182         0        0.34524
   0.33965        29       168         0        0.35417
   0.34655        59       199         0        0.38393
   0.35346        85       210         3        0.45536
   0.36036        34       220         0        0.36905
   0.36727        27       227         0        0.35714
   0.37417        14       236         0        0.38095
   0.38108        23       289         0        0.45536
   0.38798        13       259         0        0.42262
   0.39489        16       312         0        0.48512
   0.40179        25       245         0        0.48810
   0.40870         8       277         0        0.49702
   0.41560        23       301         0        0.55357
   0.42251        27       312         0        0.47619
   0.42942        15       266         0        0.43452
   0.43632        23       277         0        0.46726
   0.44323        34       314         0        0.55952
   0.45013        32       283         0        0.51190
   0.45704        18       355         0        0.55357
   0.46394        25       369         0        0.58333
   0.47085        20       356         0        0.58929
   0.47775        14       367         0        0.58631
   0.48257        17       340         0        0.56250
   0.48948        18       380         0        0.59226
   0.49638        14       362         0        0.56548
   0.50329        14       343         0        0.60119
   0.51019        29       311         0        0.58631
   0.51710        19       310         0        0.59226
   0.52400        13       392         0        0.64286
   0.53091        10       394         0        0.58333
   0.53781         5       379         0        0.59226
   0.54472        35       315         0        0.55060
   0.55163        26       340         0        0.64583
   0.55853        12       296         0        0.54464
   0.56544         7       280         0        0.48810
   0.57234         0       354         0        0.57143
   0.57925         6       375         0        0.57440
   0.58615         5       394         0        0.60714
   0.59306         3       312         0        0.52083
   0.59996        26       387         0        0.59821
   0.60687         8       345         0        0.53571
   0.61377         0       347         0        0.53571
   0.62068        16       393         0        0.56548
   0.62758        24       330         0        0.54464
   0.63449        41       363         0        0.57143
   0.64140        28       316         0        0.50000
   0.64830        44       410         0        0.55357
   0.65521        16       318         0        0.49107
   0.66211         9       380         0        0.55655
   0.66902         5       413         0        0.52679
   0.67592        19       411         0        0.56845
   0.68283        12       359         0        0.53869
   0.68973        17       381         0        0.55655
   0.69664        21       385         0        0.54464
   0.70354        16       359         0        0.53869
   0.71045         7       359         0        0.53869
   0.71735        14       345         0        0.48810
   0.72426         2       306         0        0.50893
   0.73116        13       284         0        0.44345
   0.73807         7       316         0        0.48512
   0.74498        16       347         0        0.50000
   0.75188         5       345         0        0.51190
   0.75879        10       330         0        0.52083
   0.76569        13       397         0        0.55357
   0.77260         3       351         0        0.53571
   0.77950         4       357         0        0.50595
   0.78641         8       344         0        0.52083
   0.79331        14       338         0        0.50000
   0.80022         9       367         0        0.52976
   0.80712        16       359         0        0.58036
   0.81403         6       351         0        0.48810
   0.82093        15       326         0        0.51190
   0.82784         6       364         0        0.55060
   0.83475         2       331         0        0.55357
   0.84165        11       389         0        0.58333
   0.84856         6       346         0        0.55060
   0.85546        10       371         0        0.56250
   0.86237        12       357         0        0.53571
   0.86727        26       357         0        0.58333
   0.87418        11       365         0        0.55655
   0.88108        10       398         0        0.62202
   0.88799        19       383         0        0.59524
   0.89489        25       375         0        0.58036
   0.90180        30       374         0        0.56548
   0.90871        25       374         0        0.63690
   0.91561        29       394         0        0.63393
   0.92252        19       376         0        0.59226
   0.92942        25       416         0        0.62500
   0.93633        28       394         0        0.62500
   0.94323        13       390         0        0.57738
   0.95014        34       401         0        0.59821
   0.95704        17       399         0        0.62500
   0.96395        34       340         0        0.60119
   0.97085        28       383         0        0.59524
   0.97776        17       406         0        0.58929
   0.98466        15       360         0        0.56845
   0.99157        22       426         0        0.58333
   0.99848        39       397         0        0.57440
   1.00538        47       411         0        0.61310
   1.01229        15       432         0        0.61012
   1.01919        25       419         0        0.63988
   1.02610        28       365         0        0.57143
   1.03300        22       328         0        0.59226
   1.03991        15       432         0        0.61607
   1.04681        34       369         0        0.60119
   1.05372        25       382         0        0.56548
   1.06062        21       347         0        0.59226
   1.06753        34       328         0        0.56845
   1.07443        40       448         0        0.58333
   1.08134        54       359         0        0.61607
   1.08825        17       372         0        0.54464
   1.09515        15       382         0        0.54167
   1.10206        32       321         0        0.53571
   1.10896        19       386         0        0.56250
   1.11587        25       358         0        0.59226
   1.12277        24       437         0        0.59524
   1.12968        28       410         0        0.59226
   1.13658        37       398         0        0.60714
   1.14349        24       424         0        0.57440
   1.15039        26       398         0        0.58036
   1.15730        28       401         0        0.59524
   1.16420        38       431         0        0.62202
   1.17111        23       391         0        0.61012
   1.17802        18       447         0        0.56845
   1.18492        18       417         0        0.58036
   1.19183        17       426         0        0.61012
   1.19873        29       424         0        0.63988
   1.20564        23       382         0        0.55357
   1.21254        21       409         0        0.64286
   1.21945        31       435         0        0.62202
   1.22635        18       426         0        0.63393
   1.23326        24       370         0        0.59524
   1.24016        27       362         0        0.60417
   1.24707        35       414         0        0.63095
   1.25225        56       346         0        0.59821
   1.25916        52       351         0        0.60714
   1.26606        25       385         0        0.62798
   1.27297        37       399         0        0.64583
   1.27988        23       379         0        0.63988
   1.28678        13       388         0        0.65476
   1.29369        26       344         0        0.63095
   1.30059        27       374         0        0.65476
   1.30750        29       379         0        0.61012
   1.31440        19       419         0        0.62500
   1.32131        32       382         0        0.62202
   1.32821        27       385         0        0.56845
   1.33512        19       392         0        0.53571
   1.34202        26       362         0        0.55357
   1.34893        22       456         0        0.64881
   1.35583        20       370         0        0.60714
   1.36274        27       399         0        0.60714
   1.36965        27       366         0        0.58929
   1.37655        15       424         0        0.61012
   1.38346        17       373         1        0.57143
   1.39036        13       404         0        0.58036
   1.39727        12       366         0        0.54464
   1.40417        21       377         0        0.58929
   1.41108        13       381         0        0.55952
   1.41798        22       406         0        0.59821
   1.42489        16       387         0        0.57143
   1.43179        15       401         0        0.56548
   1.43870        12       403         0        0.59226
   1.44560        26       369         0        0.57143
   1.45251        19       364         0        0.58929
   1.45942        32       382         0        0.58929
   1.46632        19       403         0        0.58929
   1.47323        20       397         0        0.64583
   1.48013        14       336         0        0.58929
   1.48704        23       417         0        0.61310
   1.49394        19       435         0        0.59821
   1.50085        19       374         0        0.58036
   1.50775        10       413         0        0.61310
   1.51466         9       346         0        0.53869
   1.52156         8       405         0        0.56845
   1.52847        26       368         0        0.57738
   1.53537        26       340         0        0.57738
   1.54228        20       367         0        0.57143
   1.54919        19       345         0        0.58036
   1.55609        36       389         0        0.62500
   1.56300        35       416         0        0.65179
   1.56990        14       381         0        0.60417
   1.57681        39       408         0        0.62500
   1.58371        47       399         0        0.62798
   1.59062        20       339         0        0.59524
   1.59752        17       434         0        0.62798
   1.60443        28       387         0        0.66071
   1.61133        12       428         0        0.61905
   1.61824         8       390         0        0.58036
   1.62514        24       397         0        0.63095
   1.63205        11       410         0        0.66964
   1.63686        20       405         0        0.63393
   1.64377        19       383         0        0.60119
   1.65067        13       401         0        0.63988
   1.65758        20       382         0        0.63393
   1.66448        28       385         0        0.62798
   1.67139        26       385         0        0.61012
   1.67829        16       412         0        0.62500
   1.68520        16       405         0        0.64286
   1.69211        13       388         0        0.61310
   1.69901         6       412         0        0.61607
   1.70592         8       422         0        0.65179
   1.71282         7       499         0        0.64583
   1.71973        16       394         0        0.66071
   1.72663         6       395         0        0.60714
   1.73354        16       387         0        0.60714
   1.74044         2       424         0        0.58631
   1.74735        23       468         0        0.64286
   1.75425        14       392         0        0.61607
   1.76116        10       407         0        0.54762
   1.76806        29       465         0        0.62500
   1.77497        18       419         0        0.58929
   1.78188        45       393         0        0.63393
   1.78878        18       424         0        0.65179
   1.79569        18       397         0        0.61607
   1.80259        28       409         0        0.61012
   1.80950        22       430         0        0.65179
   1.81640        21       450         0        0.67560
   1.82331        22       439         0        0.63393
   1.83021        15       418         0        0.63988
   1.83712        13       434         0        0.62500
   1.84402        13       440         0        0.61607
   1.85093        18       414         0        0.59524
   1.85783        42       448         0        0.68452
   1.86474        47       394         0        0.63690
   1.87165        37       346         0        0.58333
   1.87855         6       409         0        0.59524
   1.88546        19       406         0        0.61905
   1.89236        17       389         0        0.57440
   1.89927        14       378         0        0.59226
   1.90617        11       356         0        0.63393
   1.91308        28       423         0        0.63393
   1.91998        11       383         0        0.61607
   1.92689        23       399         0        0.67262
   1.93379        25       401         0        0.68155
   1.94070        24       380         0        0.61607
   1.94760        16       416         0        0.61310
   1.95451        14       393         0        0.61607
   1.96141        22       362         1        0.63393
   1.96832        19       358         0        0.59821
   1.97523        18       362         0        0.58333
   1.98213        17       397         0        0.61905
   1.98904        22       328         0        0.55060
   1.99594        15       349         0        0.60119
   2.00285        18       352         0        0.61607
   2.00975        17       325         0        0.58333
   2.01666        11       376         0        0.62798
   2.02206        23       388         0        0.62798
   2.02896        21       383         0        0.62202
   2.03587         6       354         0        0.56250
   2.04277        10       318         0        0.54762
   2.04968        13       359         0        0.62500
   2.05658        36       320         0        0.63988
   2.06349        17       382         0        0.63988
   2.07039        10       364         0        0.60119
   2.07730        14       379         0        0.60714
   2.08421         6       393         0        0.56548
   2.09111        19       400         0        0.67560
   2.09802         8       375         0        0.63690
   2.10492         0       359         0        0.58631
   2.11183         4       354         0        0.63095
   2.11873        10       369         0        0.61310
   2.12564        13       386         0        0.65774
   2.13254         4       379         0        0.64583
   2.13945         8       392         0        0.64881
   2.14635         8       402         0        0.60417
   2.15326         2       365         0        0.61905
   2.16016        12       401         0        0.66964
   2.16707         4       441         0        0.70833
   2.17397        11       397         0        0.68155
   2.18088        12       430         0        0.66369
   2.18779        23       394         0        0.63690
   2.19469        11       417         0        0.68750
   2.20160        12       416         0        0.63393
   2.20850        27       404         0        0.65774
   2.21541        16       381         0        0.65476
   2.22231        22       433         0        0.69940
   2.22922        23       376         0        0.67262
   2.23612        27       395         0        0.65179
   2.24303        12       399         0        0.66667
   2.24993        26       419         0        0.68155
   2.25684        26       392         0        0.66964
   2.26375        27       390         0        0.66964
   2.27065        23       373         0        0.62798
   2.27756        18       382         0        0.68750
   2.28446        15       428         0        0.67857
   2.29137        10       404         0        0.67857
   2.29827        20       440         0        0.71429
   2.30518         8       403         0        0.67560
   2.31208        17       457         0        0.72917
   2.31899        14       468         0        0.72619
   2.32589         5       403         0        0.61905
   2.33280        12       395         0        0.61905
   2.33970        13       356         0        0.60119
   2.34661         6       387         0        0.62500
   2.35351         9       461         0        0.65774
   2.36042         2       463         0        0.65179
   2.36733         4       454         0        0.63095
   2.37423         5       381         0        0.62202
   2.38114         6       482         0        0.65774
   2.38804         8       434         0        0.69940
   2.39495         0       425         0        0.69048
   2.40185         0       450         0        0.66369
   2.40719         6       454         0        0.64881
   2.41409         3       455         0        0.66667
   2.42100         0       459         0        0.66667
   2.42790         8       446         0        0.68750
   2.43481        17       466         0        0.71131
   2.44172         8       463         0        0.69643
   2.44862        14       438         0        0.68750
   2.45553         9       438         0        0.66369
   2.46243         9       444         0        0.66369
   2.46934        12       439         0        0.65476
   2.47624         8       449         0        0.65476
   2.48315        15       484         0        0.67857
   2.49005        15       453         0        0.70238
   2.49696         4       440         0        0.68155
   2.50386        20       455         0        0.68750
   2.51077        19       404         0        0.67262
   2.51767         9       454         0        0.68155
   2.52458         6       462         0        0.66369
   2.53149         6       459         0        0.67262
   2.53839         0       404         0        0.71131
   2.54530         4       426         0        0.70833
   2.55220         5       484         0        0.69940
   2.55911         7       410         0        0.73810
   2.56601        13       429         0        0.69048
   2.57292         8       397         0        0.69048
   2.57982         4       431         0        0.69048
   2.58673        13       466         0        0.69940
   2.59363        21       433         0        0.70536
   2.60054        17       426         0        0.70536
   2.60744        12       440         0        0.72321
   2.61435         9       457         0        0.71429
   2.62126         8       436         0        0.71429
   2.62816        11       482         0        0.73214
   2.63507         3       409         0        0.70238
   2.64197         7       443         0        0.71726
   2.64888        14       420         0        0.70833
   2.65578         1       408         0        0.67857
   2.66269         7       451         0        0.69048
   2.66959         3       439         0        0.69643
   2.67650        14       424         0        0.71726
   2.68340         6       421         0        0.69643
   2.69031         5       369         0        0.64583
   2.69721         9       384         0        0.64881
   2.70412         3       388         0        0.65476
   2.71102         9       381         0        0.68155
   2.71793        10       417         0        0.67857
   2.72484        22       461         0        0.70238
   2.73174        15       413         0        0.70536
   2.73865        12       472         0        0.73512
   2.74555         9       422         0        0.71726
   2.75246        11       415         0        0.70833
   2.75936        15       433         0        0.71429
   2.76627         7       409         0        0.70833
   2.77317        16       407         0        0.72024
   2.78008         8       396         0        0.63095
   2.78698         8       378         0        0.65179
   2.79252        10       376         0        0.61905
   2.79943        19       357         0        0.60714
   2.80633         9       379         0        0.62798
   2.81324         8       373         0        0.65179
   2.82014         7       378         0        0.62202
   2.82705         0       369         0        0.62500
   2.83396         2       332         0        0.61905
   2.84086         3       416         0        0.65476
   2.84777         3       393         0        0.64583
   2.85467        10       374         0        0.62798
   2.86158         4       380         0        0.66369
   2.86848         8       404         0        0.61905
   2.87539        13       375         0        0.63690
   2.88229        10       396         0        0.61905
   2.88920        22       369         0        0.63393
   2.89610        26       399         0        0.64286
   2.90301         8       396         0        0.65179
   2.90991         8       369         0        0.62500
   2.91682        10       332         0        0.60714
   2.92373         8       368         0        0.62798
   2.93063        11       385         0        0.63690
   2.93754        13       360         0        0.61012
   2.94444         3       376         0        0.63988
   2.95135         6       380         0        0.63095
   2.95825        37       376         0        0.63690
   2.96516        26       367         0        0.61310
   2.97206        14       377         0        0.62500
   2.97897        35       357         0        0.63095
   2.98587        20       365         0        0.63690
   2.99278        17       351         0        0.61012
   2.99968        20       414         0        0.63690
   3.00659         7       400         0        0.64583
   3.01350        11       386         0        0.64881
   3.02040         9       397         0        0.66369
   3.02731        13       410         0        0.65179
   3.03421         6       342         0        0.57143
   3.04112        14       379         0        0.61905
   3.04802        10       371         0        0.57738
   3.05493         8       346         0        0.58929
   3.06183        11       398         0        0.60714
   3.06874        13       342         0        0.61310
   3.07564        12       416         0        0.66964
   3.08255        14       425         0        0.66667
   3.08945        14       391         0        0.69940
   3.09636        11       418         0        0.66667
   3.10327        10       394         0        0.62798
   3.11017        21       368         0        0.68452
   3.11708        12       411         0        0.63095
   3.12398        19       383         0        0.66369
   3.13089        14       413         0        0.66964
   3.13779        10       370         0        0.65179
   3.14470        16       393         0        0.69048
   3.15160        13       404         0        0.65476
   3.15851         7       382         0        0.65179
   3.16541        14       362         0        0.65179
   3.17232        19       417         0        0.68452
   3.17839        15       392         0        0.65774
   3.18530         6       430         0        0.67262
   3.19220         3       436         0        0.65774
   3.19911         7       419         0        0.65774
   3.20601        13       444         0        0.65476
   3.21292         3       397         0        0.64583
   3.21982         7       394         1        0.66964
   3.22673        10       432         0        0.67262
   3.23363        10       369         0        0.62202
   3.24054        10       382         0        0.67262
   3.24744        13       416         0        0.66667
   3.25435        10       395         0        0.60714
   3.26126        17       459         0        0.68750
   3.26816        17       369         0        0.59226
   3.27507        22       464         0        0.67560
   3.28197        25       444         0        0.68452
   3.28888        24       437         0        0.68155
   3.29578        27       439         0        0.66667
   3.30269        21       429         0        0.63690
   3.30959        27       373         0        0.61607
   3.31650        23       419         0        0.61905
   3.32340        18       377         0        0.62500
   3.33031         5       421         0        0.61012
   3.33721        15       407         0        0.61310
   3.34412        15       354         0        0.58929
   3.35102        19       355         0        0.64583
   3.35793        10       400         0        0.65774
   3.36484        12       417         0        0.68452
   3.37174        18       400         0        0.63095
   3.37865         5       400         0        0.63095
   3.38555         7       425         0        0.70536
   3.39246         9       397         0        0.68452
   3.39936         9       396         0        0.64881
   3.40627        17       378         0        0.60714
   3.41317         9       414         0        0.61012
   3.42008        29       379         0        0.64583
   3.42698        19       378         0        0.68750
   3.43389        26       422         0        0.66667
   3.44080        25       401         0        0.64286
   3.44770        21       453         0        0.66964
   3.45461        21       392         0        0.64583
   3.46151         0       384         0        0.62798
   3.46842         4       439         0        0.63690
   3.47532         9       398         0        0.61310
   3.48223        10       435         0        0.66369
   3.48913        11       350         0        0.60714
   3.49604         5       382         0        0.59524
   3.50294         3       378         0        0.61607
   3.50985         9       397         0        0.63988
   3.51675        25       426         0        0.68155
   3.52366        21       357         0        0.61905
   3.53056        16       360         0        0.62202
   3.53747        18       376         0        0.65179
   3.54438        16       429         0        0.67560
   3.55128        15       362         0        0.59821
   3.55819         8       395         0        0.64881
   3.56427        15       446         0        0.66071
   3.57118        19       381         0        0.63690
   3.57808         4       436         0        0.64583
   3.58499        10       428         0        0.69048
   3.59189        11       419         0        0.62798
   3.59880         5       380         0        0.62798
   3.60571        10       371         0        0.61905
   3.61261        16       415         0        0.64583
   3.61952        14       410         0        0.62500
   3.62642        13       408         0        0.63988
   3.63333        10       384         0        0.65476
   3.64023        32       390         0        0.68750
   3.64714        16       412         0        0.68452
   3.65404        28       390         0        0.65476
   3.66095        13       417         0        0.67262
   3.66785        13       419         0        0.64881
   3.67476        10       400         0        0.64881
   3.68166         9       441         0        0.65476
   3.68857        20       457         0        0.68452
   3.69548        21       369         0        0.65774
   3.70238        21       403         0        0.68452
   3.70929        21       386         0        0.65476
   3.71619        18       379         0        0.64881
   3.72310        20       405         0        0.70238
   3.73000        19       390         0        0.67560
   3.73691        31       398         0        0.66369
   3.74381        13       393         0        0.61607
   3.75072        22       452         0        0.66964
   3.75762         7       435         0        0.65179
   3.76453        12       384         0        0.60417
   3.77143        15       437         0        0.62202
   3.77834         9       433         0        0.61310
   3.78524         3       469         0        0.61607
   3.79215        11       403         0        0.58036
   3.79906        15       394         0        0.63095
   3.80596        12       401         0        0.63095
   3.81287        15       454         0        0.64583
   3.81977         0       395         0        0.60119
   3.82668        17       421         0        0.59821
   3.83358        33       396         0        0.66071
   3.84049        17       418         0        0.64583
   3.84739        19       461         0        0.68155
   3.85430        14       420         0        0.63988
   3.86120         9       446         0        0.65179
   3.86811        12       421         0        0.67857
   3.87502        16       427         0        0.65774
   3.88192         8       441         0        0.66071
   3.88883        23       395         0        0.65476
   3.89573         0       420         0        0.64286
   3.90264         4       409         0        0.64583
   3.90954        12       487         0        0.68155
   3.91645         5       449         0        0.67262
   3.92335         9       423         0        0.68155
   3.93026        15       441         0        0.66667
   3.93716         8       440         0        0.68750
   3.94407         6       429         0        0.66369
   3.95019         4       413         0        0.63393
   3.95710        12       439         0        0.64286
   3.96400         1       400         0        0.62798
   3.97091         3       416         0        0.63988
   3.97781         0       426         0        0.72024
   3.98472         0       459         0        0.70536
   3.99162         2       443         0        0.71131
   3.99853         1       431         0        0.65179
   4.00543         4       393         0        0.64286
   4.01234         4       399         0        0.64881
   4.01924        13       422         0        0.70833
   4.02615         6       433         0        0.67262
   4.03306         4       447         0        0.70833
   4.03996         4       467         0        0.69345
   4.04687         4       406         0        0.65774
   4.05377         2       473         0        0.70536
   4.06068         5       474         0        0.71726
   4.06758         2       493         0        0.70833
   4.07449        11       450         0        0.70536
   4.08139        18       424         0        0.66071
   4.08830         8       438         0        0.68452
   4.09520        11       462         0        0.67857
   4.10211        10       429         0        0.66667
   4.10901        11       406         0        0.61607
   4.11592         5       416         0        0.64286
   4.12283         0       412         0        0.61607
   4.12973         0       395         0        0.62202
   4.13664         2       443         0        0.61905
   4.14354         0       362         0        0.60119
   4.15045        15       409         0        0.69345
   4.15735        11       413         0        0.67560
   4.16426         9       393         0        0.62500
   4.17116         0       394         0        0.65476
   4.17807         0       379         0        0.59821
   4.18497         5       393         0        0.61012
   4.19188         8       413         0        0.64286
   4.19878         3       399         0        0.66071
   4.20569         2       455         0        0.66964
   4.21260         4       376         0        0.60714
   4.21950        11       433         0        0.69048
   4.22641         6       404         0        0.67262
   4.23331        24       431         0        0.68750
   4.24022         9       414         0        0.64286
   4.24712         9       480         0        0.66369
   4.25403         9       449         0        0.64881
   4.26093        14       372         0        0.62202
   4.26784        17       472         0        0.66964
   4.27474        16       450         0        0.66071
   4.28165        18       389         0        0.63988
   4.28855        20       411         0        0.65476
   4.29546        12       402         0        0.66071
   4.30236        18       361         0        0.61905
   4.30927        10       415         0        0.66369
   4.31618        14       388         0        0.69345
   4.32308        17       375         0        0.67857
   4.32999         6       416         0        0.63988
   4.33608        18       420         0        0.68750
   4.34299        10       455         0        0.68750
   4.34989        10       385         0        0.66964
   4.35680        10       404         0        0.68155
   4.36371         6       398         0        0.63988
   4.37061         8       400         0        0.70238
   4.37752        10       389         0        0.69643
   4.38442        17       387         0        0.69345
   4.39133        10       443         0        0.70238
   4.39823        30       445         0        0.73810
   4.40514        17       370         0        0.66964
   4.41204        17       413         0        0.72024
   4.41895        10       423         0        0.73512
   4.42585        13       420         0        0.72024
   4.43276        16       421         0        0.71131
   4.43966        12       385         0        0.71131
   4.44657         7       420         0        0.69345
   4.45348         9       399         0        0.66071
   4.46038        15       431         0        0.70536
   4.46729        18       438         0        0.69048
   4.47419        25       377         0        0.64286
   4.48110         3       419         0        0.69345
   4.48800        18       377         0        0.68750
   4.49491        10       419         0        0.67560
   4.50181        18       384         0        0.69048
   4.50872        10       400         0        0.69345
   4.51562         6       416         0        0.65774
   4.52253        15       352         0        0.63393
   4.52943        13       381         0        0.66071
   4.53634        20       389         0        0.65476
   4.54325        20       361         0        0.64286
   4.55015         8       384         0        0.63690
   4.55706        17       402         0        0.74107
   4.56396        13       397         0        0.71429
   4.57087        15       441         0        0.70536
   4.57777        25       401         0        0.70833
   4.58468        20       414         0        0.72917
   4.59158        16       412         0        0.69345
   4.59849        17       401         0        0.69345
   4.60539        19       427         0        0.71726
   4.61230        25       398         0        0.69940
   4.61920        18       445         0        0.71429
   4.62611        12       377         0        0.67262
   4.63301        17       446         0        0.70238
   4.63992        11       451         0        0.71131
   4.64683         8       420         0        0.70536
   4.65373        14       419         0        0.70238
   4.66064        25       401         0        0.71726
   4.66754         8       421         0        0.66667
   4.67445        12       390         0        0.67560
   4.68135        12       389         0        0.68155
   4.68826        10       401         0        0.70536
   4.69516        14       401         0        0.67262
   4.70207        14       420         0        0.68452
   4.70897        17       400         0        0.70833
   4.71588        10       394         0        0.70536
   4.72278        22       423         0        0.68155
   4.72282        12       422         0        0.67560
   4.72973        20       364         0        0.64881
   4.73663        18       394         0        0.66964
   4.74354        18       418         0        0.67560
   4.75044         7       401         0        0.70238
   4.75735        10       409         0        0.63988
   4.76425        15       392         0        0.69345
   4.77116         8       403         0        0.69643
   4.77807        12       400         0        0.65774
   4.78497        16       431         0        0.69048
   4.79188        22       407         0        0.70833
   4.79878         8       381         0        0.66667
   4.80569        14       401         0        0.68452
   4.81259         9       401         0        0.68452
   4.81950        18       458         0        0.68750
   4.82640        17       435         0        0.66071
   4.83331        15       451         0        0.69643
   4.84021        20       395         0        0.70238
   4.84712         7       452         0        0.69048
   4.85402        10       416         0        0.64881
   4.86093        17       390         0        0.64881
   4.86784        19       415         0        0.70238
   4.87474         8       393         0        0.66667
   4.88165        10       440         0        0.69345
   4.88855         9       426         0        0.68452
   4.89546        11       388         0        0.67262
   4.90236        10       407         0        0.68452
   4.90927         4       375         0        0.63690
   4.91617         4       379         0        0.63988
   4.92308         6       429         0        0.69940
   4.92998        14       431         0        0.71429
   4.93689        20       408         0        0.69345
   4.94379        20       411         0        0.71726
   4.95070        13       413         0        0.69345
   4.95761         9       382         0        0.63988
   4.96451         4       376         0        0.68155
   4.97142         9       416         0        0.69048
   4.97832         6       385         0        0.67857
   4.98523        18       451         0        0.69048
   4.99213        12       418         0        0.67560
   4.99904        16       414         0        0.72024
   5.00594        10       383         0        0.66369
   5.01285        11       416         0        0.68155
   5.01975        13       435         0        0.70833
   5.02666        12       413         0        0.69940
   5.03356         9       366         0        0.66667
   5.04047        34       404         0        0.69345
   5.04738        15       455         0        0.72619
   5.05428        12       379         0        0.66667
   5.06119        10       361         0        0.65476
   5.06809        18       416         0        0.74405
   5.07500        15       392         0        0.70536
   5.08190        13       415         0        0.69048
   5.08881        19       381         0        0.67857
   5.09571         8       418         0        0.67262
   5.10262        17       393         0        0.70536
   5.10952        19       396         0        0.69345
   5.10961        17       378         0        0.67262
   5.11651        12       396         0        0.70833
   5.12342        21       437         0        0.74107
   5.13032        12       444         0        0.71429
   5.13723        11       346         0        0.65774
   5.14413        10       390         0        0.69940
   5.15104        16       389         0        0.71429
   5.15794        19       416         0        0.70238
   5.16485         9       450         0        0.71726
   5.17175         8       432         0        0.69345
   5.17866        11       415         0        0.70536
   5.18556        15       420         0        0.71429
   5.19247        14       409         0        0.73512
   5.19938        14       385         0        0.69643
   5.20628        18       388         0        0.68155
   5.21319        20       417         0        0.69345
   5.22009        12       386         0        0.68452
   5.22700        11       409         0        0.67857
   5.23390         1       409         0        0.66964
   5.24081        10       385         0        0.65476
   5.24771        23       411         0        0.68155
   5.25462        13       375         0        0.69345
   5.26152        18       420         0        0.68452
   5.26843        17       398         0        0.69048
   5.27533        24       418         0        0.70536
   5.28224        14       397         0        0.70536
   5.28915        10       365         0        0.67262
   5.29605         8       419         0        0.69940
   5.30296         4       428         0        0.69643
   5.30986         6       436         0        0.69940
   5.31677         4       426         0        0.71131
   5.32367         6       454         0        0.70238
   5.33058        13       413         0        0.69940
   5.33748         7       468         0        0.73810
   5.34439        18       442         0        0.67857
   5.35129         8       424         0        0.69345
   5.35820         9       419         0        0.69643
   5.36510        10       435         0        0.69940
   5.37201        19       436         0        0.72024
   5.37892         5       419         0        0.64583
   5.38582         2       470         0        0.71131
   5.39273         7       415         0        0.69345
   5.39963        10       457         0        0.72024
   5.40654        10       427         0        0.70536
   5.41344        13       431         0        0.68452
   5.42035        12       378         0        0.66071
   5.42725        12       368         0        0.65476
   5.43416         8       371         0        0.65476
   5.44106        12       413         0        0.66071
   5.44797        15       414         0        0.66667
   5.45487        18       392         0        0.65774
   5.46178         8       407         0        0.68750
   5.46869        12       510         0        0.75298
   5.47559         6       407         0        0.65774
   5.48250         8       414         0        0.66369
   5.48940        11       394         0        0.67262
   5.49631         6       407         0        0.66964
   5.49670        10       386         0        0.66964
   5.50360        14       349         0        0.69048
   5.51051        16       373         0        0.69643
   5.51741        12       421         0        0.66964
   5.52432         8       370         0        0.66667
   5.53122        10       405         0        0.69940
   5.53813        10       405         0        0.65476
   5.54503         8       393         0        0.67560
   5.55194        12       402         0        0.67262
   5.55884        16       436         0        0.70833
   5.56575         8       502         0        0.71726
   5.57266        17       439         0        0.68750
   5.57956         7       443         0        0.69940
   5.58647         4       358         0        0.64881
   5.59337        15       459         0        0.70833
   5.60028        10       427         0        0.66964
   5.60718        15       404         0        0.64881
   5.61409        14       426         0        0.72917
   5.62099         8       439         0        0.71726
   5.62790         6       420         0        0.69940
   5.63480         6       365         0        0.66964
   5.64171        27       430         0        0.72321
   5.64861        11       436         0        0.69940
   5.65552        22       369         0        0.69048
   5.66243        15       420         0        0.69345
   5.66933        21       407         0        0.70238
   5.67624        16       371         0        0.66369
   5.68314         9       425         0        0.69345
   5.69005         9       397         0        0.69345
   5.69695        15       382         0        0.67262
   5.70386        18       394         0        0.69048
   5.71076        21       439         0        0.68452
   5.71767        12       413         0        0.67857
   5.72457        10       465         0        0.67560
   5.73148         6       430         0        0.64286
   5.73838        10       414         0        0.68750
   5.74529         2       348         0        0.62202
   5.75220         8       376         0        0.63393
   5.75910         8       443         0        0.70238
   5.76601        11       413         0        0.69048
   5.77291        14       344         0        0.67857
   5.77982        17       374         0        0.70536
   5.78672        22       389         0        0.64881
   5.79363        12       422         0        0.67560
   5.80053        21       431         0        0.72321
   5.80744        18       412         0        0.71131
   5.81434        17       443         0        0.75893
   5.82125        16       415         0        0.71429
   5.82815        22       431         0        0.75595
   5.83506        18       409         0        0.71726
   5.84197        12       408         0        0.69048
   5.84887        20       427         0        0.70536
   5.85578        26       436         0        0.74107
   5.86268        24       431         0        0.72917
   5.86959        12       435         0        0.71131
   5.87649        14       434         0        0.68155
   5.88340        12       385         0        0.66667
   5.88347        10       381         0        0.65476
   5.89037        14       383         0        0.65774
   5.89728         8       382         0        0.65179
   5.90418        20       402         0        0.69643
   5.91109        21       430         0        0.70536
   5.91799        20       401         0        0.71429
   5.92490        14       438         0        0.73214
   5.93180        25       429         0        0.69940
   5.93871        16       441         0        0.68750
   5.94561        12       365         0        0.69345
   5.95252        26       386         0        0.66964
   5.95942        16       397         0        0.69643
   5.96633        13       399         0        0.71131
   5.97324        24       432         0        0.73214
   5.98014        16       431         0        0.70833
   5.98705        16       409         0        0.68452
   5.99395        18       394         0        0.70536
   6.00086        33       434         0        0.71726
   6.00776        13       379         0        0.69643
   6.01467        26       460         0        0.70536
   6.02157        14       383         0        0.68452
   6.02848        13       374         0        0.68452
   6.03538        14       432         0        0.72917
   6.04229        12       413         0        0.71131
   6.04919         9       414         0        0.69940
   6.05610         9       410         0        0.69048
   6.06301        30       405         0        0.72321
   6.06991        24       440         0        0.70536
   6.07682        30       410         0        0.67857
   6.08372        27       390         0        0.67262
   6.09063        22       437         0        0.66071
   6.09753        30       412         0        0.67560
   6.10444        13       430         0        0.66369
   6.11134        30       405         0        0.65179
   6.11825         8       398         0        0.65179
   6.12515        19       426         1        0.67262
   6.13206        12       406         0        0.64286
   6.13896         8       401         0        0.65179
   6.14587        18       388         0        0.63988
   6.15278        12       420         0        0.67560
   6.15968        14       409         0        0.62202
   6.16659        10       453         0        0.67560
   6.17349        39       457         0        0.69048
   6.18040        20       358         0        0.65179
   6.18730        29       415         0        0.70536
   6.19421        23       347         0        0.63690
   6.20111        14       428         0        0.69048
   6.20802        14       385         0        0.69345
   6.21492        22       421         0        0.66964
   6.22183        19       382         0        0.66964
   6.22873        44       414         0        0.68155
   6.23564        11       425         0        0.69345
   6.24255         8       427         0        0.66964
   6.24945        12       419         0        0.64881
   6.25636        21       362         0        0.65476
   6.26326        15       368         0        0.63095
   6.27017        10       416         0        0.65179
   6.27042        10       390         0        0.62500
   6.27732        32       388         0        0.66964
   6.28423        25       417         0        0.68750
   6.29113         7       395         0        0.66667
   6.29804        12       389         0        0.68452
   6.30495        14       374         0        0.64881
   6.31185        22       380         0        0.67262
   6.31876        21       396         0        0.67262
   6.32566        14       444         0        0.66071
   6.33257        17       405         0        0.67857
   6.33947        10       424         0        0.68155
   6.34638         4       401         0        0.64583
   6.35328        29       423         0        0.70238
   6.36019        22       373         0        0.66667
   6.36709        13       372         0        0.63988
   6.37400        24       419         0        0.67560
   6.38090        21       463         0        0.71131
   6.38781        13       390         0        0.72321
   6.39472        25       397         0        0.69345
   6.40162        18       408         0        0.69345
   6.40853        22       363         0        0.63690
   6.41543        24       360         0        0.71429
   6.42234        25       444         0        0.76190
   6.42924        19       428         0        0.70536
   6.43615        13       425         0        0.73512
   6.44305        28       419         0        0.74405
   6.44996        29       421         0        0.74702
   6.45686        24       462         0        0.76190
   6.46377        22       436         0        0.77381
   6.47067        16       449         0        0.71726
   6.47758        31       441         0        0.74702
   6.48449        12       429         0        0.74702
   6.49139        33       384         0        0.73512
   6.49830        19       429         0        0.72619
   6.50520        24       464         0        0.74107
   6.51211        25       448         0        0.76488
   6.51901        16       376         0        0.72619
   6.52592        18       428         0        0.72917
   6.53282        23       386         0        0.75298
   6.53973        27       414         0        0.73810
   6.54663         8       433         0        0.72619
   6.55354        19       412         0        0.76190
   6.56044        17       394         0        0.73512
   6.56735        16       413         0        0.75000
   6.57426        18       447         0        0.77679
   6.58116        23       427         0        0.74405
   6.58807        17       385         0        0.72321
   6.59497        26       408         0        0.76488
   6.60188        36       467         0        0.79762
   6.60878        25       437         0        0.77679
   6.61569        26       410         0        0.77679
   6.62259        26       443         0        0.76190
   6.62950        30       410         0        0.75893
   6.63640        39       432         0        0.78274
   6.64331        31       404         0        0.74405
   6.65021        24       405         0        0.75298
   6.65712        27       419         0        0.71726
   6.65730        21       405         0        0.71429
   6.66421        26       422         0        0.75000
   6.67112        37       472         0        0.78571
   6.67802        31       398         0        0.79464
   6.68493        15       367         0        0.74107
   6.69183        26       425         0        0.75893
   6.69874        13       405         0        0.74405
   6.70564        22       467         0        0.75298
   6.71255        25       441         0        0.74702
   6.71945        27       405         0        0.73512
   6.72636        16       435         0        0.76190
   6.73326        24       384         0        0.75893
   6.74017        23       421         0        0.73810
   6.74707        14       414         0        0.74107
   6.75398        13       447         0        0.71429
   6.76089        30       441         0        0.75893
   6.76779        46       425         0        0.76488
   6.77470        21       402         0        0.70536
   6.78160        18       404         0        0.73810
   6.78851        20       407         0        0.74405
   6.79541        33       398         0        0.72321
   6.80232        31       451         0        0.74702
   6.80922        31       408         0        0.76786
   6.81613        28       396         0        0.71131
   6.82303        19       403         0        0.72619
   6.82994        18       408         0        0.71429
   6.83684         7       421         0        0.67857
   6.84375        29       448         0        0.73810
   6.85066        22       424         0        0.73810
   6.85756        23       449         0        0.75298
   6.86447        28       430         0        0.80655
   6.87137        33       431         0        0.75595
   6.87828        32       411         0        0.73512
   6.88518        32       411         0        0.71131
   6.89209        28       400         0        0.71429
   6.89899        26       418         0        0.72321
   6.90590        22       422         0        0.71131
   6.91280        31       465         0        0.72917
   6.91971        33       407         0        0.71429
   6.92661        29       398         0        0.74702
   6.93352        11       379         0        0.68452
   6.94043        30       428         0        0.75595
   6.94733        32       425         0        0.75595
   6.95424        19       429         0        0.72619
   6.96114        31       436         0        0.74405
   6.96805        34       397         0        0.75595
   6.97495        30       466         0        0.77679
   6.98186        28       408         0        0.71131
   6.98876        28       446         0        0.76786
   6.99567        40       386         0        0.75595
   7.00257        19       396         0        0.74405
   7.00948        16       430         0        0.74107
   7.01638        30       436         0        0.71726
   7.02329        18       455         0        0.73214
   7.03020        20       398         0        0.72917
   7.03710        25       416         0        0.79167
   7.04401        28       462         0        0.76488
   7.04431        28       459         0        0.78274
   7.05122        25       409         0        0.73512
   7.05812        23       462         0        0.75000
   7.06503        21       389         0        0.73214
   7.07193        18       446         0        0.76786
   7.07884        24       425         0        0.75000
   7.08574        30       419         0        0.77381
   7.09265        25       399         0        0.74107
   7.09956        16       466         0        0.75595
   7.10646        34       449         0        0.74702
   7.11337        28       423         0        0.70536
   7.12027        30       414         0        0.71726
   7.12718        25       416         0        0.74405
   7.13408        18       502         0        0.75595
   7.14099        34       452         0        0.74405
   7.14789        25       403         1        0.73810
   7.15480        26       451         0        0.73810
   7.16170        12       392         0        0.73512
   7.16861        25       423         0        0.73810
   7.17551         4       418         0        0.73214
   7.18242        19       478         0        0.73512
   7.18933        26       427         0        0.73512
   7.19623        23       410         0        0.73512
   7.20314        18       420         0        0.73810
   7.21004        21       413         0        0.72321
   7.21695        31       423         0        0.75000
   7.22385        26       426         0        0.71429
   7.23076        19       405         0        0.72024
   7.23766        20       410         0        0.72917
   7.24457        36       416         0        0.72917
   7.25147        27       377         0        0.73214
   7.25838        18       421         0        0.74107
   7.26528         9       468         0        0.72321
   7.27219        16       411         0        0.72917
   7.27910        24       430         0        0.74405
   7.28600        19       487         0        0.78274
   7.29291        14       397         0        0.72321
   7.29981        12       412         0        0.71131
   7.30672        21       416         0        0.72917
   7.31362        19       426         0        0.74405
   7.32053        15       421         0        0.73810
   7.32743        18       434         0        0.75893
   7.33434        17       421         0        0.72321
   7.34124        34       448         0        0.75595
   7.34815        29       375         0        0.75298
   7.35505        18       451         0        0.73810
   7.36196        19       415         0        0.73214
   7.36887        13       418         0        0.73810
   7.37577        12       417         0        0.73512
   7.38268        16       414         0        0.74107
   7.38958        16       401         0        0.74702
   7.39649        24       375         0        0.68750
   7.40339         8       447         0        0.75893
   7.41030        15       449         0        0.74405
   7.41720        17       453         0        0.76488
   7.42411        17       433         0        0.75893
   7.43101        14       432         0        0.76190
   7.43113        15       437         0        0.76488
   7.43804        19       432         0        0.72917
   7.44494        16       397         0        0.72321
   7.45185        16       377         0        0.67560
   7.45875        12       404         0        0.69643
   7.46566        22       426         0        0.72024
   7.47256        12       427         0        0.68750
   7.47947         9       457         0        0.71131
   7.48637        12       378         0        0.65476
   7.49328        19       381         0        0.67857
   7.50018        13       392         0        0.71726
   7.50709        22       409         0        0.68452
   7.51400        13       414         0        0.69048
   7.52090        18       414         0        0.69940
   7.52781        14       435         0        0.69643
   7.53471        12       402         0        0.68452
   7.54162        23       388         0        0.68155
   7.54852         9       393         0        0.63988
   7.55543         6       365         0        0.70238
   7.56233         9       389         0        0.68750
   7.56924         6       377         0        0.62500
   7.57614        11       422         0        0.66369
   7.58305         6       406         0        0.67560
   7.58995         2       425         0        0.63690
   7.59686        13       417         0        0.69048
   7.60377         6       421         0        0.68452
   7.61067         5       427         0        0.70833
   7.61758        15       421         0        0.68155
   7.62448         9       409         0        0.67560
   7.63139        15       441         0        0.69048
   7.63829        12       440         0        0.67857
   7.64520         9       435         0        0.72321
   7.65210         7       416         0        0.66071
   7.65901         6       379         0        0.63095
   7.66591         3       375         0        0.61012
   7.67282        16       396         0        0.64583
   7.67972        10       381         0        0.64583
   7.68663         6       436         0        0.64286
   7.69354         4       464         0        0.65179
   7.70044        17       385         0        0.67857
   7.70735         5       455         0        0.69940
   7.71425         9       487         0        0.67857
   7.72116        18       415         0        0.66964
   7.72806         5       480         0        0.70833
   7.73497        10       451         0        0.67560
   7.74187         6       419         0        0.63393
   7.74878         7       412         0        0.67560
   7.75568        11       432         0        0.69048
   7.76259         9       461         0        0.70536
   7.76949        16       464         0        0.70238
   7.77640        17       487         0        0.72917
   7.78331        13       378         0        0.69940
   7.79021        14       426         0        0.64583
   7.79712         5       454         0        0.66964
   7.80402         5       443         0        0.72321
   7.81093         4       449         0        0.72024
   7.81783        26       433         0        0.72917
   7.81801         3       450         0        0.67560
   7.82492         6       402         0        0.71131
   7.83182         6       453         0        0.72024
   7.83873        12       447         0        0.72024
   7.84563         2       437         0        0.71726
   7.85254        10       444         0        0.73810
   7.85944         8       433         0        0.69940
   7.86635         5       419         0        0.71429
   7.87325         4       455         0        0.72321
   7.88016         5       451         0        0.72619
   7.88707         4       408         0        0.69345
   7.89397         5       434         0        0.68750
   7.90088         6       456         0        0.70238
   7.90778        13       450         0        0.67560
   7.91469         7       396         0        0.73214
   7.92159         7       407         0        0.70536
   7.92850         6       408         0        0.69345
   7.93540        10       430         0        0.67560
   7.94231        24       450         0        0.74107
   7.94921        14       437         0        0.73512
   7.95612        17       402         0        0.68750
   7.96302        26       360         0        0.67857
   7.96993        20       433         0        0.75893
   7.97684         9       438         0        0.69940
   7.98374        16       401         0        0.69940
   7.99065        19       416         0        0.72024
   7.99755        22       405         0        0.73512
   8.00446         8       443         0        0.73512
   8.01136        19       435         0        0.72321
   8.01827        15       407         0        0.70536
   8.02517        11       381         0        0.71726
   8.03208        26       430         0        0.70536
   8.03898        12       393         0        0.62202
   8.04589        19       408         0        0.72917
   8.05279         5       403         0        0.69940
   8.05970         4       413         0        0.72321
   8.06660         7       418         0        0.66964
   8.07351         9       364         0        0.66071
   8.08042         8       378         0        0.66369
   8.08732        27       401         0        0.65476
   8.09423         9       370         0        0.67262
   8.10113         5       389         0        0.64583
   8.10804         9       399         0        0.67560
   8.11494         5       390         0        0.70238
   8.12185         9       399         0        0.67262
   8.12875         9       460         0        0.70833
   8.13566         6       418         0        0.72024
   8.14256        13       420         0        0.69048
   8.14947         6       397         0        0.69345
   8.15638         9       419         0        0.70238
   8.16328        18       407         0        0.69940
   8.17019         5       410         0        0.70238
   8.17709         5       416         0        0.72619
   8.18400         6       404         0        0.67857
   8.19090         4       443         0        0.71429
   8.19781         7       431         0        0.69048
   8.20447         7       419         0        0.70536
   8.21138         5       377         0        0.67857
   8.21828        12       446         0        0.70833
   8.22519        19       452         0        0.73214
   8.23209         9       432         0        0.68750
   8.23900         8       389         0        0.71131
   8.24590         7       405         0        0.71429
   8.25281        16       360         0        0.68750
   8.25972        12       410         0        0.72321
   8.26662        10       376         0        0.68452
   8.27353         7       383         0        0.66964
   8.28043         7       408         0        0.70536
   8.28734        29       406         0        0.69643
   8.29424         9       427         0        0.66369
   8.30115         0       402         0        0.69643
   8.30805        10       393         0        0.69345
   8.31496        22       443         0        0.71429
   8.32186        10       424         0        0.68155
   8.32877        22       414         0        0.69048
   8.33567        15       372         0        0.66369
   8.34258        13       416         0        0.67857
   8.34949        16       413         0        0.66369
   8.35639         3       412         0        0.69048
   8.36330         4       439         0        0.72024
   8.37020         9       461         0        0.70536
   8.37711        11       389         0        0.64583
   8.38401        10       415         0        0.68750
   8.39092         8       470         0        0.70833
   8.39782         8       441         0        0.68750
   8.40473        13       446         0        0.71726
   8.41163         5       457         0        0.70536
   8.41854        14       482         0        0.72917
   8.42544         8       426         0        0.67262
   8.43235         6       505         0        0.72024
   8.43926        16       480         0        0.67560
   8.44616        22       438         0        0.72024
   8.45307         4       439         0        0.66964
   8.45997        15       474         0        0.71429
   8.46688        23       496         0        0.77679
   8.47378        22       510         0        0.73214
   8.48069         6       502         0        0.75000
   8.48759         7       495         0        0.77381
   8.49450         6       484         0        0.70833
   8.50140         9       479         0        0.75298
   8.50831        11       502         0        0.74405
   8.51521         2       491         0        0.76190
   8.52212         6       480         0        0.74405
   8.52903         5       456         0        0.73810
   8.53593        17       416         0        0.69048
   8.54284         8       463         0        0.71726
   8.54974         7       491         0        0.71726
   8.55665        10       444         0        0.72321
   8.56355         0       454         0        0.67857
   8.57046         0       480         0        0.73512
   8.57736         0       469         0        0.71429
   8.58427        20       437         0        0.69940
   8.59111        19       513         0        0.74702
   8.59802        11       452         0        0.71131
   8.60492         4       468         0        0.67560
   8.61183        10       485         0        0.73214
   8.61873        20       494         0        0.73512
   8.62564        15       456         0        0.69940
   8.63254         7       503         0        0.73810
   8.63945         3       473         0        0.75893
   8.64635         6       503         0        0.74702
   8.65326        12       510         0        0.77083
   8.66017        27       508         0        0.75298
   8.66707        13       448         0        0.72917
   8.67398         5       490         0        0.72619
   8.68088        11       473         0        0.74405
   8.68779         8       519         0        0.72917
   8.69469         6       483         0        0.69940
   8.70160        10       493         0        0.74702
   8.70850         5       470         0        0.76786
   8.71541         5       457         0        0.74405
   8.72231         5       467         0        0.74405
   8.72922         4       475         0        0.74107
   8.73612         6       472         0        0.75000
   8.74303        21       475         0        0.74702
   8.74994         5       457         0        0.68750
   8.75684        12       469         0        0.71429
   8.76375         7       464         0        0.74405
   8.77065         9       463         0        0.69345
   8.77756        10       470         0        0.73214
   8.78446        10       491         0        0.76488
   8.79137         4       483         0        0.76190
   8.79827        11       503         0        0.76190
   8.80518        16       517         0        0.74702
   8.81208         8       487         0        0.72024
   8.81899        10       493         0        0.74107
   8.82589        10       512         0        0.73512
   8.83280         8       510         0        0.75595
   8.83971         8       467         0        0.73512
   8.84661         7       471         0        0.74405
   8.85352         7       458         0        0.73214
   8.86042         6       505         0        0.72024
   8.86733         6       506         0        0.77083
   8.87423         3       526         0        0.75298
   8.88114        12       495         0        0.76488
   8.88804         6       522         0        0.75893
   8.89495        10       485         0        0.76190
   8.90185         4       482         0        0.75893
   8.90876         6       524         0        0.76786
   8.91566        21       514         0        0.75595
   8.92257        18       529         0        0.74405
   8.92948         5       512         0        0.76190
   8.93638         9       508         0        0.76488
   8.94329         9       469         0        0.76786
   8.95019        12       513         0        0.76786
   8.95710        16       519         0        0.76488
   8.96400        15       490         0        0.76488
   8.97091         6       493         0        0.74702
   8.97781        10       522         0        0.75893
   8.97818         7       500         0        0.71429
   8.98509        21       530         0        0.76786
   8.99199        15       484         0        0.72619
   8.99890        16       512         0        0.76786
   9.00580        21       527         0        0.77976
   9.01271        29       499         0        0.76786
   9.01961        15       431         0        0.69048
   9.02652        15       482         0        0.73810
   9.03342        14       515         0        0.75298
   9.04033        13       507         0        0.72321
   9.04724        19       486         0        0.74405
   9.05414        15       472         0        0.70833
   9.06105        18       473         0        0.73214
   9.06795        21       457         0        0.72321
   9.07486        12       538         0        0.74107
   9.08176        18       503         0        0.76488
   9.08867         9       440         0        0.66964
   9.09557        14       462         0        0.66964
   9.10248        11       472         0        0.67560
   9.10938        21       463         0        0.70536
   9.11629        15       451         0        0.65774
   9.12319        24       472         0        0.68155
   9.13010        18       495         0        0.70536
   9.13701        12       489         0        0.70238
   9.14391        14       492         0        0.69345
   9.15082        23       437         0        0.69643
   9.15772        14       402         0        0.67857
   9.16463        15       404         0        0.64881
   9.17153         8       376         0        0.67857
   9.17844        15       420         0        0.67262
   9.18534        16       467         0        0.70536
   9.19225        13       436         0        0.69643
   9.19915         9       476         0        0.70536
   9.20606        13       450         0        0.70238
   9.21296        14       440         0        0.69048
   9.21987         2       476         0        0.69048
   9.22678         2       438         0        0.69345
   9.23368         8       436         0        0.69643
   9.24059        12       435         0        0.71131
   9.24749         4       433         0        0.70536
   9.25440         2       454         0        0.71429
   9.26130         7       466         0        0.70833
   9.26821         7       444         0        0.68750
   9.27511         9       463         0        0.73214
   9.28202        10       466         0        0.68155
   9.28892        17       497         0        0.73214
   9.29583         7       471         0        0.71131
   9.30273        10       467         0        0.71131
   9.30964        14       448         0        0.69643
   9.31655         9       446         0        0.69940
   9.32345         6       445         0        0.66964
   9.33036         6       477         0        0.71726
   9.33726         7       508         0        0.69345
   9.34417         4       435         0        0.65774
   9.35107         6       466         0        0.72619
   9.35798         8       509         0        0.75893
   9.36488         6       502         0        0.72619
   9.36547         5       507         0        0.69345
   9.37238         7       482         0        0.69643
   9.37928         6       522         0        0.74107
   9.38619        11       498         0        0.71726
   9.39309         7       426         0        0.69048
   9.40000         6       500         0        0.73810
   9.40690         3       428         0        0.67857
   9.41381         6       445         0        0.67262
   9.42072        10       463         0        0.66964
   9.42762         7       477         0        0.69345
   9.43453        10       464         0        0.73214
   9.44143         1       486         0        0.69048
   9.44834         4       511         0        0.72917
   9.45524         8       460         0        0.69940
   9.46215         3       484         0        0.71726
   9.46905         6       484         0        0.69048
   9.47596         6       525         0        0.74107
   9.48286        19       448         0        0.70833
   9.48977        15       476         0        0.72619
   9.49667         3       443         0        0.69345
   9.50358         6       456         0        0.69940
   9.51049         8       502         0        0.72917
   9.51739         2       478         0        0.69048
   9.52430         3       446         0        0.68750
   9.53120         6       456         0        0.69940
   9.53811         7       505         0        0.68452
   9.54501        14       491         0        0.72917
   9.55192        12       511         0        0.78274
   9.55882         7       483         0        0.72321
   9.56573         6       469         0        0.73512
   9.57263         8       492         0        0.70238
   9.57954         8       463         0        0.71131
   9.58644         8       438         0        0.70536
   9.59335         6       482         0        0.70536
   9.60026        14       410         0        0.68750
   9.60716        11       458         0        0.72024
   9.61407        10       427         0        0.68155
   9.62097        30       463         0        0.74702
   9.62788        23       420         0        0.71429
   9.63478        25       451         0        0.70833
   9.64169        33       482         0        0.75298
   9.64859        41       477         0        0.76786
   9.65550        28       503         0        0.72024
   9.66240        30       500         0        0.77381
   9.66931        19       500         0        0.76786
   9.67621        19       445         0        0.72321
   9.68312        25       430         0        0.70536
   9.69003        29       441         0        0.75000
   9.69693        23       427         0        0.73512
   9.70384        24       501         0        0.75893
   9.71074        29       463         0        0.74107
   9.71765        32       412         0        0.70238
   9.72455        16       426         0        0.71429
   9.73146        26       419         0        0.69643
   9.73836        35       476         0        0.72024
   9.74527        21       484         0        0.74702
   9.75217        18       439         0        0.74702
   9.75289        15       452         0        0.72619
