   0.00599         0         0         0        0.00000
   0.01215         0         0         0        0.00000
   0.01231         0         0         0        0.00000
   0.01855         0         0         0        0.00000
   0.01899         0         0         0        0.00000
   0.02534         0         0         0        0.00000
   0.02614         0         0         0        0.00000
   0.03261         0         0         0        0.00000
   0.03386         0         0         0        0.00000
   0.04038         0         0         0        0.00000
   0.04585         0         0         0        0.00000
   0.05244         0         0         0        0.00000
   0.05828         0         0         0        0.00000
   0.06495         0         0         0        0.00000
   0.07162         0         0         0        0.00000
   0.07552         0         0         0        0.00000
   0.08227         0         6         0        0.01190
   0.08902         4         0         0        0.00595
   0.09577         4         0         0        0.00595
   0.09800         8         0         0        0.02679
   0.10484         4         0         0        0.04167
   0.11169         0         0         0        0.05952
   0.11854         4        13         0        0.06548
   0.12539         0         4         0        0.13393
   0.13224        14         0         1        0.08333
   0.13909        16         0         1        0.12798
   0.14594         4         0         0        0.04464
   0.15279        14         0         0        0.09524
   0.15964         4         0         0        0.11607
   0.16649        16         0         2        0.09226
   0.17334        17         0         0        0.11012
   0.18019         0         0         0        0.13690
   0.18704         0         8         0        0.12202
   0.19388         4        10         1        0.08631
   0.20073        11         0         0        0.06548
   0.20758        16        11         0        0.09226
   0.21443         0         0         0        0.05357
   0.22128         0        10         0        0.08631
   0.22813        10        33         2        0.17560
   0.23498         5        31         1        0.14583
   0.24183        14        75         0        0.19643
   0.24868         4        46         1        0.17857
   0.25553         8        44         0        0.09226
   0.26238         4        64         1        0.14286
   0.26923         5        96         0        0.26488
   0.27607        13        85         0        0.24405
   0.28292        13       102         0        0.17262
   0.28977        42       112         0        0.28869
   0.29662        28        76         0        0.24405
   0.30347        14        67         1        0.20536
   0.31032         7        68         0        0.24405
   0.31717         4        99         0        0.23810
   0.32402        16        81         3        0.17560
   0.33087        24       120         2        0.30357
   0.33772        13       109         0        0.28571
   0.34457         2       146         0        0.24405
   0.35142        13       112         0        0.25000
   0.35827         0        98         0        0.21726
   0.36511        12       157         0        0.28274
   0.37196         1       143         0        0.23810
   0.37881         4       112         0        0.22321
   0.38566         8       151         0        0.22024
   0.39251         9        70         0        0.14583
   0.39936         8       142         0        0.30357
   0.40621         4       169         0        0.26488
   0.41306        19       190         0        0.26786
   0.41991        29       168         2        0.28274
   0.42676        52        88         0        0.22321
   0.43361         2        89         0        0.17262
   0.44046         4       116         0        0.21429
   0.44730        24       107         0        0.23810
   0.45415        20        85         1        0.22321
   0.46100        12       107         0        0.20536
   0.46785        16       115         0        0.24107
   0.47406         5        97         0        0.25298
   0.48091        19       134         0        0.25000
   0.48776         7       176         0        0.37798
   0.49461         9       149         0        0.34226
   0.50146        12       158         0        0.33333
   0.50831         5       195         0        0.39583
   0.51516         1       227         0        0.37500
   0.52201         0       167         0        0.27083
   0.52886         0       217         0        0.35714
   0.53571         6       233         0        0.38095
   0.54256        16       202         0        0.41369
   0.54940        10       192         0        0.34821
   0.55625        10       252         1        0.44048
   0.56310         0       237         0        0.38988
   0.56995         0       185         0        0.31548
   0.57680        12       202         0        0.39881
   0.58365         2       215         0        0.40774
   0.59050         4       178         1        0.36905
   0.59735        14       167         0        0.36607
   0.60420        21       228         0        0.43750
   0.61105         0       188         0        0.42262
   0.61790         8       152         0        0.36310
   0.62475         9       206         0        0.42262
   0.63159         0       226         0        0.39583
   0.63844         8       265         0        0.51190
   0.64529        11       239         0        0.46429
   0.65214        16       236         0        0.37202
   0.65899         5       255         0        0.41071
   0.66584        13       276         0        0.44643
   0.67269         5       266         0        0.41071
   0.67954         4       260         0        0.39583
   0.68639        17       262         3        0.42262
   0.69324        19       253         0        0.50298
   0.70009        22       196         4        0.42262
   0.70694         6       247         0        0.40774
   0.71379        15       215         1        0.45238
   0.72063         0       244         0        0.42560
   0.72748         0       242         0        0.49405
   0.73433        10       219         0        0.39881
   0.74118         7       240         0        0.46726
   0.74803        11       283         0        0.47917
   0.75488        11       273         0        0.44048
   0.76173         0       237         0        0.45536
   0.76858         0       275         0        0.41964
   0.77543        15       228         0        0.39881
   0.78228        14       267         0        0.44345
   0.78913         2       329         0        0.58631
   0.79598        10       288         0        0.50298
   0.80282        18       250         0        0.50298
   0.80967        45       278         0        0.55952
   0.81652        23       287         0        0.50000
   0.82337        11       256         0        0.46726
   0.83022         2       288         0        0.49405
   0.83707         8       279         0        0.50893
   0.84392        17       265         0        0.44643
   0.85040         1       231         0        0.43155
   0.85725        13       225         0        0.42262
   0.86410         7       261         0        0.47619
   0.87095        20       269         0        0.44643
   0.87780         3       329         0        0.50298
   0.88465        24       255         0        0.46726
   0.89150        13       275         0        0.44643
   0.89835        28       309         0        0.56548
   0.90520        10       257         0        0.48512
   0.91204         0       319         0        0.51190
   0.91889         5       309         0        0.52083
   0.92574        17       301         0        0.54167
   0.93259        11       377         0        0.65179
   0.93944         7       294         0        0.55655
   0.94629         7       250         0        0.44643
   0.95314        11       312         0        0.54762
   0.95999         2       335         0        0.60714
   0.96684        10       310         0        0.53869
   0.97369         2       368         0        0.56548
   0.98054         0       385         0        0.59524
   0.98739         5       343         0        0.60714
   0.99424        13       392         0        0.63095
   1.00108         0       413         0        0.61310
   1.00793         6       370         0        0.63988
   1.01478        14       377         0        0.62798
   1.02163         0       370         0        0.59821
   1.02848         6       385         0        0.64286
   1.03533         7       371         0        0.59821
   1.04218         3       345         0        0.55952
   1.04903         3       416         0        0.65179
   1.05588         8       346         0        0.57738
   1.06273         5       372         0        0.61310
   1.06958         4       352         0        0.56845
   1.07643         0       357         0        0.53274
   1.08327         0       291         0        0.52083
   1.09012         8       394         0        0.59524
   1.09697        14       296         0        0.59226
   1.10382         1       378         0        0.62202
   1.11067        12       367         0        0.59821
   1.11752         8       367         0        0.63988
   1.12437         4       349         0        0.53869
   1.13122         0       391         0        0.56845
   1.13807         3       346         0        0.57738
   1.14492         9       339         0        0.54464
   1.15177        17       377         0        0.62500
   1.15862         5       405         0        0.64881
   1.16547        12       338         0        0.60417
   1.17231        22       387         0        0.64286
   1.17916        12       376         0        0.59226
   1.18601        19       386         0        0.61012
   1.19286        36       395         2        0.63393
   1.19971        31       376         0        0.60714
   1.20656        16       394         0        0.61905
   1.21341        13       353         0        0.69643
   1.22026        12       451         0        0.65774
   1.22711        18       386         0        0.64286
   1.22736        34       357         0        0.61607
   1.23421        18       337         0        0.63988
   1.24106        28       428         0        0.65476
   1.24791        24       381         0        0.65179
   1.25476        18       363         0        0.65476
   1.26161        10       466         0        0.63988
   1.26846        12       389         0        0.64286
   1.27531        14       369         0        0.65774
   1.28216        22       370         0        0.61012
   1.28901        12       380         0        0.71726
   1.29586        17       391         0        0.64881
   1.30270        12       372         0        0.62202
   1.30955        17       352         0        0.61310
   1.31640        25       343         0        0.60417
   1.32325        21       332         0        0.55952
   1.33010        36       300         0        0.57440
   1.33695        23       314         0        0.56250
   1.34380        26       382         0        0.66667
   1.35065        32       319         0        0.58631
   1.35750        23       325         0        0.63393
   1.36435        21       390         0        0.66964
   1.37120        20       372         0        0.66369
   1.37805        24       308         0        0.57143
   1.38489        32       344         0        0.63095
   1.39174        12       408         0        0.61310
   1.39859        13       408         0        0.63988
   1.40544        21       392         0        0.64286
   1.41229        22       408         0        0.66071
   1.41914        16       377         0        0.65179
   1.42599        18       372         0        0.61607
   1.43284        19       385         0        0.63095
   1.43969        12       376         0        0.59524
   1.44654         9       437         0        0.60714
   1.45339        15       372         0        0.60714
   1.46024        12       403         0        0.71726
   1.46709        17       359         3        0.63988
   1.47393         9       405         0        0.69940
   1.48078        29       435         3        0.72619
   1.48763        15       452         2        0.71131
   1.49448         8       391         0        0.66071
   1.50133        14       401         0        0.61012
   1.50818         8       409         0        0.63690
   1.51503         3       404         0        0.65476
   1.52188        24       382         3        0.65179
   1.52873         7       370         0        0.56250
   1.53558         8       388         0        0.61012
   1.54243         9       395         0        0.63393
   1.54928         0       383         0        0.61012
   1.55612         2       378         0        0.63095
   1.56297        10       391         0        0.63988
   1.56982         7       401         0        0.66667
   1.57667         2       409         0        0.68155
   1.58352        23       408         3        0.69643
   1.59037         0       401         0        0.63988
   1.59722         0       396         0        0.59821
   1.60407        20       388         0        0.63095
   1.60484         7       353         0        0.57143
   1.61169        13       389         0        0.59226
   1.61854        21       354         0        0.62202
   1.62539         6       384         0        0.57440
   1.63224         0       355         0        0.55655
   1.63909         2       365         0        0.57738
   1.64594         8       411         0        0.60119
   1.65279        12       344         0        0.57440
   1.65964        13       373         0        0.58631
   1.66649        10       376         0        0.56250
   1.67333        15       384         0        0.61607
   1.68018         0       364         0        0.52381
   1.68703         3       347         0        0.57738
   1.69388        15       388         0        0.66964
   1.70073         9       375         0        0.58333
   1.70758        11       319         0        0.54762
   1.71443        19       380         0        0.58631
   1.72128         5       342         0        0.57440
   1.72813         4       397         0        0.59226
   1.73498         9       320         0        0.57143
   1.74183         4       353         0        0.56250
   1.74868        12       351         4        0.58929
   1.75552         0       454         0        0.59226
   1.76237         4       356         0        0.57143
   1.76922        20       406         0        0.65476
   1.77607        13       405         0        0.59821
   1.78292         2       416         0        0.61012
   1.78977        13       351         0        0.58929
   1.79662         0       373         0        0.56250
   1.80347         0       447         0        0.67262
   1.81032         0       426         0        0.60417
   1.81717         8       371         0        0.62798
   1.82402         8       379         0        0.58929
   1.83087        16       420         0        0.61607
   1.83772         0       374         0        0.60119
   1.84456         5       454         0        0.63095
   1.85141         0       455         0        0.66071
   1.85826         0       433         0        0.62202
   1.86511         3       411         0        0.66667
   1.87196         8       403         0        0.65476
   1.87881         6       370         0        0.55655
   1.88566        12       401         0        0.62202
   1.89251         4       467         0        0.60417
   1.89936         8       480         0        0.64286
   1.90621        20       381         0        0.58333
   1.91306        15       367         3        0.57143
   1.91991         8       411         0        0.60119
   1.92675        15       409         0        0.61310
   1.93360         8       428         0        0.60417
   1.94045         8       411         0        0.60417
   1.94730        14       400         0        0.63393
   1.95415        18       413         0        0.66667
   1.96100        11       443         0        0.60417
   1.96785        15       439         0        0.63393
   1.97470        19       479         0        0.67560
   1.98155         8       409         0        0.63690
   1.98172        12       442         0        0.65179
   1.98857        26       426         3        0.63393
   1.99542        25       413         2        0.61905
   2.00227        10       376         0        0.63095
   2.00912        19       430         0        0.62500
   2.01597        28       419         0        0.64286
   2.02282        10       475         0        0.64286
   2.02966        18       442         0        0.66964
   2.03651        10       425         0        0.63690
   2.04336         8       486         0        0.67262
   2.05021        12       459         0        0.65179
   2.05706        14       409         0        0.66071
   2.06391         6       456         0        0.65179
   2.07076        10       446         0        0.69940
   2.07761         3       525         0        0.69345
   2.08446         9       487         0        0.68750
   2.09131         7       407         0        0.60714
   2.09816        25       443         2        0.64286
   2.10501        14       442         0        0.66369
   2.11186        20       523         0        0.67262
   2.11870        22       461         0        0.67560
   2.12555        21       501         1        0.67857
   2.13240        12       429         0        0.65476
   2.13925        22       479         0        0.68155
   2.14610        12       511         0        0.68452
   2.15295        12       432         0        0.67262
   2.15980        11       433         0        0.63690
   2.16665        10       470         0        0.69940
   2.17350        21       442         0        0.68750
   2.18035        18       431         0        0.64881
   2.18720        16       437         0        0.68155
   2.19405        14       500         0        0.67857
   2.20089        35       442         0        0.66667
   2.20774        15       427         0        0.62798
   2.21459        11       451         0        0.66071
   2.22144        18       478         0        0.69345
   2.22829         9       430         0        0.64286
   2.23514        20       346         0        0.61012
   2.24199        13       405         0        0.65774
   2.24884        13       450         0        0.63690
   2.25569        12       411         0        0.65476
   2.26254        32       489         0        0.69345
   2.26939        27       476         0        0.68155
   2.27624        30       457         0        0.67560
   2.28309        20       420         0        0.65179
   2.28993        23       438         0        0.64881
   2.29678        26       460         0        0.69940
   2.30363        32       520         0        0.69048
   2.31048        28       448         0        0.68452
   2.31733        24       430         0        0.65179
   2.32418        26       453         0        0.66667
   2.33103        36       464         0        0.70238
   2.33788        24       486         0        0.69345
   2.34473        32       432         0        0.72024
   2.35158        46       421         0        0.68452
   2.35843        42       460         0        0.67560
   2.35852        63       470         0        0.71131
   2.36537        30       412         0        0.69345
   2.37222        42       438         0        0.69048
   2.37907        33       445         0        0.74107
   2.38592        43       409         0        0.67262
   2.39277        27       415         0        0.63988
   2.39961        35       409         0        0.67262
   2.40646        29       449         0        0.67857
   2.41331        37       470         0        0.71429
   2.42016        36       448         0        0.68452
   2.42701        51       405         0        0.72917
   2.43386        43       408         0        0.66667
   2.44071        47       457         0        0.69940
   2.44756        41       433         0        0.68155
   2.45441        38       426         0        0.67857
   2.46126        41       405         0        0.61310
   2.46811        35       419         0        0.69048
   2.47496        41       418         0        0.66667
   2.48181        48       447         0        0.67262
   2.48865        52       466         0        0.72321
   2.49550        64       390         0        0.64881
   2.50235        38       436         0        0.69643
   2.50920        63       471         0        0.69643
   2.51605        35       433         0        0.69048
   2.52290        51       438         0        0.70833
   2.52975        33       532         0        0.74405
   2.53660        48       423         0        0.65774
   2.54345        43       406         0        0.67560
   2.55030        33       408         0        0.67262
   2.55715        38       417         0        0.67857
   2.56400        39       464         0        0.67857
   2.57084        34       456         0        0.72917
   2.57769        26       383         0        0.63988
   2.58454        33       383         0        0.66964
   2.59139        47       410         0        0.66667
   2.59824        38       410         0        0.63393
   2.60509        32       421         0        0.68452
   2.61194        41       456         0        0.64286
   2.61879        43       438         0        0.67857
   2.62564        43       457         0        0.66071
   2.63249        32       409         0        0.62500
   2.63934        31       418         0        0.68750
   2.64619        42       421         0        0.67262
   2.65304        38       415         0        0.63988
   2.65988        12       446         0        0.63095
   2.66673        12       447         0        0.66071
   2.67358        20       393         0        0.63393
   2.68043        13       460         0        0.65774
   2.68728        21       437         0        0.66667
   2.69413        15       427         0        0.64881
   2.70098        22       437         0        0.66071
   2.70783        12       392         0        0.62798
   2.71468         8       434         0        0.64881
   2.72153        24       434         0        0.66369
   2.72838        16       455         0        0.70238
   2.73515        29       404         0        0.62500
   2.74200         8       406         0        0.64583
   2.74885         6       437         0        0.59821
   2.75570        17       435         0        0.66369
   2.76255        22       428         0        0.60417
   2.76940        12       444         0        0.63690
   2.77625         8       393         0        0.55952
   2.78309        14       442         0        0.66369
   2.78994        24       448         0        0.66071
   2.79679        10       490         0        0.67560
   2.80364        10       449         0        0.61607
   2.81049        11       450         0        0.66071
   2.81734        21       446         2        0.64881
   2.82419         8       448         0        0.66071
   2.83104        12       458         0        0.63095
   2.83789        14       535         0        0.68452
   2.84474        10       444         0        0.65774
   2.85159        16       442         0        0.67857
   2.85844        24       402         0        0.63393
   2.86528        19       425         0        0.63095
   2.87213        11       399         0        0.63393
   2.87898         8       442         0        0.65476
   2.88583        14       389         0        0.59524
   2.89268        14       417         0        0.63393
   2.89953        23       466         3        0.68750
   2.90638        30       428         0        0.65774
   2.91323        15       464         0        0.65774
   2.92008        31       405         0        0.66369
   2.92693         8       414         0        0.62798
   2.93378        10       368         0        0.62500
   2.94063        12       453         0        0.68155
   2.94747        17       440         0        0.66071
   2.95432        29       458         1        0.66071
   2.96117        11       404         0        0.66071
   2.96802        11       419         0        0.65179
   2.97487        12       470         0        0.63095
   2.98172         6       401         0        0.61607
   2.98857        13       412         0        0.62500
   2.99542         6       456         0        0.66369
   3.00227        11       401         0        0.61905
   3.00912        28       435         0        0.67857
   3.01597        20       466         0        0.68750
   3.02282        16       485         0        0.73214
   3.02967        25       515         0        0.73512
   3.03651        26       485         0        0.72321
   3.04336        28       442         0        0.72619
   3.05021        20       422         0        0.65179
   3.05706        20       445         0        0.66964
   3.06391         8       426         0        0.63988
   3.07076         3       408         0        0.66071
   3.07761         5       395         0        0.62500
   3.08446        17       399         0        0.66667
   3.09131        15       423         0        0.64583
   3.09816        10       457         0        0.66964
   3.10501        10       471         0        0.65476
   3.11186        14       448         0        0.66369
   3.11221         9       445         0        0.62798
   3.11906         4       422         0        0.63095
   3.12591        12       433         0        0.64286
   3.13276        22       393         0        0.62798
   3.13961        22       445         0        0.71131
   3.14646        23       402         0        0.66667
   3.15331        23       438         0        0.69940
   3.16016        17       452         0        0.69345
   3.16701        18       440         0        0.68750
   3.17386         6       477         0        0.64583
   3.18071        19       435         0        0.68452
   3.18756        19       437         0        0.63690
   3.19440        23       470         0        0.75893
   3.20125        19       471         0        0.70833
   3.20810        18       447         0        0.74702
   3.21495         7       455         0        0.68750
   3.22180        20       472         0        0.69048
   3.22865        16       437         0        0.69048
   3.23550         6       546         0        0.74405
   3.24235        23       437         0        0.73810
   3.24920        21       445         0        0.74107
   3.25605         9       483         0        0.72024
   3.26290        17       472         0        0.71726
   3.26975         8       476         0        0.74405
   3.27660         8       500         0        0.72619
   3.28344         3       464         0        0.72321
   3.29029        11       473         0        0.69643
   3.29714         5       493         0        0.72321
   3.30399        16       508         0        0.74405
   3.31084        14       469         0        0.75893
   3.31769        12       493         0        0.73512
   3.32454        12       451         0        0.71429
   3.33139        16       464         0        0.74702
   3.33824        14       480         0        0.74702
   3.34509        13       471         0        0.77083
   3.35194        16       474         0        0.77679
   3.35879        16       506         0        0.77083
   3.36563        18       505         0        0.77679
   3.37248        11       464         0        0.75000
   3.37933        24       526         0        0.76190
   3.38618        15       504         0        0.72917
   3.39303        19       464         0        0.73810
   3.39988        10       501         0        0.75595
   3.40673        12       537         0        0.78274
   3.41358        12       452         0        0.72917
   3.42043        20       535         0        0.76488
   3.42728        12       438         0        0.75000
   3.43413        25       550         0        0.76190
   3.44098        13       502         0        0.68750
   3.44783        16       558         0        0.79464
   3.45467        14       514         0        0.75893
   3.46152        12       489         0        0.72024
   3.46837         5       568         0        0.76190
   3.47522        12       448         0        0.72619
   3.48207        16       478         0        0.71131
   3.48892        16       449         0        0.75595
   3.49018        12       480         0        0.74107
   3.49703        13       438         0        0.72619
   3.50388        20       449         0        0.72917
   3.51073        14       458         0        0.75000
   3.51757        11       471         0        0.73512
   3.52442        12       416         0        0.69048
   3.53127        17       441         0        0.71131
   3.53812        22       550         0        0.75893
   3.54497        19       523         0        0.75000
   3.55182         8       520         0        0.70833
   3.55867        16       465         0        0.71131
   3.56552        14       479         0        0.73512
   3.57237        11       469         0        0.73512
   3.57922         8       545         0        0.74107
   3.58607        10       428         0        0.67560
   3.59292        12       481         0        0.70833
   3.59977        18       496         0        0.72917
   3.60661        13       513         0        0.75298
   3.61346        12       519         0        0.73810
   3.62031        13       533         0        0.73512
   3.62716        16       516         0        0.74107
   3.63401        19       540         0        0.73214
   3.64086        18       515         0        0.75595
   3.64771        14       543         0        0.75595
   3.65456        13       460         0        0.72024
   3.66141        16       505         0        0.71131
   3.66826        28       525         0        0.70536
   3.67511        13       495         0        0.72619
   3.68196        15       501         0        0.71726
   3.68880        17       482         0        0.68750
   3.69565        34       476         0        0.68750
   3.70250        20       528         0        0.74702
   3.70935        17       461         0        0.72917
   3.71620        12       474         0        0.71131
   3.72305        28       491         0        0.76786
   3.72990        14       491         0        0.71726
   3.73675        11       472         0        0.72619
   3.74360        13       424         0        0.69940
   3.75045        13       422         0        0.65476
   3.75730         8       470         0        0.67560
   3.76415        13       410         0        0.71429
   3.77100        16       448         0        0.71726
   3.77784        12       512         0        0.77083
   3.78469        21       443         0        0.73810
   3.79154        11       474         0        0.72321
   3.79839        19       514         0        0.75595
   3.80524        12       451         0        0.68750
   3.81209         8       420         0        0.70238
   3.81894        12       481         0        0.72024
   3.82579        19       457         0        0.71726
   3.83264        27       477         0        0.74107
   3.83949        18       443         0        0.74702
   3.84634        11       425         0        0.68452
   3.85319        18       468         0        0.72321
   3.86003        15       464         0        0.72024
   3.86688        17       443         0        0.67857
   3.86838        26       445         0        0.74405
   3.87523        10       447         0        0.71726
   3.88208        14       499         0        0.73810
   3.88893        13       480         0        0.73214
   3.89578        17       428         0        0.67857
   3.90263        15       497         0        0.78274
   3.90948        17       477         0        0.76190
   3.91633        14       516         0        0.74405
   3.92318        10       429         0        0.74405
   3.93003        17       473         0        0.75298
   3.93687         6       421         0        0.68750
   3.94372        14       457         0        0.73512
   3.95057        12       476         0        0.71726
   3.95742        11       468         0        0.72024
   3.96427        20       496         0        0.74405
   3.97112        16       444         0        0.74405
   3.97797        14       480         0        0.71726
   3.98482        17       510         0        0.74702
   3.99167        20       467         0        0.75000
   3.99852        23       396         0        0.69643
   4.00537        17       502         0        0.72917
   4.01222        15       474         0        0.75000
   4.01906        10       424         0        0.73512
   4.02591        14       475         0        0.76786
   4.03276        19       481         0        0.81250
   4.03961        12       506         0        0.72619
   4.04646        18       476         0        0.72321
   4.05331        11       448         0        0.75893
   4.06016        12       521         0        0.77381
   4.06701        10       452         0        0.71429
   4.07386        19       485         0        0.70238
   4.08071        20       449         0        0.69643
   4.08756        18       485         0        0.77083
   4.09441        12       474         0        0.79167
   4.10126        18       476         0        0.72321
   4.10810        11       492         0        0.71429
   4.11495        12       404         0        0.74405
   4.12180        13       468         0        0.72619
   4.12865         6       490         0        0.72321
   4.13550         8       461         0        0.69940
   4.14235        25       510         0        0.77679
   4.14920         9       458         0        0.69940
   4.15605        13       487         0        0.71131
   4.16290        21       516         0        0.76488
   4.16975        18       514         0        0.73214
   4.17660        12       486         0        0.72024
   4.18345        16       472         0        0.69345
   4.19029        13       461         0        0.72321
   4.19714        12       474         0        0.75298
   4.20399        15       472         0        0.70536
   4.21084        12       456         0        0.71429
   4.21769        10       462         0        0.75000
   4.22454        14       413         0        0.71726
   4.23139        16       433         0        0.74405
   4.23824        12       418         0        0.72024
   4.24509        27       478         0        0.77381
   4.24704        16       450         0        0.76190
   4.25389        14       463         0        0.75893
   4.26074        17       470         0        0.73810
   4.26759         9       469         0        0.74405
   4.27444        16       473         0        0.75298
   4.28129         9       417         0        0.71726
   4.28814        10       425         0        0.72619
   4.29499        14       468         0        0.75595
   4.30184        16       457         0        0.74107
   4.30869        10       450         0        0.75000
   4.31553         6       489         0        0.74405
   4.32238        17       477         0        0.78869
   4.32923        22       415         0        0.71131
   4.33608        13       428         0        0.75893
   4.34293        14       434         0        0.75893
   4.34978        13       458         0        0.73512
   4.35663        10       457         0        0.77381
   4.36348        15       453         0        0.74702
   4.37033        12       465         0        0.73512
   4.37718        18       424         0        0.71429
   4.38403        24       474         0        0.75595
   4.39088        21       461         0        0.73810
   4.39773        12       437         0        0.73512
   4.40457         8       420         0        0.73214
   4.41142        15       425         0        0.72024
   4.41827        11       436         0        0.76786
   4.42512        11       498         0        0.75595
   4.43197         9       459         0        0.74702
   4.43882        20       480         0        0.74405
   4.44567        12       447         0        0.74702
   4.45252        16       460         0        0.73512
   4.45937        12       414         0        0.71726
   4.46622         8       423         0        0.75893
   4.47307        15       482         0        0.77976
   4.47992        20       472         0        0.72917
   4.48676        26       451         0        0.78571
   4.49361        12       466         0        0.73214
   4.50046        14       479         0        0.73512
   4.50731        13       417         0        0.76786
   4.51416        30       425         2        0.79167
   4.52101        12       423         0        0.76190
   4.52786        20       399         0        0.74702
   4.53471        20       432         0        0.77976
   4.54156        12       429         0        0.76786
   4.54841        15       497         0        0.75893
   4.55526         6       448         0        0.77976
   4.56211        12       450         0        0.75298
   4.56895        20       455         0        0.77679
   4.57580         8       481         0        0.77679
   4.58265        20       471         0        0.77976
   4.58950        16       441         0        0.76190
   4.59635        13       419         0        0.76488
   4.60320        14       421         0        0.74107
   4.61005        21       531         0        0.74702
   4.61690        14       399         0        0.74405
   4.62375        10       438         0        0.77083
   4.62666        21       408         0        0.75298
   4.63351        15       446         0        0.77381
   4.64036        15       402         0        0.79167
   4.64721        10       457         0        0.75893
   4.65406        20       456         0        0.77083
   4.66091        15       453         0        0.79464
   4.66776        18       486         0        0.75000
   4.67461        17       410         0        0.72917
   4.68146        14       462         0        0.75595
   4.68831        23       399         0        0.74405
   4.69516        18       434         0        0.77083
   4.70200        26       441         0        0.77381
   4.70885        11       498         0        0.79464
   4.71570        15       451         0        0.73512
   4.72255        22       438         0        0.75000
   4.72940        21       459         0        0.78274
   4.73625        20       467         0        0.77976
   4.74310        15       432         0        0.77381
   4.74995        20       437         0        0.75893
   4.75680        13       398         0        0.80357
   4.76365        10       453         0        0.79464
   4.77050        18       495         0        0.76488
   4.77735        17       461         0        0.79167
   4.78420        14       479         0        0.73810
   4.79104        22       460         0        0.79464
   4.79789        16       445         0        0.77976
   4.80474        19       463         0        0.74107
   4.81159        19       419         0        0.75298
   4.81844        14       421         0        0.76488
   4.82529        22       454         0        0.77679
   4.83214        14       432         0        0.79167
   4.83899        20       441         0        0.75000
   4.84584        16       422         0        0.75298
   4.85269        20       389         0        0.72024
   4.85954        32       434         1        0.75595
   4.86639        17       489         0        0.76488
   4.87324        10       441         0        0.77381
   4.88008        15       448         0        0.77381
   4.88693        14       418         0        0.73810
   4.89378        12       441         0        0.81250
   4.90063        15       472         0        0.76190
   4.90748        17       452         0        0.80655
   4.91433        15       443         0        0.73214
   4.92118        12       415         0        0.72321
   4.92803        10       395         0        0.72619
   4.93488        13       445         0        0.75000
   4.94173        10       434         0        0.71726
   4.94858        20       442         0        0.74405
   4.95543        12       438         0        0.74702
   4.96227        17       458         0        0.75298
   4.96912        14       457         0        0.74107
   4.97597        23       465         0        0.78571
   4.98282        14       418         0        0.77083
   4.98967        15       448         0        0.76786
   4.99652         8       451         0        0.77083
   5.00337        21       478         0        0.74405
   5.00647        15       454         0        0.76190
   5.01332        12       447         0        0.75595
   5.02017         8       434         0        0.72619
   5.02702        18       443         0        0.76190
   5.03387        29       468         0        0.76190
   5.04071        13       445         0        0.76488
   5.04756        19       432         0        0.74107
   5.05441        14       429         0        0.73810
   5.06126        14       448         0        0.75595
   5.06811        20       510         0        0.77083
   5.07496        22       468         0        0.78571
   5.08181        20       434         0        0.74702
   5.08866        20       479         0        0.73810
   5.09551        16       440         0        0.74107
   5.10236        23       466         0        0.79464
   5.10921        24       448         0        0.80952
   5.11606        10       486         0        0.75298
   5.12290        22       482         0        0.74702
   5.12975        11       432         0        0.75893
   5.13660        13       513         0        0.76190
   5.14345        12       441         0        0.76786
   5.15030        26       448         0        0.76786
   5.15715        17       508         0        0.78869
   5.16400        15       501         0        0.77679
   5.17085        27       494         0        0.80655
   5.17770        20       499         0        0.78869
   5.18455        17       453         0        0.77083
   5.19140        10       488         0        0.74702
   5.19825        12       490         0        0.78869
   5.20510        15       500         0        0.77083
   5.21194        22       480         0        0.72619
   5.21879        28       501         0        0.77976
   5.22564        14       451         0        0.76488
   5.23249        19       471         0        0.80357
   5.23934        16       486         0        0.75595
   5.24619        17       471         0        0.76190
   5.25304        11       466         0        0.72024
   5.25989        10       567         0        0.78274
   5.26674        10       492         0        0.75595
   5.27359         8       461         0        0.72024
   5.28044        10       469         0        0.75000
   5.28729        10       473         0        0.73810
   5.29413        14       488         0        0.76190
   5.30098        10       471         0        0.74107
   5.30783         8       514         0        0.75000
   5.31468        20       498         0        0.76190
   5.32153         4       469         0        0.76488
   5.32838        20       489         0        0.76488
   5.33523        20       480         0        0.77679
   5.34208        18       452         0        0.73810
   5.34893        20       494         0        0.77381
   5.35578        21       509         0        0.79464
   5.36263        11       521         0        0.79762
   5.36948        19       529         0        0.79464
   5.37633        18       484         0        0.76488
   5.38317        12       456         0        0.74107
   5.38612        18       485         0        0.76190
   5.39297         8       427         0        0.72917
   5.39982        13       420         0        0.77679
   5.40667        14       436         0        0.78274
   5.41352        12       487         0        0.78869
   5.42037         8       437         0        0.75893
   5.42722        12       440         0        0.75298
   5.43407        17       480         0        0.77083
   5.44092        38       473         0        0.80060
   5.44777        20       434         0        0.76488
   5.45461        14       439         0        0.78274
   5.46146        11       421         0        0.78274
   5.46831        17       504         0        0.80357
   5.47516        14       468         0        0.77083
   5.48201        22       453         0        0.75298
   5.48886        20       493         0        0.77679
   5.49571        13       464         0        0.75298
   5.50256        18       443         0        0.77679
   5.50941        10       452         0        0.77083
   5.51626        22       477         0        0.78274
   5.52311         9       526         0        0.80357
   5.52996        10       431         0        0.76488
   5.53680        22       436         0        0.77083
   5.54365        10       427         0        0.77679
   5.55050        10       446         0        0.72917
   5.55735        11       481         0        0.79464
   5.56420         8       494         0        0.75298
   5.57105        12       439         0        0.72619
   5.57790        12       478         0        0.76488
   5.58475        17       387         0        0.71429
   5.59160        20       452         0        0.75893
   5.59845        11       445         0        0.72619
   5.60530        12       397         0        0.73512
   5.61215        18       488         0        0.75298
   5.61900        14       461         0        0.78869
   5.62584        17       470         0        0.75000
   5.63269        16       456         0        0.73810
   5.63954        20       474         0        0.75595
   5.64639        20       445         0        0.76786
   5.65324        10       464         0        0.75595
   5.66009        22       460         0        0.77083
   5.66694        12       442         0        0.73810
   5.67379        20       481         0        0.76786
   5.68064        17       459         0        0.78274
   5.68749         9       514         0        0.75298
   5.69434        18       480         0        0.77083
   5.70119        16       463         0        0.75893
   5.70803        22       441         0        0.75000
   5.71488        16       441         0        0.76786
   5.72173        14       512         0        0.80952
   5.72858        13       453         0        0.77976
   5.73543        17       468         0        0.80655
   5.74228        14       472         0        0.73512
   5.74913        15       470         0        0.80060
   5.75598        18       483         0        0.75000
   5.76283        17       501         0        0.75298
   5.76598        26       431         0        0.76190
   5.77283        25       484         0        0.76786
   5.77968        21       489         0        0.77381
   5.78653        22       487         0        0.79167
   5.79338        12       450         0        0.78571
   5.80023        37       452         0        0.78274
   5.80708        16       469         0        0.74405
   5.81392        16       508         0        0.79762
   5.82077        20       454         0        0.75595
   5.82762        15       444         0        0.75893
   5.83447        16       504         0        0.79762
   5.84132        15       430         0        0.77976
   5.84817        12       451         0        0.75893
   5.85502        22       439         0        0.75000
   5.86187        14       447         0        0.74702
   5.86872        12       443         0        0.77083
   5.87557        14       438         0        0.77679
   5.88242         8       453         0        0.76786
   5.88927        10       457         0        0.77381
   5.89611        16       444         0        0.75298
   5.90296        24       457         0        0.79167
   5.90981        25       432         0        0.75595
   5.91666        18       485         0        0.80060
   5.92351        15       402         0        0.73214
   5.93036        18       452         0        0.74405
   5.93721        17       439         0        0.77381
   5.94406        22       488         0        0.77381
   5.95091        19       446         0        0.74405
   5.95776        20       460         0        0.76190
   5.96461        12       447         0        0.73512
   5.97146        18       454         0        0.82440
   5.97831        25       453         0        0.77381
   5.98515        16       447         0        0.76786
   5.99200        15       490         0        0.71131
   5.99885        12       481         0        0.73512
   6.00570        12       487         0        0.72321
   6.01255        16       444         0        0.72024
   6.01940        10       442         0        0.75298
   6.02625        15       481         0        0.75298
   6.03310         8       428         0        0.76786
   6.03995        14       454         0        0.74702
   6.04680        21       430         0        0.75595
   6.05365        11       485         0        0.75595
   6.06050        12       441         0        0.73810
   6.06734        21       471         0        0.73810
   6.07419        13       449         0        0.74702
   6.08104        18       452         0        0.76488
   6.08789        14       504         0        0.76488
   6.09474        16       470         0        0.76190
   6.10159        22       405         0        0.73810
   6.10844         9       397         0        0.73214
   6.11529        16       484         0        0.77381
   6.12214        12       431         0        0.75595
   6.12899        16       457         0        0.77381
   6.13584        16       451         0        0.77381
   6.14269        20       488         0        0.78869
   6.14579        16       444         0        0.77083
   6.15264        20       491         0        0.77679
   6.15949        20       469         0        0.80060
   6.16634        17       475         0        0.73512
   6.17318        20       456         0        0.79762
   6.18003        15       496         0        0.79167
   6.18688        15       466         0        0.78571
   6.19373         9       446         0        0.77381
   6.20058        20       485         0        0.79762
   6.20743        20       493         0        0.76786
   6.21428        19       453         0        0.77083
   6.22113        22       477         0        0.74107
   6.22798        14       459         0        0.78571
   6.23483        15       444         0        0.71726
   6.24168        16       506         0        0.83333
   6.24853        15       476         0        0.80060
   6.25537        13       479         0        0.77976
   6.26222        18       445         0        0.78869
   6.26907        20       492         0        0.79464
   6.27592        20       468         0        0.73214
   6.28277        17       493         0        0.77679
   6.28962        12       548         0        0.79167
   6.29647        14       461         0        0.75298
   6.30332        36       485         2        0.77679
   6.31017        12       472         0        0.77976
   6.31702        15       488         0        0.80060
   6.32387        14       463         0        0.78571
   6.33072        20       457         0        0.77976
   6.33757        14       463         0        0.75893
   6.34441        13       474         0        0.78869
   6.35126        11       483         0        0.80655
   6.35811        15       480         0        0.80655
   6.36496        16       459         0        0.77083
   6.37181        15       431         0        0.77083
   6.37866        18       480         0        0.80655
   6.38551        14       460         0        0.79464
   6.39236        12       413         0        0.75893
   6.39921        12       441         0        0.81845
   6.40606        19       481         0        0.81845
   6.41291        16       467         0        0.83036
   6.41976        12       478         0        0.83333
   6.42660        20       461         0        0.78869
   6.43345        12       434         0        0.79167
   6.44030        20       488         0        0.82143
   6.44715        20       460         0        0.80060
   6.45400        16       460         0        0.80060
   6.46085        15       424         0        0.77381
   6.46770        15       447         0        0.78869
   6.47455        20       460         0        0.83036
   6.48140         9       434         0        0.75893
   6.48825        17       524         0        0.81250
   6.49510        20       493         0        0.83333
   6.50195        15       511         0        0.83333
   6.50880        12       476         0        0.81845
   6.51564        16       472         0        0.82440
   6.52249        12       501         0        0.82440
   6.52587        12       485         0        0.79762
   6.53271        12       504         0        0.81548
   6.53956         8       509         0        0.82440
   6.54641        17       482         0        0.81548
   6.55326        16       470         0        0.79762
   6.56011        20       479         0        0.77083
   6.56696        14       504         0        0.82440
   6.57381        12       491         0        0.80952
   6.58066        14       444         0        0.80060
   6.58751        14       471         0        0.82143
   6.59436        16       431         0        0.77083
   6.60121         6       451         0        0.80060
   6.60806        15       454         0        0.83333
   6.61490         8       483         0        0.78869
   6.62175         6       463         0        0.78869
   6.62860        17       469         0        0.80952
   6.63545        15       496         0        0.82440
   6.64230        17       471         0        0.82440
   6.64915        21       451         0        0.83333
   6.65600        14       485         0        0.80060
   6.66285        11       471         0        0.78869
   6.66970        12       482         0        0.82738
   6.67655        14       473         0        0.78571
   6.68340        10       446         0        0.79762
   6.69025        18       440         0        0.80357
   6.69710        10       509         0        0.79464
   6.70394        15       484         0        0.79167
   6.71079        24       510         0        0.80655
   6.71764        13       461         0        0.82738
   6.72449        11       504         0        0.81548
   6.73134        12       463         0        0.78274
   6.73819         6       510         0        0.83333
   6.74504        18       471         0        0.84226
   6.75189        12       477         0        0.82143
   6.75874        10       458         0        0.79464
   6.76559        15       447         0        0.77083
   6.77244        12       514         0        0.84524
   6.77929        13       451         0        0.82738
   6.78613         9       513         0        0.85417
   6.79298        20       457         0        0.79762
   6.79983        18       460         0        0.81250
   6.80668        14       527         0        0.80060
   6.81353        11       421         0        0.74405
   6.82038        20       460         0        0.77083
   6.82723        16       486         0        0.79464
   6.83408        16       523         0        0.81250
   6.84093        19       488         0        0.79167
   6.84778        14       508         0        0.81548
   6.85463         8       460         0        0.79167
   6.86148        12       487         0        0.83631
   6.86833        10       434         0        0.80655
   6.87517        24       486         0        0.80655
   6.88202        20       509         0        0.82143
   6.88887        13       490         0        0.80060
   6.89572         8       440         0        0.79762
   6.90257        16       499         0        0.78869
   6.90614        17       457         0        0.80357
   6.91299        15       466         0        0.80655
   6.91984        17       451         0        0.78274
   6.92669        12       484         0        0.78571
   6.93354        16       432         0        0.80357
   6.94039        20       478         0        0.78571
   6.94724        13       501         0        0.80357
   6.95409        20       491         0        0.80357
   6.96093        16       456         0        0.80655
   6.96778         8       472         0        0.82440
   6.97463        17       484         0        0.82738
   6.98148        12       473         0        0.79167
   6.98833        12       503         0        0.80357
   6.99518        15       452         0        0.79762
   7.00203        18       452         0        0.79167
   7.00888        20       460         0        0.73810
   7.01573        12       480         0        0.77976
   7.02258        14       459         0        0.76190
   7.02943        11       439         0        0.79762
   7.03628        16       445         0        0.75000
   7.04312        11       487         0        0.81548
   7.04997        12       472         0        0.79464
   7.05682        20       458         0        0.81548
   7.06367        12       428         0        0.79762
   7.07052        20       463         0        0.82143
   7.07737        10       464         0        0.80952
   7.08422        14       438         0        0.80357
   7.09107        10       440         0        0.84226
   7.09792        15       454         0        0.80060
   7.10477        10       426         0        0.78869
   7.11162        12       434         0        0.78274
   7.11847        14       442         0        0.81548
   7.12532        12       477         0        0.80655
   7.13216        19       472         0        0.78869
   7.13901         9       430         0        0.80655
   7.14586        18       452         0        0.76488
   7.15271        16       451         0        0.79464
   7.15956        20       438         0        0.80952
   7.16641        20       447         0        0.79762
   7.17326        12       456         0        0.82440
   7.18011        21       462         0        0.80952
   7.18696        18       469         0        0.82143
   7.19381        13       433         0        0.79167
   7.20066        16       443         0        0.81845
   7.20751        15       424         0        0.82143
   7.21435        14       454         0        0.85417
   7.22120        11       522         0        0.80357
   7.22805        11       420         0        0.76786
   7.23490         8       436         0        0.81250
   7.24175        10       442         0        0.79464
   7.24860        10       465         0        0.80952
   7.25545        17       481         0        0.80357
   7.26230        18       460         0        0.78869
   7.26915        15       457         0        0.82738
   7.27600         9       455         0        0.79167
   7.28285        14       455         0        0.81845
   7.28653        15       473         0        0.80655
   7.29338        14       430         0        0.80357
   7.30023        14       431         0        0.81845
   7.30708        13       444         0        0.82440
   7.31393        10       436         0        0.81250
   7.32078         6       438         0        0.80952
   7.32763         8       450         0        0.81845
   7.33448        20       491         0        0.81548
   7.34132        12       439         0        0.81548
   7.34817        16       462         0        0.82738
   7.35502        19       459         0        0.76488
   7.36187        14       468         0        0.78869
   7.36872        10       420         0        0.79167
   7.37557        21       476         0        0.81250
   7.38242         6       423         0        0.76488
   7.38927        15       473         0        0.80357
   7.39612        13       428         0        0.79762
   7.40297        10       461         0        0.80655
   7.40982        16       464         0        0.81548
   7.41667        10       440         0        0.82738
   7.42351        10       469         0        0.81548
   7.43036        15       409         0        0.77083
   7.43721        13       498         0        0.79762
   7.44406        10       453         0        0.80655
   7.45091        21       433         0        0.80060
   7.45776        20       470         0        0.80655
   7.46461        14       452         0        0.81845
   7.47146        20       475         0        0.80655
   7.47831        15       470         0        0.81845
   7.48516        20       476         0        0.78869
   7.49201         8       434         0        0.80655
   7.49886        23       451         0        0.82143
   7.50571        15       433         0        0.81845
   7.51255        15       462         0        0.80060
   7.51940        16       416         0        0.82143
   7.52625        15       499         0        0.80952
   7.53310        16       460         0        0.80060
   7.53995        10       444         0        0.79762
   7.54680        10       426         0        0.82738
   7.55365        15       505         0        0.81250
   7.56050        18       471         0        0.81250
   7.56735        13       382         0        0.73512
   7.57420        16       434         0        0.78869
   7.58105        16       441         0        0.79464
   7.58790        17       470         0        0.81548
   7.59475        12       497         0        0.82738
   7.60159        16       428         0        0.77381
   7.60844        11       464         0        0.81548
   7.61529        15       447         0        0.82143
   7.62214        18       468         0        0.82143
   7.62899         7       491         0        0.82143
   7.63584        15       510         0        0.84524
   7.64269        14       477         0        0.79762
   7.64954        14       426         0        0.81845
   7.65639        20       472         0        0.81845
   7.66324        10       418         0        0.79762
   7.66727        12       452         0        0.81845
   7.67412        15       456         0        0.80060
   7.68097        15       464         0        0.82440
   7.68782        16       420         0        0.78571
   7.69467        20       456         0        0.79167
   7.70152        20       439         0        0.80357
   7.70837        12       463         0        0.80655
   7.71522        15       448         0        0.82440
   7.72207        12       486         0        0.80952
   7.72892        13       474         0        0.80655
   7.73576         9       450         0        0.83036
   7.74261        12       442         0        0.82440
   7.74946         6       416         0        0.76190
   7.75631        12       499         0        0.81548
   7.76316        20       460         0        0.81845
   7.77001        20       471         0        0.78274
   7.77686        21       488         0        0.81845
   7.78371        12       483         0        0.83631
   7.79056        12       450         0        0.78274
   7.79741        12       452         0        0.82738
   7.80426        18       456         0        0.81845
   7.81111        20       467         0        0.79464
   7.81796        14       435         0        0.76488
   7.82480        20       416         0        0.77976
   7.83165        15       445         0        0.79762
   7.83850        17       446         0        0.77679
   7.84535        15       487         0        0.81548
   7.85220        13       449         0        0.79762
   7.85905        16       450         0        0.81845
   7.86590        14       451         0        0.83036
   7.87275        12       461         0        0.83631
   7.87960        10       450         0        0.78571
   7.88645        11       471         0        0.78274
   7.89330        18       450         0        0.79762
   7.90015        22       482         0        0.83036
   7.90699        12       443         0        0.77976
   7.91384        10       420         0        0.82440
   7.92069        12       434         0        0.80655
   7.92754        10       463         0        0.80952
   7.93439         9       454         0        0.78571
   7.94124        16       422         0        0.80952
   7.94809        11       451         0        0.81250
   7.95494        12       447         0        0.82738
   7.96179         8       462         0        0.81845
   7.96864        15       447         0        0.80357
   7.97549        16       445         0        0.81250
   7.98234        12       512         0        0.82440
   7.98919        16       466         0        0.81250
   7.99603         9       437         0        0.79167
   8.00288        10       465         0        0.83929
   8.00973        22       492         0        0.80952
   8.01658        16       474         0        0.79762
   8.02343        12       441         0        0.81548
   8.03028        10       418         0        0.80952
   8.03713        10       441         0        0.80655
   8.04398        15       435         0        0.79167
   8.04822        12       423         0        0.79464
   8.05506        15       421         0        0.81548
   8.06191        20       461         0        0.78274
   8.06876        10       452         0        0.80655
   8.07561        12       418         0        0.78274
   8.08246        15       468         0        0.84821
   8.08931        15       464         0        0.83036
   8.09616        10       460         0        0.80952
   8.10301        15       432         0        0.80952
   8.10986        12       453         0        0.83333
   8.11671        12       503         0        0.81548
   8.12356         8       469         0        0.82738
   8.13041        14       462         0        0.81845
   8.13725        20       458         0        0.79464
   8.14410        20       473         0        0.81548
   8.15095        15       458         0        0.83333
   8.15780        21       428         0        0.80357
   8.16465        15       454         0        0.82738
   8.17150        15       464         0        0.83036
   8.17835        12       432         0        0.79464
   8.18520        20       458         0        0.82738
   8.19205        17       424         0        0.79464
   8.19890         8       473         0        0.80060
   8.20575        15       447         0        0.83929
   8.21260        10       434         0        0.81250
   8.21945        12       456         0        0.82143
   8.22629        15       463         0        0.78869
   8.23314         8       429         0        0.79464
   8.23999        18       438         0        0.81845
   8.24684        15       440         0        0.77976
   8.25369        15       415         0        0.80060
   8.26054         9       485         0        0.82440
   8.26739        15       477         0        0.81548
   8.27424        15       494         0        0.82440
   8.28109         9       424         0        0.80952
   8.28794        12       446         0        0.79167
   8.29479        11       467         0        0.79762
   8.30164        12       482         0        0.81250
   8.30848        17       444         0        0.82738
   8.31533        19       460         0        0.77679
   8.32218        19       445         0        0.81845
   8.32903        12       473         0        0.79167
   8.33588         8       473         0        0.80060
   8.34273        15       423         0        0.81250
   8.34958        14       464         0        0.80952
   8.35643        17       455         0        0.81250
   8.36328        20       494         0        0.83036
   8.37013        11       479         0        0.82440
   8.37698        17       500         0        0.81845
   8.38383        20       501         0        0.80060
   8.39068        20       469         0        0.83036
   8.39752        17       464         0        0.82143
   8.40437        15       482         0        0.82440
   8.41122        10       473         0        0.81845
   8.41807        17       466         0        0.79464
   8.42492        10       458         0        0.80060
   8.42905        21       422         0        0.82738
   8.43590        20       499         0        0.81250
   8.44275        12       463         0        0.83333
   8.44960        10       479         0        0.81250
   8.45644        20       457         0        0.80952
   8.46329        12       422         0        0.76786
   8.47014         9       417         0        0.76488
   8.47699        10       441         0        0.82143
   8.48384        10       491         0        0.80357
   8.49069        12       473         0        0.83631
   8.49754        12       406         0        0.74702
   8.50439        10       434         0        0.74702
   8.51124        18       421         0        0.75893
   8.51809        17       485         0        0.79762
   8.52494        15       427         0        0.79167
   8.53179        15       469         0        0.75298
   8.53864        21       457         0        0.78274
   8.54548        12       509         0        0.79167
   8.55233         6       464         0        0.76786
   8.55918        11       439         0        0.77083
   8.56603        20       510         0        0.79167
   8.57288        20       471         0        0.77679
   8.57973        15       489         0        0.80655
   8.58658        15       455         0        0.78274
   8.59343        15       461         0        0.73810
   8.60028        20       470         0        0.82738
   8.60713        15       481         0        0.80060
   8.61398         6       436         0        0.77083
   8.62083        20       466         0        0.80060
   8.62767        20       475         0        0.79464
   8.63452         9       435         0        0.80655
   8.64137        15       469         0        0.80952
   8.64822        10       423         0        0.79167
   8.65507        15       433         0        0.75298
   8.66192        12       480         1        0.80952
   8.66877        12       453         0        0.79762
   8.67562        20       484         0        0.77679
   8.68247        20       453         0        0.79464
   8.68932        20       473         0        0.78571
   8.69617        10       456         0        0.81250
   8.70302        15       460         0        0.82440
   8.70987        10       429         0        0.83036
   8.71671        15       435         0        0.83333
   8.72356        20       475         0        0.80952
   8.73041        16       446         0        0.74702
   8.73726         8       437         0        0.78274
   8.74411        12       476         0        0.77679
   8.75096         8       444         0        0.83036
   8.75781        12       473         0        0.78274
   8.76466        13       470         0        0.75298
   8.77151        11       433         0        0.77679
   8.77836        12       443         0        0.79167
   8.78521        10       470         0        0.78571
   8.79206        14       449         0        0.76488
   8.79890        20       450         0        0.81250
   8.80575        18       511         0        0.80952
   8.80978        10       437         0        0.80357
   8.81663        16       441         0        0.75298
   8.82348        10       446         0        0.81845
   8.83033        12       445         0        0.80357
   8.83718         9       451         0        0.77976
   8.84403        14       468         0        0.79464
   8.85088        16       508         0        0.81250
   8.85772        11       459         0        0.80357
   8.86457        12       422         0        0.78571
   8.87142         7       444         0        0.76190
   8.87827        11       464         0        0.82738
   8.88512        12       456         0        0.77976
   8.89197        23       446         0        0.80655
   8.89882        23       447         0        0.81250
   8.90567        16       415         0        0.80952
   8.91252        14       402         0        0.79167
   8.91937        10       405         0        0.73810
   8.92622        23       432         0        0.80357
   8.93307        19       431         0        0.78869
   8.93991        20       398         0        0.76786
   8.94676        21       434         0        0.77381
   8.95361        23       477         0        0.80655
   8.96046        16       437         0        0.80952
   8.96731        19       407         0        0.77083
   8.97416        19       438         0        0.79762
   8.98101        14       418         0        0.79762
   8.98786        22       453         0        0.77083
   8.99471        20       474         0        0.80655
   9.00156        18       424         0        0.80357
   9.00841        16       417         0        0.76488
   9.01526        18       432         0        0.80357
   9.02211        20       464         0        0.78869
   9.02895        18       431         0        0.81548
   9.03580        15       409         0        0.77083
   9.04265        29       452         0        0.81845
   9.04950        23       424         0        0.83036
   9.05635        20       448         0        0.81548
   9.06320        19       453         0        0.80357
   9.07005        17       411         0        0.80357
   9.07690        18       423         0        0.82440
   9.08375        17       437         0        0.78571
   9.09060        28       474         0        0.81250
   9.09745        10       446         0        0.79167
   9.10430        23       461         0        0.83036
   9.11114        18       429         0        0.76488
   9.11799        17       416         0        0.78571
   9.12484        12       422         0        0.76190
   9.13169        18       437         0        0.80655
   9.13854        10       444         0        0.76786
   9.14539        30       441         0        0.78869
   9.15224        20       430         0        0.80060
   9.15909        18       418         0        0.79464
   9.16594        23       470         0        0.83036
   9.17279        19       424         0        0.80655
   9.17964        20       428         0        0.79464
   9.18649        10       453         0        0.79762
   9.19018        20       412         0        0.78869
   9.19703        19       443         0        0.81250
   9.20388        22       414         0        0.80655
   9.21073        18       443         0        0.80952
   9.21758        15       439         0        0.80952
   9.22443        19       458         0        0.81548
   9.23128        20       440         0        0.77976
   9.23813        14       449         0        0.79167
   9.24498        23       459         0        0.83333
   9.25183        14       421         0        0.75000
   9.25868        20       466         0        0.77679
   9.26552        17       433         0        0.79167
   9.27237        18       423         0        0.79167
   9.27922        14       454         0        0.77381
   9.28607        22       454         0        0.78571
   9.29292        18       427         0        0.75298
   9.29977        23       452         0        0.77381
   9.30662        22       432         0        0.81548
   9.31347        16       453         0        0.82143
   9.32032        14       437         0        0.77083
   9.32717        10       432         0        0.77976
   9.33402        24       438         0        0.80655
   9.34087        19       454         0        0.78571
   9.34772        21       422         0        0.79762
   9.35456        22       456         0        0.79464
   9.36141        20       474         0        0.78869
   9.36826        18       458         0        0.79464
   9.37511        29       450         0        0.80655
   9.38196        21       445         0        0.82143
   9.38881        25       429         0        0.81845
   9.39566        17       436         0        0.80060
   9.40251        19       456         0        0.81250
   9.40936        21       477         0        0.79762
   9.41621        18       435         0        0.82143
   9.42306        14       462         0        0.81548
   9.42991        16       484         0        0.81548
   9.43675        18       412         0        0.78869
   9.44360        14       455         0        0.81250
   9.45045        20       434         0        0.76786
   9.45730        20       473         0        0.80357
   9.46415        20       453         0        0.77381
   9.47100        15       409         0        0.76190
   9.47785        18       415         0        0.79762
   9.48470        19       443         0        0.78571
   9.49155        28       419         0        0.79464
   9.49840        14       447         0        0.81548
   9.50525        17       435         0        0.79167
   9.51210        12       442         0        0.81845
   9.51895        19       447         0        0.81845
   9.52579        16       413         0        0.80655
   9.53264        20       465         0        0.78571
   9.53949        14       439         0        0.79464
   9.54634        16       429         0        0.80060
   9.55319        28       437         0        0.79464
   9.56004        20       420         0        0.80357
   9.56689        20       425         0        0.80655
   9.57043        25       444         0        0.80060
