   0.00587         0         0         0        0.00000
   0.01203         0         0         0        0.00000
   0.01827         0         0         0        0.00000
   0.01857         0         0         0        0.00000
   0.02491         0         0         0        0.00000
   0.02555         0         0         0        0.00000
   0.03202         0         0         0        0.00000
   0.03310         0         0         0        0.00000
   0.03963         0         0         0        0.00000
   0.04481         0         0         0        0.00000
   0.05140         0         0         0        0.00000
   0.05698         0         0         0        0.00000
   0.06365         0         0         0        0.00000
   0.07032         4         0         0        0.00595
   0.07385         0         0         0        0.00000
   0.08060        10         0         0        0.01786
   0.08735         0         0         0        0.00000
   0.09410         0         0         0        0.00000
   0.09587         0         0         0        0.00000
   0.10274         8         4         0        0.05060
   0.10962        12         0         0        0.03274
   0.11650        24         0         3        0.07143
   0.12337        12         0         0        0.05060
   0.13025        18         0         1        0.03869
   0.13713        12         0         1        0.06845
   0.14400         0         0         0        0.02976
   0.15088         0         8         0        0.02679
   0.15776         8        16         0        0.08036
   0.16463        12         4         0        0.05952
   0.17151         4        20         0        0.08333
   0.17839        14         0         0        0.02381
   0.18526         8         0         0        0.02976
   0.19214        28         9         1        0.11012
   0.19902         4        23         0        0.04464
   0.20589        16        19         0        0.09524
   0.21277         8         0         0        0.06548
   0.21965        22        20         0        0.10119
   0.22652        23         5         0        0.05060
   0.23340         2         9         0        0.06845
   0.24028        15        18         2        0.08036
   0.24715         6        15         0        0.07738
   0.25403        32         7         1        0.08036
   0.26091        11         6         0        0.05952
   0.26778        29        61         0        0.15179
   0.27466         4        65         0        0.17560
   0.28154        49        58         0        0.21429
   0.28841        30        98         0        0.26786
   0.29529        42        90         1        0.23810
   0.30217         6        85         0        0.21131
   0.30904        22        55         0        0.14881
   0.31592        10        66         0        0.15476
   0.32280         8        58         0        0.15179
   0.32967        14        75         1        0.17857
   0.33655        12        74         0        0.19643
   0.34343        10        79         0        0.20833
   0.35030         0       113         0        0.24702
   0.35718         4        90         0        0.20536
   0.36406         3        73         0        0.15774
   0.37093        32        87         0        0.28274
   0.37781         2        88         0        0.18750
   0.38469        27       109         1        0.20536
   0.39156        15       117         0        0.24107
   0.39844        16       161         0        0.29167
   0.40532         6       133         1        0.23214
   0.41219         3       123         0        0.22619
   0.41907         8       133         0        0.22321
   0.42595        16       139         0        0.27976
   0.43282        10       170         0        0.29762
   0.43970        11       167         0        0.30952
   0.44658        15       162         0        0.30357
   0.45346        17       172         0        0.34821
   0.46033        25       198         0        0.36607
   0.46721         9       200         0        0.35119
   0.46949        23       158         0        0.29762
   0.47636        14       171         0        0.31250
   0.48324        11       193         0        0.35119
   0.49012        20       171         0        0.32143
   0.49699        16       174         0        0.33036
   0.50387        17       207         0        0.33631
   0.51075        25       210         0        0.34524
   0.51762        13       172         0        0.33333
   0.52450        28       181         0        0.36310
   0.53138        15       175         0        0.33333
   0.53825        18       222         0        0.35714
   0.54513        16       207         0        0.36310
   0.55201        15       197         0        0.37202
   0.55888        15       235         0        0.41369
   0.56576         2       258         0        0.43452
   0.57264         0       262         0        0.42857
   0.57951         4       258         0        0.42560
   0.58639        15       239         0        0.44345
   0.59327         7       286         0        0.45833
   0.60014        29       253         0        0.39286
   0.60702        40       222         0        0.42857
   0.61390        26       252         0        0.43750
   0.62077        11       229         0        0.43155
   0.62765        13       271         0        0.44643
   0.63453        30       291         0        0.50000
   0.64140        35       280         0        0.50893
   0.64828        48       278         0        0.46429
   0.65516        37       284         0        0.46429
   0.66203        27       288         0        0.44345
   0.66891        37       309         0        0.49405
   0.67579        35       284         0        0.51190
   0.68267        37       287         0        0.42857
   0.68954        34       295         0        0.47917
   0.69642        37       303         0        0.48810
   0.70330        26       272         0        0.47619
   0.71017        38       270         0        0.47321
   0.71705        24       273         0        0.48214
   0.72393        37       244         0        0.50893
   0.73080        45       310         0        0.50595
   0.73768        37       266         0        0.50893
   0.74456        27       264         0        0.51190
   0.75143        28       269         0        0.47619
   0.75831        39       294         0        0.50298
   0.76519        25       281         0        0.45536
   0.77206        26       281         0        0.47321
   0.77894        36       366         0        0.53274
   0.78582        63       255         0        0.52083
   0.79269        51       289         0        0.52083
   0.79957        42       346         0        0.51488
   0.80645        23       305         0        0.48214
   0.81332        35       354         0        0.54167
   0.82020        26       313         0        0.48214
   0.82708        29       305         0        0.48810
   0.83395        34       311         0        0.50298
   0.84083        32       290         0        0.47024
   0.84350        48       282         0        0.49702
   0.85038        37       329         0        0.46726
   0.85725        18       300         0        0.49405
   0.86413        50       349         0        0.50595
   0.87101        25       364         0        0.54762
   0.87788        39       363         0        0.58929
   0.88476        30       396         0        0.58036
   0.89164        36       346         0        0.56250
   0.89851        24       315         0        0.54167
   0.90539        38       332         0        0.52381
   0.91227        16       327         0        0.46726
   0.91914        42       282         0        0.48810
   0.92602        64       302         0        0.46131
   0.93290        79       301         0        0.48810
   0.93977        76       315         0        0.51786
   0.94665        41       330         0        0.51190
   0.95353        49       250         0        0.48810
   0.96040        47       251         0        0.48512
   0.96728        72       304         0        0.50000
   0.97416        81       283         0        0.55952
   0.98103        87       298         0        0.50893
   0.98791        40       271         0        0.51190
   0.99479        47       280         0        0.49405
   1.00166        20       314         0        0.46429
   1.00854        42       290         0        0.50000
   1.01542        20       285         0        0.41667
   1.02229        22       304         0        0.43750
   1.02917        23       321         0        0.49702
   1.03605        35       293         0        0.45536
   1.04293        45       299         0        0.48512
   1.04980        60       289         0        0.46726
   1.05668        42       261         0        0.47024
   1.06356        37       290         0        0.45238
   1.07043        34       328         0        0.49107
   1.07731        51       303         0        0.47619
   1.08419        27       365         0        0.53571
   1.09106        33       379         0        0.52679
   1.09794        25       387         0        0.51190
   1.10482        42       333         0        0.44643
   1.11169        27       327         0        0.49107
   1.11857        39       321         0        0.49702
   1.12545        48       321         0        0.51488
   1.13232        50       305         0        0.50298
   1.13920        35       308         0        0.44345
   1.14608        64       374         0        0.53869
   1.15295        47       273         0        0.50595
   1.15983        57       323         0        0.52976
   1.16671        42       297         0        0.49107
   1.17358        44       315         0        0.50893
   1.18046        51       263         0        0.47024
   1.18734        61       330         0        0.53571
   1.19421        53       295         0        0.49107
   1.20109        72       319         0        0.53274
   1.20797        52       288         0        0.45833
   1.21484        62       268         0        0.50298
   1.21628        78       311         0        0.53571
   1.22316        83       309         0        0.50000
   1.23004        52       366         0        0.49702
   1.23691        78       339         0        0.51190
   1.24379        79       336         0        0.52381
   1.25067        53       303         0        0.47619
   1.25754        60       353         0        0.51190
   1.26442        79       303         0        0.50000
   1.27130        68       296         0        0.48810
   1.27817        65       346         0        0.53869
   1.28505        37       335         0        0.46131
   1.29193        66       350         0        0.52381
   1.29880        52       366         0        0.53571
   1.30568        33       357         0        0.43452
   1.31256        91       278         0        0.50595
   1.31943        48       329         0        0.47024
   1.32631        72       313         0        0.51488
   1.33319        43       311         0        0.50595
   1.34006        55       315         0        0.52679
   1.34694        53       321         0        0.52976
   1.35382        65       286         0        0.49107
   1.36069        60       332         0        0.46429
   1.36757        44       289         0        0.45833
   1.37445        35       348         0        0.50298
   1.38132        75       268         0        0.49405
   1.38820        60       285         0        0.49702
   1.39508        44       347         0        0.50595
   1.40195        42       285         0        0.47321
   1.40883        58       288         0        0.45536
   1.41571        70       266         0        0.50595
   1.42258        57       295         0        0.47917
   1.42946        77       279         0        0.46726
   1.43634        49       256         0        0.45238
   1.44321        57       372         0        0.51786
   1.45009        51       319         0        0.51488
   1.45697        52       313         0        0.51488
   1.46384        41       333         0        0.51488
   1.47072        56       317         0        0.51488
   1.47760        74       330         0        0.55952
   1.48447        76       286         0        0.54167
   1.49135        68       326         0        0.57738
   1.49823        55       298         0        0.51786
   1.50510        41       295         0        0.49702
   1.51198        39       314         0        0.52083
   1.51886        41       338         0        0.52381
   1.52573        43       307         0        0.47321
   1.53261        57       329         0        0.57440
   1.53949        45       362         0        0.54762
   1.54636        54       349         0        0.57440
   1.55324        32       319         0        0.56250
   1.56012        49       357         0        0.58036
   1.56699        33       358         0        0.52381
   1.57387        35       414         0        0.60119
   1.58075        52       366         0        0.56548
   1.58763        51       381         0        0.61905
   1.58864        47       401         0        0.57143
   1.59551        75       378         0        0.58036
   1.60239        38       372         0        0.55357
   1.60927        39       320         0        0.49107
   1.61614        57       357         0        0.55655
   1.62302        37       334         0        0.53869
   1.62990        64       352         0        0.55952
   1.63677        49       388         0        0.53571
   1.64365        41       384         0        0.57738
   1.65053        43       356         0        0.51488
   1.65740        62       401         0        0.60714
   1.66428        58       379         0        0.58929
   1.67116        63       427         0        0.60714
   1.67803        47       371         0        0.53571
   1.68491        36       299         0        0.49107
   1.69179        47       320         0        0.51786
   1.69866        46       283         0        0.52976
   1.70554        21       289         0        0.45833
   1.71242        47       327         0        0.50595
   1.71929        56       335         0        0.49107
   1.72617        53       307         0        0.51488
   1.73305        39       319         0        0.49405
   1.73992        76       305         0        0.50595
   1.74680        64       322         0        0.46131
   1.75368        66       345         0        0.57440
   1.76055        62       345         0        0.52083
   1.76743        64       316         0        0.48810
   1.77431        84       352         0        0.55357
   1.78118        59       379         0        0.50595
   1.78806        91       315         1        0.50595
   1.79494        75       376         0        0.54167
   1.80181        64       356         0        0.56845
   1.80869        59       441         0        0.60119
   1.81557        74       341         0        0.53571
   1.82245        75       321         0        0.50893
   1.82932        45       331         0        0.52083
   1.83620        39       343         0        0.49405
   1.84308        63       356         0        0.56250
   1.84995        69       370         0        0.54464
   1.85683        67       334         0        0.55060
   1.86371        45       337         0        0.50893
   1.87058        55       368         0        0.50595
   1.87746        42       340         0        0.54167
   1.88434        74       288         0        0.46429
   1.89121        54       426         0        0.56845
   1.89809        57       346         0        0.54464
   1.90497        71       334         0        0.51488
   1.91184        69       330         1        0.51488
   1.91872        40       329         0        0.47619
   1.92560        93       291         0        0.53274
   1.93247        91       287         0        0.47917
   1.93935        66       357         0        0.56250
   1.94623        72       317         0        0.48214
   1.95310        83       320         0        0.51190
   1.95998        61       313         0        0.47619
   1.96117        49       365         0        0.52381
   1.96804        56       340         0        0.47619
   1.97492        71       300         0        0.47024
   1.98180        60       322         0        0.51190
   1.98867        82       341         0        0.55060
   1.99555        47       339         0        0.52976
   2.00243        53       377         0        0.55655
   2.00930        54       294         0        0.51488
   2.01618        45       365         0        0.53274
   2.02306        70       426         0        0.58929
   2.02993        70       312         0        0.53571
   2.03681        60       410         0        0.54167
   2.04369        87       402         0        0.60417
   2.05056        58       387         0        0.57143
   2.05744        58       323         0        0.49702
   2.06432        43       399         0        0.51488
   2.07119        61       367         0        0.53869
   2.07807        61       397         0        0.52976
   2.08495        68       342         0        0.48810
   2.09182        54       457         0        0.54167
   2.09870        68       388         0        0.52083
   2.10558        33       326         0        0.47321
   2.11245        26       378         0        0.48512
   2.11933        43       409         0        0.53274
   2.12621        29       367         0        0.53274
   2.13309        22       424         0        0.53274
   2.13996        20       375         0        0.50893
   2.14684        66       417         0        0.58333
   2.15372        48       327         0        0.53274
   2.16059        24       397         0        0.51488
   2.16747        38       391         0        0.53571
   2.17435        34       401         0        0.55357
   2.18122        55       359         1        0.53869
   2.18810        38       385         0        0.52083
   2.19498        31       399         0        0.51190
   2.20185        36       388         0        0.54167
   2.20873        30       384         0        0.54464
   2.21561        29       404         0        0.58631
   2.22248        21       415         0        0.55357
   2.22936        37       379         0        0.54464
   2.23624        30       435         0        0.56548
   2.24311        27       415         0        0.55357
   2.24999        44       389         0        0.58929
   2.25687        36       430         0        0.55952
   2.26374        47       438         0        0.55357
   2.27062        34       435         0        0.56845
   2.27750        38       407         0        0.56250
   2.28437        36       432         0        0.61905
   2.29125        15       408         0        0.57440
   2.29813        18       393         0        0.59226
   2.30500        19       402         0        0.55060
   2.31188        54       393         0        0.59524
   2.31876        31       429         0        0.62202
   2.32563        31       438         0        0.61607
   2.33251        59       421         0        0.63393
   2.33311        56       399         0        0.59524
   2.33999        18       395         0        0.57440
   2.34687        41       409         0        0.56250
   2.35374        31       400         0        0.51190
   2.36062        67       446         0        0.63095
   2.36750        71       366         0        0.56250
   2.37437        41       435         0        0.58036
   2.38125        34       420         0        0.56548
   2.38813        16       414         0        0.56845
   2.39500        47       456         0        0.57143
   2.40188        35       428         0        0.52679
   2.40876        46       412         0        0.55952
   2.41563        38       389         0        0.55357
   2.42251        45       351         0        0.51488
   2.42939        20       417         0        0.55060
   2.43626        43       391         0        0.60119
   2.44314        78       412         0        0.61607
   2.45002        41       443         0        0.57440
   2.45689        36       377         0        0.54464
   2.46377        61       422         0        0.60119
   2.47065        41       449         0        0.56845
   2.47752        31       450         0        0.59524
   2.48440        59       443         0        0.62798
   2.49128        48       472         0        0.57738
   2.49815        51       424         0        0.61012
   2.50503        74       467         0        0.64286
   2.51191        44       432         0        0.62202
   2.51878        64       468         0        0.59524
   2.52566        39       413         0        0.55060
   2.53254        53       403         0        0.56845
   2.53941        43       431         0        0.58929
   2.54629        46       441         0        0.56845
   2.55317        32       459         0        0.56845
   2.56004        36       409         0        0.56548
   2.56692        57       378         0        0.61607
   2.57380        46       428         0        0.60119
   2.58067        48       368         0        0.56548
   2.58755        36       401         0        0.58631
   2.59443        45       411         0        0.58631
   2.60130        39       378         0        0.54762
   2.60818        42       426         0        0.58036
   2.61506        50       466         0        0.56845
   2.62193        20       435         0        0.48512
   2.62881        36       429         0        0.50298
   2.63569        40       435         0        0.56250
   2.64256        44       424         0        0.55952
   2.64944        43       401         0        0.56845
   2.65632        29       400         0        0.54464
   2.66319        46       435         0        0.56548
   2.67007        53       510         0        0.58036
   2.67695        58       386         0        0.57143
   2.68383        52       394         0        0.51786
   2.69070        44       453         0        0.58333
   2.69758        52       411         0        0.51488
   2.70446        37       443         0        0.55952
   2.70582        49       459         0        0.58631
   2.71270        25       471         0        0.61310
   2.71957        31       412         0        0.55655
   2.72645        26       411         0        0.52083
   2.73333        23       477         0        0.56548
   2.74020        51       495         0        0.60417
   2.74708        30       473         0        0.55060
   2.75396        21       402         0        0.55655
   2.76083        53       466         0        0.60714
   2.76771        52       428         0        0.58333
   2.77459        28       376         0        0.56548
   2.78146        47       402         0        0.62202
   2.78834        60       403         0        0.60714
   2.79522        41       462         0        0.65179
   2.80209        17       392         0        0.54464
   2.80897        30       485         0        0.60119
   2.81585        60       424         0        0.64881
   2.82272        38       457         0        0.55655
   2.82960        26       409         0        0.54167
   2.83648        40       463         0        0.60714
   2.84335        47       452         0        0.62500
   2.85023        58       473         0        0.64583
   2.85711        22       454         0        0.58929
   2.86398        28       419         0        0.59524
   2.87086        39       458         0        0.59524
   2.87774        52       420         0        0.64583
   2.88461        47       525         0        0.65774
   2.89149        23       500         0        0.64286
   2.89837        45       432         0        0.64583
   2.90524        29       422         0        0.57440
   2.91212        26       476         0        0.56548
   2.91900        48       441         0        0.57738
   2.92587        37       547         0        0.65179
   2.93275        42       535         0        0.66071
   2.93963        34       498         1        0.63095
   2.94650        27       552         0        0.66071
   2.95338        35       533         0        0.66964
   2.96026        33       457         0        0.59821
   2.96713        36       498         0        0.63393
   2.97401        44       470         0        0.63988
   2.98089        29       447         0        0.58929
   2.98777        44       541         0        0.65179
   2.99464        39       498         0        0.67262
   3.00152        44       430         0        0.60119
   3.00840        28       459         0        0.61310
   3.01527        28       455         0        0.59524
   3.02215        30       455         0        0.61310
   3.02903        57       464         0        0.60714
   3.03590        46       464         0        0.63690
   3.04278        27       462         0        0.57143
   3.04966        45       434         0        0.58631
   3.05653        32       462         0        0.62798
   3.06341        21       462         0        0.59821
   3.07029        46       474         0        0.62500
   3.07716        60       451         0        0.61607
   3.07803        50       424         0        0.59821
   3.08491        52       393         0        0.58929
   3.09179        52       429         0        0.58929
   3.09866        39       475         0        0.60119
   3.10554        31       496         0        0.61905
   3.11242        48       477         0        0.58929
   3.11929        31       434         1        0.59821
   3.12617        46       456         1        0.65476
   3.13305        47       434         0        0.55952
   3.13992        40       477         1        0.57738
   3.14680        30       521         0        0.61905
   3.15368        43       519         0        0.65774
   3.16055        53       456         0        0.58631
   3.16743        31       442         0        0.61607
   3.17431        44       493         0        0.64286
   3.18118        22       457         0        0.60119
   3.18806        39       437         0        0.60119
   3.19494        23       428         0        0.56250
   3.20181        26       448         0        0.55357
   3.20869        41       488         0        0.58036
   3.21557        45       492         0        0.57738
   3.22244        32       422         0        0.57440
   3.22932        30       381         0        0.55060
   3.23620        19       409         0        0.55357
   3.24307        40       490         0        0.61012
   3.24995        26       510         0        0.63690
   3.25683        54       455         0        0.61012
   3.26370        46       437         0        0.61310
   3.27058        44       451         0        0.59226
   3.27746        43       459         0        0.59821
   3.28433        15       455         0        0.55357
   3.29121        29       443         0        0.56250
   3.29809        21       436         0        0.56845
   3.30496        24       406         0        0.55357
   3.31184        26       489         0        0.61310
   3.31872        28       386         0        0.61310
   3.32559        23       399         0        0.59524
   3.33247        23       421         0        0.56548
   3.33935        32       390         0        0.60119
   3.34622        44       434         0        0.60417
   3.35310        40       451         0        0.64286
   3.35998        45       416         0        0.58631
   3.36685        63       412         0        0.56250
   3.37373        35       407         0        0.54464
   3.38061        32       418         0        0.59226
   3.38748        28       435         0        0.55060
   3.39436        23       414         0        0.55952
   3.40124        47       509         0        0.64881
   3.40811        41       420         0        0.58631
   3.41499        30       442         0        0.58631
   3.42187        24       443         0        0.56845
   3.42875        37       445         0        0.62798
   3.43562        32       515         0        0.62202
   3.44250        37       455         0        0.61607
   3.44938        51       498         0        0.63393
   3.45082        36       481         0        0.55357
   3.45770        54       540         0        0.67560
   3.46457        33       466         0        0.59226
   3.47145        46       440         0        0.60714
   3.47833        38       491         0        0.58333
   3.48520        23       433         0        0.57143
   3.49208        38       454         0        0.58036
   3.49896        32       478         0        0.55357
   3.50583        37       449         0        0.57143
   3.51271        27       483         0        0.56548
   3.51959        28       412         0        0.55357
   3.52646        28       426         0        0.59821
   3.53334        30       446         0        0.59524
   3.54022        33       447         0        0.56250
   3.54709        25       497         0        0.58036
   3.55397        21       423         0        0.53571
   3.56085        27       419         0        0.56250
   3.56773        32       382         0        0.57738
   3.57460        54       375         0        0.57440
   3.58148        29       419         0        0.55357
   3.58836        45       393         0        0.52976
   3.59523        63       471         0        0.58036
   3.60211        31       468         0        0.56548
   3.60899        46       390         0        0.55060
   3.61586        39       420         0        0.53869
   3.62274        41       356         0        0.49107
   3.62962        22       386         0        0.49107
   3.63649        30       409         0        0.53571
   3.64337        29       459         0        0.57440
   3.65025        22       374         0        0.50595
   3.65712        17       424         0        0.53869
   3.66400        34       431         0        0.53571
   3.67088        46       392         0        0.51786
   3.67775        50       439         0        0.55060
   3.68463        40       436         0        0.56845
   3.69151        57       407         0        0.51190
   3.69838        45       345         0        0.48810
   3.70526        25       344         0        0.49702
   3.71214        32       384         0        0.51190
   3.71901        19       427         0        0.53274
   3.72589        44       412         0        0.57440
   3.73277        80       335         0        0.56548
   3.73964        56       425         0        0.58929
   3.74652        49       434         0        0.60119
   3.75340        52       457         0        0.57143
   3.76027        80       422         0        0.57143
   3.76715        40       493         0        0.58036
   3.77403        50       395         0        0.57440
   3.78090        36       453         0        0.55060
   3.78778        16       429         0        0.55060
   3.79466        26       461         0        0.57143
   3.80153        20       402         0        0.52976
   3.80841        16       347         0        0.51786
   3.81529        23       414         0        0.53869
   3.82216        44       427         0        0.58036
   3.82343        44       443         0        0.56250
   3.83031        22       388         0        0.51786
   3.83719        21       413         0        0.56250
   3.84406        45       439         0        0.58036
   3.85094        42       371         0        0.59226
   3.85782        25       464         0        0.56845
   3.86469        43       437         0        0.56845
   3.87157        18       414         0        0.54762
   3.87845        25       443         0        0.58631
   3.88532        23       417         0        0.60417
   3.89220        31       427         0        0.56250
   3.89908        36       466         0        0.61905
   3.90595        26       447         0        0.56845
   3.91283        18       500         0        0.59524
   3.91971        41       485         0        0.56250
   3.92658        34       455         0        0.64881
   3.93346        11       410         0        0.53274
   3.94034        28       401         0        0.55655
   3.94721        17       421         0        0.54464
   3.95409        29       418         0        0.54167
   3.96097        18       404         0        0.55655
   3.96784        25       420         0        0.54762
   3.97472        39       481         0        0.55952
   3.98160        29       412         0        0.55655
   3.98847        37       400         0        0.56250
   3.99535        22       437         0        0.57440
   4.00223        35       438         0        0.59524
   4.00910        38       468         0        0.58036
   4.01598        28       418         0        0.53869
   4.02286        42       381         0        0.54464
   4.02973        55       415         0        0.53274
   4.03661        27       362         0        0.56250
   4.04349        31       400         0        0.52976
   4.05036        23       466         0        0.56548
   4.05724        34       437         0        0.58631
   4.06412        47       418         0        0.59821
   4.07100        50       422         0        0.59524
   4.07787        43       424         0        0.59821
   4.08475        41       417         0        0.61607
   4.09163        25       399         0        0.62202
   4.09850        30       447         0        0.59821
   4.10538        34       402         0        0.57143
   4.11226        33       376         0        0.53274
   4.11913        31       386         0        0.55952
   4.12601        49       356         0        0.55655
   4.13289        58       421         0        0.58929
   4.13976        29       392         0        0.55060
   4.14664        30       416         0        0.57738
   4.15352        30       409         0        0.57143
   4.16039        21       494         0        0.60417
   4.16727        31       401         0        0.57738
   4.17415        39       396         0        0.55952
   4.18102        26       372         0        0.53274
   4.18790        42       472         0        0.59226
   4.19478        35       458         0        0.55357
   4.19627        49       434         0        0.57738
   4.20315        28       457         0        0.55952
   4.21002        19       414         0        0.53274
   4.21690        23       458         0        0.59524
   4.22378        18       412         0        0.54167
   4.23065        43       457         0        0.58631
   4.23753        37       429         0        0.55060
   4.24441        19       426         0        0.56250
   4.25128        57       412         0        0.56548
   4.25816        58       436         0        0.60714
   4.26504        49       415         0        0.60417
   4.27191        46       407         0        0.58036
   4.27879        22       402         0        0.53869
   4.28567        35       421         0        0.59226
   4.29254        18       447         0        0.55952
   4.29942        36       398         0        0.54167
   4.30630        46       423         0        0.58631
   4.31317        41       420         0        0.54464
   4.32005        31       390         0        0.57143
   4.32693        56       428         0        0.58631
   4.33380        44       444         0        0.57738
   4.34068        42       419         0        0.57440
   4.34756        59       425         0        0.59226
   4.35443        51       458         0        0.61310
   4.36131        24       478         0        0.61012
   4.36819        31       406         0        0.58333
   4.37506        32       439         0        0.61012
   4.38194        45       447         0        0.64583
   4.38882        40       438         0        0.61310
   4.39569        38       462         0        0.62500
   4.40257        39       414         0        0.59524
   4.40945        27       478         0        0.60119
   4.41633        49       422         0        0.61905
   4.42320        39       375         0        0.60417
   4.43008        16       427         0        0.58036
   4.43696        44       423         0        0.59821
   4.44383        37       413         0        0.62798
   4.45071        27       426         0        0.58631
   4.45759        34       415         0        0.62500
   4.46446        42       425         0        0.60417
   4.47134        59       406         4        0.61012
   4.47822        32       464         0        0.57143
   4.48509        19       445         0        0.59821
   4.49197        27       419         0        0.57143
   4.49885        46       350         0        0.53571
   4.50572        25       395         0        0.57143
   4.51260        56       391         0        0.55357
   4.51948        35       444         0        0.58929
   4.52635        39       392         0        0.58929
   4.53323        38       374         0        0.55952
   4.54011        37       436         0        0.58631
   4.54698        34       427         0        0.57143
   4.55386        33       462         0        0.61012
   4.56074        39       404         0        0.58333
   4.56761        56       387         0        0.57143
   4.56918        33       427         0        0.58036
   4.57606        41       430         0        0.61310
   4.58293        20       436         0        0.60714
   4.58981        28       429         0        0.60119
   4.59669        26       444         0        0.61607
   4.60356        57       461         0        0.65774
   4.61044        32       437         0        0.62202
   4.61732        45       427         0        0.65774
   4.62419        37       400         0        0.59226
   4.63107        43       438         0        0.57440
   4.63795        32       417         0        0.58631
   4.64482        34       379         0        0.61905
   4.65170        42       374         0        0.58929
   4.65858        46       459         0        0.62798
   4.66545        28       452         0        0.61905
   4.67233        48       511         0        0.66964
   4.67921        30       415         0        0.60417
   4.68608        26       400         0        0.59821
   4.69296        42       463         0        0.63988
   4.69984        38       411         0        0.57738
   4.70671        33       455         0        0.63393
   4.71359        52       428         0        0.62202
   4.72047        24       477         0        0.62798
   4.72734        30       487         0        0.61012
   4.73422        28       485         0        0.65476
   4.74110        42       434         0        0.60119
   4.74797        24       431         0        0.58631
   4.75485         9       443         0        0.59524
   4.76173        25       450         0        0.61607
   4.76860        39       413         0        0.61607
   4.77548        29       444         0        0.59524
   4.78236        43       466         0        0.65179
   4.78923        35       446         0        0.60714
   4.79611        25       454         0        0.66369
   4.80299        34       471         0        0.62798
   4.80986        14       464         0        0.61607
   4.81674        32       431         0        0.58929
   4.82362        31       443         0        0.63393
   4.83049        41       496         0        0.59524
   4.83737        48       486         0        0.62500
   4.84425        43       447         0        0.61607
   4.85112        29       479         0        0.62202
   4.85800        21       485         0        0.62202
   4.86488        39       486         0        0.63095
   4.87175        36       476         0        0.67262
   4.87863        27       383         0        0.58631
   4.88551        31       443         0        0.65476
   4.89238        38       473         0        0.63988
   4.89926        29       518         0        0.64286
   4.90614        43       482         0        0.61905
   4.91301        50       416         0        0.61012
   4.91989        27       472         0        0.63988
   4.92677        33       521         0        0.61905
   4.93364        43       495         0        0.60417
   4.94052        25       449         0        0.57143
   4.94199        41       497         0        0.60119
   4.94887        25       457         0        0.58333
   4.95574        31       474         0        0.62202
   4.96262        19       403         0        0.57738
   4.96950        30       465         0        0.60417
   4.97637        26       427         0        0.57738
   4.98325        34       435         0        0.61310
   4.99013        56       450         0        0.61607
   4.99700        48       460         0        0.61905
   5.00388        49       451         0        0.63690
   5.01076        44       434         0        0.58333
   5.01763        15       440         0        0.58929
   5.02451        21       477         0        0.60714
   5.03139        30       441         0        0.57440
   5.03826        28       473         0        0.63095
   5.04514        28       452         0        0.58036
   5.05202        24       397         0        0.60417
   5.05889        24       441         0        0.61310
   5.06577        30       407         0        0.58333
   5.07265        32       446         0        0.58929
   5.07952        45       419         0        0.58036
   5.08640        29       509         0        0.58036
   5.09328        25       441         0        0.58036
   5.10015        31       505         0        0.60119
   5.10703        38       519         0        0.62798
   5.11391        33       414         0        0.57440
   5.12078        32       495         0        0.62798
   5.12766        44       468         0        0.58631
   5.13454        40       473         0        0.63393
   5.14141        48       425         0        0.59524
   5.14829        39       441         0        0.60714
   5.15517        35       502         0        0.59821
   5.16204        46       474         0        0.58929
   5.16892        38       430         0        0.60119
   5.17580        44       455         0        0.58036
   5.18267        40       462         0        0.63095
   5.18955        32       477         0        0.61607
   5.19643        52       454         0        0.57738
   5.20330        46       484         0        0.63690
   5.21018        30       483         0        0.64286
   5.21706        41       481         0        0.63393
   5.22394        24       467         0        0.63393
   5.23081        39       449         0        0.59226
   5.23769        23       442         0        0.57143
   5.24457        41       420         0        0.62202
   5.25144        30       396         0        0.56845
   5.25832        52       500         0        0.64583
   5.26520        42       478         0        0.61012
   5.27207        40       437         0        0.59524
   5.27895        58       506         0        0.63393
   5.28583        49       425         0        0.60119
   5.29270        50       396         0        0.58929
   5.29958        51       378         0        0.57440
   5.30646        54       459         0        0.62500
   5.31333        28       434         0        0.59524
   5.31453        47       437         0        0.61607
   5.32141        28       447         0        0.62202
   5.32828        40       475         0        0.58631
   5.33516        46       509         0        0.66071
   5.34204        39       499         0        0.64286
   5.34891        48       462         0        0.63988
   5.35579        42       395         0        0.57440
   5.36267        50       470         0        0.65774
   5.36954        30       510         0        0.62500
   5.37642        28       457         0        0.57440
   5.38330        29       455         0        0.59226
   5.39017        41       468         0        0.60714
   5.39705        29       453         0        0.57143
   5.40393        18       490         0        0.58036
   5.41080        43       457         0        0.65476
   5.41768        27       517         0        0.63690
   5.42456        21       445         0        0.60714
   5.43143        21       540         0        0.65774
   5.43831        20       457         0        0.64286
   5.44519        41       509         0        0.62500
   5.45206        21       500         0        0.62500
   5.45894        25       479         0        0.59821
   5.46582        49       445         0        0.62500
   5.47269        33       472         0        0.62500
   5.47957        43       491         0        0.64881
   5.48645        18       466         0        0.61607
   5.49332        24       438         0        0.57738
   5.50020        20       441         0        0.61012
   5.50708        24       487         0        0.60714
   5.51395        26       442         0        0.60714
   5.52083        19       534         0        0.64881
   5.52771        18       503         0        0.58929
   5.53458        21       500         0        0.58333
   5.54146        32       495         0        0.63988
   5.54834        11       478         0        0.59821
   5.55521        36       476         0        0.63690
   5.56209        26       515         0        0.64881
   5.56897        28       468         0        0.58036
   5.57585        28       418         0        0.59821
   5.58272        24       505         0        0.65179
   5.58960        16       517         0        0.62202
   5.59648        14       458         0        0.66071
   5.60335        26       450         0        0.62798
   5.61023        32       486         0        0.68155
   5.61711        26       493         0        0.67560
   5.62398        36       422         0        0.63095
   5.63086        13       457         0        0.63690
   5.63774        24       406         0        0.59821
   5.64461        59       406         0        0.66369
   5.65149        38       448         0        0.64286
   5.65837        35       487         0        0.63988
   5.66524        40       450         0        0.61905
   5.67212        26       420         0        0.58929
   5.67900        26       460         0        0.58333
   5.68587        22       469         0        0.61905
   5.68782        18       458         0        0.62202
   5.69470        20       464         0        0.61310
   5.70158        41       447         0        0.65774
   5.70845        22       413         0        0.56845
   5.71533        29       444         0        0.61310
   5.72221        21       452         0        0.58036
   5.72908        40       410         0        0.61607
   5.73596        35       476         0        0.61012
   5.74284        20       454         0        0.63095
   5.74971        25       437         0        0.62798
   5.75659        41       405         0        0.58929
   5.76347        44       437         0        0.62798
   5.77034        20       438         0        0.59226
   5.77722        32       493         0        0.62500
   5.78410        29       454         0        0.61012
   5.79097        42       499         0        0.61310
   5.79785        35       398         0        0.58929
   5.80473        44       457         0        0.61905
   5.81161        19       459         0        0.59524
   5.81848        38       421         0        0.54464
   5.82536        38       476         0        0.62798
   5.83224        19       412         0        0.55060
   5.83911        41       432         0        0.60119
   5.84599        28       413         0        0.58333
   5.85287        29       465         0        0.58333
   5.85974        40       402         0        0.58036
   5.86662        25       430         0        0.57440
   5.87350        59       463         0        0.63690
   5.88037        17       410         0        0.58631
   5.88725        40       394         0        0.58333
   5.89413        20       456         0        0.61012
   5.90100        35       432         0        0.62202
   5.90788        37       425         0        0.57143
   5.91476        12       394         0        0.56548
   5.92163        20       447         0        0.56548
   5.92851        16       452         0        0.55655
   5.93539        16       433         0        0.54167
   5.94226        16       440         0        0.63690
   5.94914        14       376         0        0.58631
   5.95602        51       484         0        0.59524
   5.96289        33       491         0        0.61607
   5.96977        30       447         0        0.63095
   5.97665        30       496         0        0.65179
   5.98352        23       491         0        0.64881
   5.99040        36       424         0        0.66964
   5.99728        30       478         0        0.62798
   6.00415        45       451         0        0.66071
   6.01103        33       430         0        0.61607
   6.01791        16       433         0        0.62500
   6.02478        49       470         0        0.68750
   6.03166        36       477         0        0.68155
   6.03854        27       445         0        0.65179
   6.04541        22       436         0        0.63690
   6.05229        25       458         0        0.63690
   6.05917        32       427         0        0.64286
   6.06171        11       440         0        0.64286
   6.06859        20       457         0        0.61905
   6.07547        21       460         0        0.64583
   6.08234        14       487         0        0.65774
   6.08922        35       500         0        0.65179
   6.09610        17       479         0        0.63393
   6.10297        29       383         0        0.62798
   6.10985        31       480         0        0.63393
   6.11673        14       404         0        0.61310
   6.12360        26       470         0        0.66071
   6.13048        18       450         0        0.61310
   6.13736        18       431         0        0.61607
   6.14423        27       456         0        0.62500
   6.15111        34       411         0        0.63690
   6.15799        31       433         0        0.62202
   6.16486        47       470         0        0.64583
   6.17174        57       412         0        0.60714
   6.17862        30       438         0        0.62500
   6.18549        43       388         0        0.61012
   6.19237        32       436         0        0.59821
   6.19925        49       356         0        0.58929
   6.20612        26       472         0        0.62798
   6.21300        27       447         0        0.59226
   6.21988        36       443         0        0.61607
   6.22675        24       413         0        0.61310
   6.23363        26       438         0        0.58631
   6.24051        40       478         0        0.64286
   6.24738        21       401         0        0.60119
   6.25426        32       418         0        0.60417
   6.26114        27       468         0        0.62500
   6.26801        47       457         0        0.66667
   6.27489        30       404         0        0.63095
   6.28177        36       387         0        0.60714
   6.28864        27       442         0        0.62202
   6.29552        28       468         0        0.62500
   6.30240        57       419         0        0.63690
   6.30927        47       373         0        0.57738
   6.31615        33       395         0        0.60417
   6.32303        26       427         0        0.61905
   6.32990        37       403         0        0.62202
   6.33678        27       443         0        0.64583
   6.34366        26       419         0        0.63988
   6.35053        27       420         0        0.62500
   6.35741        28       442         0        0.62500
   6.36429        23       438         0        0.62202
   6.37116        19       486         0        0.63095
   6.37804        41       437         0        0.61012
   6.38492        42       431         0        0.59226
   6.39179        38       431         0        0.63988
   6.39867        31       434         0        0.64881
   6.40555        40       439         0        0.61607
   6.41242        27       426         0        0.58631
   6.41930        19       427         0        0.56845
   6.42618        32       443         0        0.62500
   6.43306        36       473         0        0.61905
   6.43508        37       390         0        0.57738
   6.44196        22       391         0        0.60119
   6.44883        23       358         0        0.58929
   6.45571        17       412         0        0.59821
   6.46259        32       458         0        0.63690
   6.46946        21       427         0        0.56845
   6.47634        16       404         0        0.61012
   6.48322        18       472         0        0.61012
   6.49009        22       419         0        0.61310
   6.49697        20       482         0        0.61310
   6.50385        24       441         0        0.61607
   6.51072        32       468         0        0.63095
   6.51760        26       405         0        0.61310
   6.52448        24       401         0        0.60714
   6.53135        24       451         0        0.59821
   6.53823         9       416         0        0.55357
   6.54511        38       421         0        0.62500
   6.55198        22       408         0        0.60417
   6.55886        46       400         0        0.57738
   6.56574        30       415         0        0.56250
   6.57261        25       404         0        0.58333
   6.57949        35       398         0        0.59226
   6.58637        40       450         0        0.57738
   6.59324        32       464         0        0.59821
   6.60012        43       407         0        0.58631
   6.60700        37       411         0        0.55060
   6.61387        25       442         0        0.52381
   6.62075        47       456         0        0.56548
   6.62763        35       413         0        0.57440
   6.63450        40       395         0        0.55060
   6.64138        41       370         0        0.54762
   6.64826        35       431         0        0.57738
   6.65513        39       446         0        0.59821
   6.66201        38       436         0        0.58631
   6.66889        34       371         0        0.54464
   6.67576        34       381         0        0.55060
   6.68264        48       418         0        0.61310
   6.68952        61       411         0        0.65476
   6.69639        48       401         0        0.59821
   6.70327        38       481         0        0.65179
   6.71015        38       455         0        0.60119
   6.71702        51       421         0        0.63095
   6.72390        54       412         0        0.60119
   6.73078        30       424         0        0.58631
   6.73765        35       441         0        0.58333
   6.74453        47       372         0        0.53869
   6.75141        39       423         0        0.57440
   6.75828        47       461         0        0.64286
   6.76516        43       453         0        0.64881
   6.77204        63       403         0        0.60417
   6.77891        36       411         0        0.56250
   6.78579        24       412         0        0.57738
   6.79267        34       375         0        0.54167
   6.79954        48       395         0        0.59226
   6.80642        33       421         0        0.58929
   6.80769        29       412         0        0.60417
   6.81457        38       386         0        0.57143
   6.82145        37       421         0        0.56548
   6.82833        40       415         0        0.57143
   6.83520        29       400         0        0.56845
   6.84208         8       426         0        0.56845
   6.84896        38       411         0        0.56250
   6.85583        25       389         0        0.53571
   6.86271        28       431         0        0.58333
   6.86959        31       461         0        0.59226
   6.87646        35       405         0        0.61905
   6.88334        19       362         0        0.57143
   6.89022        20       389         0        0.55952
   6.89709        13       450         0        0.59524
   6.90397        10       402         0        0.56845
   6.91085        43       527         0        0.66071
   6.91772        19       419         0        0.57738
   6.92460        77       442         0        0.63690
   6.93148        32       415         0        0.60714
   6.93835        31       415         0        0.57440
   6.94523        32       414         0        0.58036
   6.95211        53       411         0        0.60119
   6.95898        36       398         0        0.55357
   6.96586        26       416         0        0.54464
   6.97274        31       426         0        0.59821
   6.97961        23       447         0        0.57738
   6.98649        40       448         0        0.65476
   6.99337        33       429         0        0.59226
   7.00024        51       486         0        0.61310
   7.00712        43       419         0        0.59524
   7.01400        37       367         0        0.56845
   7.02087        24       395         0        0.57143
   7.02775        31       389         0        0.54167
   7.03463        31       348         0        0.50000
   7.04150        17       400         0        0.60714
   7.04838        25       436         0        0.59821
   7.05526        53       442         3        0.58036
   7.06213        30       436         0        0.54167
   7.06901        22       417         0        0.57738
   7.07589        28       390         1        0.54464
   7.08276        44       378         0        0.56250
   7.08964        28       434         0        0.56548
   7.09652        39       402         0        0.56845
   7.10339        27       406         0        0.59821
   7.11027        30       379         0        0.60417
   7.11715        18       394         0        0.56845
   7.12402        37       448         0        0.62202
   7.13090        21       396         0        0.53274
   7.13778        15       359         0        0.54464
   7.14465        59       444         0        0.64286
   7.15153        49       439         0        0.60714
   7.15841        30       444         0        0.62500
   7.16528        15       452         0        0.57738
   7.17216        15       422         0        0.56250
   7.17904        28       401         0        0.57440
   7.18073        24       371         0        0.53274
   7.18761        52       407         0        0.57440
   7.19448        20       412         0        0.53571
   7.20136        23       422         0        0.55060
   7.20824        31       383         0        0.61607
   7.21511        29       449         0        0.57440
   7.22199        31       399         0        0.55357
   7.22887        22       432         0        0.57440
   7.23574        50       425         0        0.57440
   7.24262        28       479         0        0.60417
   7.24950        23       383         0        0.56845
   7.25637        40       400         0        0.58631
   7.26325        29       409         0        0.58036
   7.27013        21       478         0        0.64583
   7.27700        18       504         0        0.61607
   7.28388        23       447         0        0.59524
   7.29076        17       498         0        0.63393
   7.29763        30       495         0        0.63988
   7.30451        25       444         0        0.60119
   7.31139        26       442         0        0.58333
   7.31826        35       415         0        0.58333
   7.32514        24       442         0        0.60119
   7.33202        27       406         0        0.57143
   7.33889        32       445         0        0.56845
   7.34577        27       387         0        0.55952
   7.35265        16       391         0        0.52976
   7.35952        12       385         0        0.58333
   7.36640        21       464         0        0.61607
   7.37328        30       428         0        0.62500
   7.38015        25       435         0        0.57440
   7.38703        26       415         0        0.58036
   7.39391        40       403         0        0.59226
   7.40078        40       492         0        0.63393
   7.40766        23       453         0        0.62500
   7.41454        19       401         0        0.59226
   7.42141        51       394         0        0.59226
   7.42829        32       418         0        0.60417
   7.43517        41       399         0        0.59821
   7.44204        34       398         0        0.61310
   7.44892        40       390         0        0.55060
   7.45580        30       369         0        0.56845
   7.46267        29       390         0        0.55952
   7.46955        41       408         0        0.58929
   7.47643        23       343         1        0.55655
   7.48331        39       386         0        0.58631
   7.49018        28       387         0        0.57738
   7.49706        19       379         0        0.53571
   7.50394        27       432         1        0.58036
   7.51081        19       380         0        0.59226
   7.51769        44       388         0        0.58929
   7.52457        29       534         0        0.66369
   7.53144        32       468         0        0.64583
   7.53832        43       327         0        0.57440
   7.54520        44       412         0        0.61607
   7.55207        45       431         0        0.61607
   7.55341        43       429         0        0.63988
   7.56029        41       402         0        0.62798
   7.56716        42       433         0        0.63988
   7.57404        28       442         0        0.63393
   7.58092        46       476         0        0.65476
   7.58779        49       430         0        0.64583
   7.59467        43       428         0        0.64286
   7.60155        20       415         0        0.63393
   7.60842        35       404         0        0.62500
   7.61530        38       423         0        0.65774
   7.62218        33       434         0        0.65179
   7.62905        53       390         0        0.61310
   7.63593        32       396         0        0.58929
   7.64281        44       415         0        0.63393
   7.64968        27       405         0        0.59524
   7.65656        33       422         0        0.64881
   7.66344        15       369         0        0.55952
   7.67031        55       403         0        0.60417
   7.67719        28       410         0        0.60417
   7.68407        33       431         0        0.63988
   7.69094        27       412         0        0.63095
   7.69782        25       433         0        0.62798
   7.70470        24       480         0        0.63690
   7.71157        17       340         0        0.52083
   7.71845        55       447         0        0.65774
   7.72533        15       444         0        0.64286
   7.73220        19       441         0        0.63690
   7.73908        12       495         0        0.66667
   7.74596        31       452         0        0.63393
   7.75283        34       397         0        0.61012
   7.75971        22       416         0        0.66667
   7.76659        27       403         0        0.57440
   7.77346        15       418         0        0.58631
   7.78034        21       411         0        0.59821
   7.78722        32       368         0        0.58631
   7.79410        27       410         0        0.59226
   7.80097        15       405         0        0.59524
   7.80785        13       381         0        0.58929
   7.81473        10       408         0        0.59226
   7.82160        14       373         0        0.57738
   7.82848        19       452         0        0.62798
   7.83536        20       447         0        0.62798
   7.84223        14       421         0        0.61310
   7.84911        22       399         0        0.63095
   7.85599        25       433         0        0.65774
   7.86286        31       420         0        0.59821
   7.86974        15       408         0        0.63393
   7.87662        21       481         0        0.65476
   7.88349        21       460         0        0.63988
   7.89037        22       436         0        0.63988
   7.89725        29       404         0        0.64286
   7.90412        23       427         0        0.62500
   7.91100        15       421         0        0.59226
   7.91788        21       384         0        0.58929
   7.92475        22       404         0        0.60119
   7.92722        29       410         0        0.59226
   7.93410        15       394         0        0.57440
   7.94098        27       381         0        0.52679
   7.94785        27       436         0        0.63095
   7.95473        36       435         0        0.60119
   7.96161        24       457         0        0.61012
   7.96848        27       427         0        0.62500
   7.97536        48       425         0        0.64286
   7.98224        34       379         0        0.59821
   7.98911        20       414         0        0.60417
   7.99599        25       405         0        0.60714
   8.00287        34       445         0        0.61905
   8.00974        14       418         0        0.63988
   8.01662        26       425         0        0.61607
   8.02350        14       446         0        0.58929
   8.03038        42       424         0        0.61607
   8.03725        13       415         0        0.57738
   8.04413        22       452         0        0.63393
   8.05101        40       474         0        0.65179
   8.05788        20       425         0        0.56250
   8.06476        20       426         0        0.61310
   8.07164        18       405         0        0.58333
   8.07851        34       413         0        0.58333
   8.08539        30       427         0        0.58929
   8.09227        43       425         0        0.60119
   8.09914        16       500         0        0.61607
   8.10602        18       466         0        0.56845
   8.11290        26       459         0        0.63393
   8.11977        25       439         0        0.60119
   8.12665        25       357         0        0.56250
   8.13353        42       394         0        0.58631
   8.14040        37       373         0        0.57143
   8.14728        47       453         0        0.63393
   8.15416        42       404         0        0.59226
   8.16103        25       348         0        0.57143
   8.16791        47       382         0        0.55060
   8.17479        35       404         0        0.58333
   8.18166        57       436         0        0.61012
   8.18854        34       432         0        0.62202
   8.19542        29       386         0        0.58036
   8.20229        28       430         0        0.58929
   8.20917        36       408         0        0.58929
   8.21605        48       489         0        0.63988
   8.22292        19       419         0        0.56250
   8.22980        42       409         0        0.56250
   8.23668        27       443         0        0.62500
   8.24355        22       449         0        0.62202
   8.25043        28       424         0        0.59226
   8.25731        35       440         0        0.65774
   8.26418        23       433         0        0.61607
   8.27106        33       410         0        0.61012
   8.27794        26       445         0        0.63095
   8.28481        35       392         1        0.59524
   8.29169        15       423         0        0.58333
   8.29857        19       415         1        0.63095
   8.30068        11       395         0        0.58036
   8.30755        17       412         0        0.57440
   8.31443        15       426         0        0.57143
   8.32131        48       406         0        0.59226
   8.32818        50       382         0        0.59226
   8.33506        40       407         0        0.58929
   8.34194        25       417         0        0.58036
   8.34882        38       419         0        0.62202
   8.35569        29       444         0        0.61607
   8.36257        36       384         0        0.62798
   8.36945        42       403         0        0.65476
   8.37632        72       429         0        0.63988
   8.38320        33       378         0        0.59821
   8.39008        32       381         0        0.61310
   8.39695        32       334         0        0.61310
   8.40383        22       393         0        0.60714
   8.41071        22       362         0        0.56250
   8.41758        30       425         0        0.61310
   8.42446        27       381         0        0.58333
   8.43134        14       403         0        0.56250
   8.43821        20       446         0        0.63393
   8.44509        18       375         0        0.54762
   8.45197        36       405         0        0.60714
   8.45884        23       382         0        0.60417
   8.46572        34       436         0        0.65179
   8.47260        38       423         0        0.66667
   8.47947        32       414         0        0.63690
   8.48635        25       409         0        0.59226
   8.49323        22       404         0        0.56548
   8.50010        30       413         0        0.56845
   8.50698        27       415         0        0.58631
   8.51386        11       419         0        0.56250
   8.52073        13       430         0        0.60119
   8.52761        37       413         0        0.58929
   8.53449        36       377         0        0.57440
   8.54136        29       405         0        0.61012
   8.54824        15       460         0        0.61607
   8.55512        15       377         0        0.55357
   8.56199        20       400         0        0.58929
   8.56887        36       399         1        0.59821
   8.57575        40       434         0        0.60119
   8.58262        38       416         0        0.61905
   8.58950        31       383         0        0.61607
   8.59638        20       427         0        0.56845
   8.60325        20       391         0        0.58036
   8.61013        16       352         0        0.52083
   8.61701        22       445         0        0.57440
   8.62388        26       444         0        0.61310
   8.63076        14       479         0        0.65179
   8.63764         9       506         0        0.65179
   8.64451        23       483         0        0.68155
   8.65139        16       437         0        0.58929
   8.65827        25       476         0        0.62500
   8.66514        28       505         0        0.62500
   8.67202        17       409         0        0.60417
   8.67432        21       405         0        0.61607
   8.68120        30       458         0        0.63393
   8.68807        23       466         0        0.66369
   8.69495        26       469         0        0.62500
   8.70183        15       398         0        0.56548
   8.70870        15       422         0        0.59821
   8.71558        21       434         0        0.65179
   8.72246         8       399         0        0.58333
   8.72933        14       496         0        0.69940
   8.73621        17       464         0        0.67262
   8.74309        28       450         0        0.67262
   8.74996        19       487         0        0.67857
   8.75684        24       422         0        0.64286
   8.76372        25       445         0        0.63690
   8.77059        17       433         0        0.63690
   8.77747        14       496         0        0.63690
   8.78435         7       503         0        0.64286
   8.79122        10       423         0        0.59821
   8.79810        17       514         0        0.66071
   8.80498        10       525         0        0.68750
   8.81185        14       466         0        0.63988
   8.81873         7       497         0        0.66071
   8.82561        11       470         0        0.68155
   8.83248        18       504         0        0.65774
   8.83936         9       442         0        0.61310
   8.84624         6       422         0        0.62500
   8.85311        10       438         0        0.61012
   8.85999        12       495         0        0.62798
   8.86687        30       476         0        0.63690
   8.87374        11       456         0        0.62500
   8.88062        12       468         0        0.61310
   8.88750         7       474         0        0.60119
   8.89437        20       487         0        0.62798
   8.90125         8       481         0        0.63690
   8.90813         0       494         0        0.64286
   8.91500        11       438         0        0.62500
   8.92188         6       504         0        0.65774
   8.92876        12       398         0        0.59226
   8.93563        24       455         0        0.64881
   8.94251         9       467         0        0.65179
   8.94939         5       439         0        0.63690
   8.95626        20       444         0        0.67262
   8.96314         6       474         0        0.63393
   8.97002        23       484         0        0.68155
   8.97689        11       492         0        0.66964
   8.98377        11       452         0        0.67262
   8.99065         4       422         0        0.61607
   8.99752         4       451         0        0.66071
   9.00440        21       495         0        0.64583
   9.01128        13       474         0        0.63988
   9.01815        30       470         0        0.60119
   9.02503        15       444         0        0.61012
   9.03191        13       493         0        0.60417
   9.03879        16       487         0        0.63095
   9.04566        24       439         0        0.59226
   9.04771        12       463         0        0.63988
   9.05458        10       497         0        0.66964
   9.06146         9       442         0        0.61310
   9.06834        32       455         0        0.61905
   9.07521        12       502         0        0.64286
   9.08209        16       462         0        0.57738
   9.08897        19       432         0        0.55060
   9.09584        20       483         0        0.59821
   9.10272        26       463         0        0.59226
   9.10960        19       450         0        0.56548
   9.11647        10       459         0        0.55952
   9.12335        31       430         0        0.57738
   9.13023        29       464         0        0.61012
   9.13710        26       470         0        0.61310
   9.14398        13       444         0        0.58036
   9.15086        27       428         0        0.56548
   9.15773        38       379         0        0.60714
   9.16461        24       416         0        0.61607
   9.17149        38       465         0        0.64286
   9.17836        30       450         0        0.59226
   9.18524        21       447         0        0.62798
   9.19212        14       420         0        0.56548
   9.19899        19       398         0        0.53869
   9.20587        20       407         0        0.62500
   9.21275        31       434         0        0.62202
   9.21962        19       432         0        0.59226
   9.22650        23       466         0        0.61310
   9.23338        17       431         0        0.61905
   9.24025        20       468         0        0.61905
   9.24713        21       515         0        0.61607
   9.25401        24       495         0        0.66369
   9.26089        28       469         0        0.61012
   9.26776        39       466         0        0.58929
   9.27464        27       456         0        0.56250
   9.28152        22       422         0        0.60417
   9.28839        10       506         0        0.64583
   9.29527        19       465         0        0.59821
   9.30215        10       447         0        0.57143
   9.30902        19       470         0        0.58333
   9.31590        16       462         0        0.62500
   9.32278        28       506         0        0.64286
   9.32965        31       436         0        0.58036
   9.33653        20       456         0        0.62500
   9.34341        21       398         0        0.54762
   9.35028        19       404         0        0.57440
   9.35716        32       431         0        0.56250
   9.36404        14       479         0        0.58929
   9.37091        25       421         0        0.53571
   9.37779        24       389         0        0.53571
   9.38467        22       456         0        0.62202
   9.39154        11       487         0        0.58333
   9.39842        15       484         0        0.59226
   9.40530        19       437         0        0.58036
   9.41217        24       446         0        0.57440
   9.41905        16       416         0        0.59821
   9.42099        16       428         0        0.57143
