   0.00586         0         0         0        0.00000
   0.01202         0         0         0        0.00000
   0.01205         0         0         0        0.00000
   0.01829         0         0         0        0.00000
   0.01860         0         0         0        0.00000
   0.02495         0         0         0        0.00000
   0.02563         0         0         0        0.00000
   0.03210         0         0         0        0.00000
   0.03321         0         0         0        0.00000
   0.03974         0         0         0        0.00000
   0.04494         0         0         0        0.00000
   0.05153         8         0         0        0.01190
   0.05711         0         0         0        0.01190
   0.06377         0         0         0        0.00000
   0.07044         0         0         0        0.01190
   0.07404         0         0         0        0.00000
   0.08079         4         0         0        0.01190
   0.08754         4         4         0        0.02976
   0.09428         0         0         0        0.00000
   0.09608         0         4         0        0.01190
   0.10296        17         0         0        0.06250
   0.10984        12         6         0        0.04167
   0.11672        10        12         0        0.04762
   0.12359        43        16         1        0.13690
   0.13047        10        16         0        0.10119
   0.13735        20        25         0        0.10714
   0.14422        12        11         1        0.04167
   0.15110        24         7         0        0.08333
   0.15798        29        17         0        0.08333
   0.16485        14        38         0        0.10119
   0.17173         4        71         0        0.09226
   0.17861         5        80         0        0.16964
   0.18548        26        83         0        0.19940
   0.19236        10        77         0        0.14583
   0.19924         4        59         0        0.12202
   0.20611         8       116         0        0.18452
   0.21299        31        68         0        0.15774
   0.21987        10       109         0        0.19643
   0.22674         9       126         0        0.21131
   0.23362        43       119         0        0.20536
   0.24050        22       123         1        0.17857
   0.24737        10       114         0        0.16071
   0.25425        16        75         1        0.16071
   0.26113         0       123         0        0.13988
   0.26800        35        89         1        0.16369
   0.27488        29       132         0        0.17857
   0.28176        12        78         0        0.11905
   0.28863         8        72         0        0.11905
   0.29551        33        90         1        0.21131
   0.30239        15       125         0        0.18452
   0.30926        22       120         1        0.19940
   0.31614         4        93         0        0.16667
   0.32302        18        99         0        0.22619
   0.32989        17       128         0        0.25893
   0.33677        32       111         0        0.21429
   0.34365        24       179         1        0.25298
   0.35052        19       189         0        0.28869
   0.35740        14       192         0        0.25298
   0.36428        15       182         0        0.28571
   0.37115        18       144         0        0.30060
   0.37803        15       180         0        0.34821
   0.38491        25       171         0        0.26190
   0.39178        23       185         0        0.30357
   0.39866        22       233         0        0.30060
   0.40554        27       252         1        0.32440
   0.41241        31       190         0        0.35417
   0.41929        37       206         0        0.35119
   0.42617        35       199         0        0.36310
   0.43304        37       213         0        0.35417
   0.43992        22       144         0        0.28274
   0.44680        26       185         0        0.34524
   0.45367        12       181         0        0.28571
   0.46055        16       153         0        0.29762
   0.46743        19       225         0        0.35714
   0.46983        26       199         0        0.36310
   0.47671        36       197         0        0.36607
   0.48359        45       161         1        0.33333
   0.49046        33       197         0        0.37500
   0.49734        27       221         0        0.33036
   0.50422        33       256         1        0.41667
   0.51109        11       193         0        0.31845
   0.51797        15       250         0        0.33929
   0.52485        17       220         0        0.35119
   0.53172        16       229         0        0.34226
   0.53860        15       255         0        0.40476
   0.54548        30       213         0        0.34524
   0.55235        13       244         0        0.38393
   0.55923        37       211         0        0.35714
   0.56611        27       220         0        0.43452
   0.57298        30       251         0        0.35714
   0.57986        51       219         0        0.36310
   0.58674         9       279         0        0.40179
   0.59361         5       266         0        0.37500
   0.60049        14       209         0        0.32143
   0.60737        19       266         0        0.38095
   0.61424        16       260         0        0.40179
   0.62112        12       294         0        0.44643
   0.62800        16       272         0        0.37500
   0.63487        16       220         0        0.34226
   0.64175        25       292         0        0.45833
   0.64863        28       268         0        0.41369
   0.65550        36       286         0        0.46429
   0.66238        14       255         0        0.34226
   0.66926        22       285         0        0.44048
   0.67613        20       262         0        0.39583
   0.68301        18       235         0        0.33333
   0.68989        18       291         0        0.38095
   0.69676        28       218         0        0.33631
   0.70364        33       242         0        0.44048
   0.71052        24       261         0        0.36905
   0.71739        19       228         0        0.33333
   0.72427        23       269         0        0.40476
   0.73115        16       225         2        0.34524
   0.73803         8       265         0        0.38988
   0.74490         9       297         1        0.43155
   0.75178        17       253         0        0.41369
   0.75866        11       267         0        0.34226
   0.76553        16       243         0        0.39881
   0.77241        29       303         0        0.39881
   0.77929        17       268         0        0.39583
   0.78616        22       247         0        0.37202
   0.79304        25       247         1        0.36905
   0.79992        16       217         0        0.37500
   0.80679         5       228         0        0.33036
   0.81367        17       297         0        0.42560
   0.82055         9       309         0        0.42262
   0.82742        25       241         0        0.40476
   0.83430        65       277         2        0.43750
   0.84118        24       239         0        0.41071
   0.84291        24       323         0        0.47619
   0.84978        24       285         0        0.41071
   0.85666        17       235         0        0.38690
   0.86354        31       245         0        0.36905
   0.87041        39       287         0        0.46726
   0.87729        10       338         1        0.39286
   0.88417        12       306         0        0.41667
   0.89105        16       322         1        0.44940
   0.89792        37       315         5        0.47917
   0.90480         8       294         0        0.39881
   0.91168        13       266         0        0.39881
   0.91855        17       224         0        0.33036
   0.92543        49       294         0        0.41071
   0.93231        22       268         0        0.39286
   0.93918        33       255         0        0.38393
   0.94606        19       257         1        0.33333
   0.95294        11       255         0        0.33929
   0.95981        13       275         0        0.38095
   0.96669        10       274         0        0.33929
   0.97357         3       282         0        0.38393
   0.98044         3       274         0        0.38988
   0.98732         0       249         0        0.35714
   0.99420        27       278         0        0.39881
   1.00107        26       186         0        0.36310
   1.00795        15       283         0        0.38393
   1.01483        19       191         0        0.33631
   1.02170        26       190         0        0.34226
   1.02858        16       282         0        0.36905
   1.03546        27       309         1        0.42560
   1.04233        12       272         0        0.38988
   1.04921        14       330         0        0.40774
   1.05609        10       276         0        0.33929
   1.06296        19       253         0        0.36310
   1.06984         8       303         0        0.44643
   1.07672        17       262         0        0.37500
   1.08359         3       307         0        0.43155
   1.09047        18       227         0        0.39583
   1.09735         9       262         0        0.36905
   1.10422         0       249         0        0.37798
   1.11110        43       268         0        0.43452
   1.11798        46       257         0        0.42560
   1.12485        22       324         0        0.47917
   1.13173         8       234         0        0.36012
   1.13861        17       261         0        0.40179
   1.14548        43       278         0        0.44643
   1.15236        34       265         0        0.43155
   1.15924        55       214         0        0.42857
   1.16611        51       231         0        0.43452
   1.17299        23       185         0        0.35714
   1.17987        24       252         0        0.40179
   1.18674        57       230         0        0.44048
   1.19362         8       219         0        0.34524
   1.20050        33       236         0        0.38393
   1.20737         7       207         0        0.32738
   1.21425        16       271         0        0.42262
   1.21542        28       265         0        0.40774
   1.22229        34       253         0        0.46131
   1.22917        34       241         0        0.47024
   1.23605        42       241         0        0.51190
   1.24292        21       253         0        0.44940
   1.24980        23       217         0        0.41369
   1.25668        38       229         0        0.41071
   1.26355        22       225         0        0.36607
   1.27043        14       234         0        0.38393
   1.27731        28       206         0        0.37798
   1.28418        41       239         0        0.47024
   1.29106         8       280         0        0.43750
   1.29794        21       258         0        0.44345
   1.30481        42       261         0        0.45833
   1.31169        19       221         0        0.40774
   1.31857        38       232         0        0.41369
   1.32544        33       207         0        0.35417
   1.33232        39       250         3        0.43155
   1.33920        27       282         0        0.44048
   1.34607        28       241         0        0.38393
   1.35295        26       249         0        0.40476
   1.35983        25       244         0        0.41667
   1.36670        19       228         0        0.37798
   1.37358        19       262         1        0.41667
   1.38046        20       266         0        0.44643
   1.38733         4       230         0        0.36310
   1.39421        22       241         0        0.42560
   1.40109        28       277         0        0.45833
   1.40796         6       298         0        0.39286
   1.41484        11       213         0        0.38690
   1.42172         0       202         0        0.38988
   1.42859        26       230         0        0.35714
   1.43547        24       283         1        0.42560
   1.44235        76       261         0        0.42857
   1.44922        10       241         0        0.36310
   1.45610        13       291         0        0.48512
   1.46298        24       275         0        0.46726
   1.46986        26       303         0        0.52679
   1.47673        26       313         0        0.50000
   1.48361        18       256         0        0.41964
   1.49049        23       284         0        0.44643
   1.49736        28       315         1        0.50298
   1.50424        36       257         0        0.47321
   1.51112        28       318         1        0.47917
   1.51799        22       331         0        0.54464
   1.52487        41       325         0        0.48512
   1.53175        31       328         0        0.49107
   1.53862        43       325         0        0.50000
   1.54550        27       420         0        0.60714
   1.55238        27       365         1        0.55060
   1.55925        19       377         0        0.54464
   1.56613        33       391         0        0.55655
   1.57301        15       380         0        0.59524
   1.57988        20       378         0        0.55952
   1.58676         7       425         0        0.57440
   1.58828        11       402         0        0.55060
   1.59516         8       410         0        0.55655
   1.60203        24       412         0        0.54762
   1.60891        19       415         0        0.59821
   1.61579        20       435         0        0.63988
   1.62266        13       468         0        0.62798
   1.62954        13       376         0        0.55060
   1.63642        11       365         0        0.54167
   1.64329        21       350         0        0.56845
   1.65017        17       410         1        0.54762
   1.65705         0       316         0        0.52976
   1.66392        34       389         1        0.63393
   1.67080        14       402         0        0.56250
   1.67768        10       383         0        0.57143
   1.68455        11       424         0        0.60119
   1.69143         9       433         0        0.62202
   1.69831        12       450         0        0.63095
   1.70518        14       392         0        0.55655
   1.71206        25       411         0        0.63690
   1.71894        19       402         0        0.63690
   1.72581        20       406         0        0.60119
   1.73269        44       375         0        0.60714
   1.73957        29       420         0        0.60714
   1.74644        26       385         0        0.62798
   1.75332        31       400         0        0.63095
   1.76020        25       404         0        0.57738
   1.76707        47       338         1        0.55357
   1.77395        19       432         0        0.62500
   1.78083        33       369         0        0.59524
   1.78770        24       361         0        0.57143
   1.79458        44       335         0        0.63690
   1.80146        30       382         0        0.60119
   1.80833        23       406         0        0.57440
   1.81521        29       390         0        0.60417
   1.82209        23       439         0        0.62202
   1.82896        23       357         0        0.56845
   1.83584        21       369         0        0.54762
   1.84272        19       482         0        0.61905
   1.84959        31       428         0        0.62202
   1.85647        20       448         0        0.58929
   1.86335        16       431         0        0.62500
   1.87023        22       393         0        0.60119
   1.87710        27       465         0        0.63393
   1.88398        28       471         0        0.65476
   1.89086        17       463         0        0.64881
   1.89773        25       377         0        0.58929
   1.90461        10       369         0        0.57440
   1.91149         9       400         0        0.61607
   1.91836        13       414         0        0.65774
   1.92524        13       422         0        0.67857
   1.93212        13       384         0        0.64583
   1.93899        20       384         0        0.63988
   1.94587        13       448         0        0.64881
   1.95275         6       447         0        0.66071
   1.95962         7       465         0        0.68750
   1.96290        12       452         0        0.68750
   1.96978        11       478         0        0.70536
   1.97665         7       472         0        0.65774
   1.98353        17       418         0        0.71131
   1.99041        17       459         0        0.69345
   1.99728         7       423         0        0.65476
   2.00416        26       427         0        0.68452
   2.01104        32       419         0        0.69643
   2.01791        14       415         0        0.66369
   2.02479         9       491         0        0.70238
   2.03167        14       427         0        0.69940
   2.03854        23       455         0        0.69048
   2.04542        17       462         0        0.68750
   2.05230        16       493         0        0.66369
   2.05917        31       497         0        0.68750
   2.06605         6       461         0        0.63690
   2.07293        28       502         0        0.69345
   2.07980        46       460         0        0.67560
   2.08668        53       471         0        0.68750
   2.09356        37       482         0        0.67262
   2.10043        37       494         0        0.65774
   2.10731         6       463         0        0.60417
   2.11419        24       428         0        0.63095
   2.12106         7       484         0        0.63690
   2.12794        23       428         0        0.61905
   2.13482        15       422         0        0.63988
   2.14169        17       509         0        0.65476
   2.14857        15       413         0        0.56250
   2.15545        11       488         0        0.62500
   2.16232        25       445         0        0.66369
   2.16920        22       472         0        0.69940
   2.17608         3       420         0        0.62202
   2.18295        11       439         0        0.64286
   2.18983        12       508         0        0.64286
   2.19671        15       433         0        0.66964
   2.20358        11       377         0        0.59821
   2.21046         6       391         0        0.63095
   2.21734         7       459         0        0.63393
   2.22422        27       463         0        0.65179
   2.23109        14       389         0        0.63690
   2.23797        27       424         0        0.63690
   2.24485         8       403         0        0.60417
   2.25172        13       386         0        0.60714
   2.25860        29       371         0        0.59226
   2.26548        17       390         0        0.63393
   2.27235        24       448         0        0.65179
   2.27923        25       392         0        0.62500
   2.28611        22       441         0        0.66964
   2.29298        13       437         0        0.66667
   2.29986        22       419         0        0.67262
   2.30674        13       393         0        0.61012
   2.31361        45       410         0        0.67262
   2.32049        24       462         0        0.64583
   2.32737        42       422         0        0.63988
   2.33424        37       427         0        0.63393
   2.33765        37       384         0        0.63988
   2.34453         6       365         0        0.58631
   2.35140        33       433         0        0.63095
   2.35828         9       467         0        0.62202
   2.36516        18       485         0        0.64881
   2.37203        22       428         0        0.64286
   2.37891        11       404         0        0.61607
   2.38579        17       476         0        0.61905
   2.39266         6       426         0        0.59524
   2.39954        28       517         0        0.63095
   2.40642         8       437         0        0.61310
   2.41329        17       467         0        0.61905
   2.42017        42       403         0        0.64286
   2.42705        16       399         0        0.67262
   2.43392        17       423         0        0.65476
   2.44080         8       396         0        0.60119
   2.44768        15       432         0        0.65476
   2.45455        21       421         0        0.65476
   2.46143         3       494         0        0.69643
   2.46831        25       430         0        0.62500
   2.47518        14       391         0        0.63095
   2.48206        22       399         0        0.64881
   2.48894        16       413         0        0.60714
   2.49581        24       430         0        0.64881
   2.50269        21       473         0        0.66964
   2.50957        21       401         0        0.67857
   2.51644        10       450         0        0.66369
   2.52332        10       374         0        0.63988
   2.53020        10       410         0        0.63690
   2.53707        20       453         0        0.66369
   2.54395         6       425         0        0.61310
   2.55083        13       469         0        0.64583
   2.55770         4       432         0        0.60714
   2.56458         3       430         0        0.61905
   2.57146        19       368         0        0.62798
   2.57833        14       400         0        0.60714
   2.58521        12       441         0        0.66667
   2.59209        17       419         0        0.63095
   2.59897        14       367         0        0.61012
   2.60584         6       405         0        0.60119
   2.61272        11       392         0        0.63095
   2.61960         8       449         0        0.63988
   2.62647        17       443         0        0.64583
   2.63335        13       380         0        0.62798
   2.64023        12       406         0        0.63095
   2.64710        21       414         0        0.65774
   2.65398        19       402         0        0.60119
   2.66086        18       349         0        0.61905
   2.66773        13       416         0        0.63095
   2.67461        14       430         0        0.63690
   2.68149        31       452         0        0.65476
   2.68836        11       418         0        0.63988
   2.69524        20       451         0        0.63988
   2.70212         1       392         0        0.59821
   2.70899        19       417         0        0.65476
   2.71234        19       430         0        0.66667
   2.71922         5       396         0        0.61607
   2.72610        16       408         0        0.62500
   2.73297        13       429         0        0.59226
   2.73985        14       371         0        0.58036
   2.74673        31       436         0        0.66369
   2.75360         8       399         0        0.62202
   2.76048         9       386         0        0.62500
   2.76736        28       391         0        0.64881
   2.77423        17       369         0        0.61607
   2.78111        26       399         0        0.62798
   2.78799        30       398         0        0.64583
   2.79486        18       415         0        0.66964
   2.80174        22       432         0        0.69940
   2.80862        27       433         0        0.65179
   2.81549         3       423         0        0.62798
   2.82237        12       411         0        0.64583
   2.82925         7       455         0        0.65476
   2.83612        21       465         0        0.66667
   2.84300         9       433         0        0.64583
   2.84988        10       405         0        0.63988
   2.85675        18       433         0        0.62798
   2.86363        17       367         0        0.58036
   2.87051        16       420         0        0.64286
   2.87738        16       457         0        0.69643
   2.88426         9       407         0        0.64881
   2.89114        15       410         0        0.62202
   2.89801        11       434         0        0.65179
   2.90489        13       419         0        0.64583
   2.91177         9       414         0        0.66071
   2.91864        20       439         0        0.66369
   2.92552        12       376         0        0.63988
   2.93240        13       412         0        0.62798
   2.93927        28       401         0        0.61905
   2.94615        26       398         0        0.60714
   2.95303        28       436         0        0.66667
   2.95990        34       412         0        0.68452
   2.96678        13       460         0        0.70238
   2.97366        25       417         0        0.63690
   2.98053        16       413         0        0.63095
   2.98741        15       408         0        0.63393
   2.99429        19       416         0        0.63690
   3.00116        21       385         0        0.64286
   3.00804        15       526         0        0.70833
   3.01492        19       475         0        0.66369
   3.02179        13       473         0        0.63690
   3.02867        23       423         0        0.65476
   3.03555        28       439         0        0.64881
   3.04242        11       447         0        0.62500
   3.04930         4       391         0        0.61607
   3.05618        16       385         0        0.60714
   3.06306        33       402         0        0.62202
   3.06993        16       450         0        0.65179
   3.07681        18       469         0        0.64881
   3.08369        14       465         0        0.64881
   3.08710         7       468         0        0.64881
   3.09398        10       493         0        0.68750
   3.10085        14       485         0        0.72321
   3.10773        10       484         0        0.67857
   3.11461        18       495         0        0.70833
   3.12148        28       486         0        0.67560
   3.12836        12       469         0        0.66667
   3.13524        12       478         0        0.72619
   3.14212        11       443         0        0.71131
   3.14899         9       458         0        0.71726
   3.15587        20       467         0        0.71726
   3.16275        15       495         0        0.73810
   3.16962        14       525         0        0.73214
   3.17650         8       466         0        0.74107
   3.18338        13       475         0        0.70238
   3.19025        23       439         0        0.69643
   3.19713        14       468         0        0.73214
   3.20401        14       428         0        0.66369
   3.21088        19       481         0        0.70833
   3.21776        20       470         0        0.69643
   3.22464        13       479         0        0.70238
   3.23151        17       463         0        0.70833
   3.23839         4       519         0        0.70536
   3.24527        23       495         0        0.69048
   3.25214        15       429         0        0.67857
   3.25902         9       450         0        0.67560
   3.26590         8       463         0        0.70238
   3.27277        16       513         0        0.72917
   3.27965        17       475         0        0.71131
   3.28653        11       503         0        0.71726
   3.29340        11       431         0        0.73214
   3.30028         4       456         0        0.67857
   3.30716         7       434         0        0.66071
   3.31403         8       436         0        0.68750
   3.32091        12       447         0        0.69643
   3.32779         8       520         0        0.70238
   3.33466        18       480         0        0.71131
   3.34154        13       450         0        0.67857
   3.34842         9       445         0        0.69048
   3.35529        14       461         0        0.73214
   3.36217        40       466         0        0.69048
   3.36905        16       517         0        0.72321
   3.37592         4       488         0        0.69048
   3.38280        10       503         0        0.69940
   3.38968        11       480         0        0.67560
   3.39655        20       459         0        0.70536
   3.40343        14       497         0        0.70238
   3.41031         2       483         0        0.71429
   3.41718        11       473         0        0.68452
   3.42406        16       497         0        0.72619
   3.43094         5       479         0        0.71131
   3.43781        13       487         0        0.71726
   3.44469        10       465         0        0.68452
   3.45157        19       506         0        0.72619
   3.45844        10       486         0        0.70238
   3.46240        19       451         0        0.68750
   3.46928        16       498         0        0.72024
   3.47615        10       431         0        0.64286
   3.48303         7       433         0        0.72024
   3.48991         5       460         0        0.69940
   3.49678        13       518         0        0.69940
   3.50366         6       462         0        0.66667
   3.51054        10       498         0        0.66667
   3.51741         9       490         0        0.71726
   3.52429         1       483         0        0.68155
   3.53117         8       500         0        0.68155
   3.53804         5       524         0        0.70833
   3.54492        36       495         0        0.72917
   3.55180        12       478         0        0.69643
   3.55867         6       490         0        0.70238
   3.56555        27       527         0        0.72024
   3.57243        10       458         0        0.63690
   3.57930         6       494         0        0.67560
   3.58618         6       476         0        0.70238
   3.59306         6       461         0        0.67560
   3.59993         8       495         0        0.70833
   3.60681         7       484         0        0.72024
   3.61369         5       480         0        0.65476
   3.62056         9       492         0        0.69940
   3.62744        22       463         0        0.69048
   3.63432        22       508         0        0.67560
   3.64119        24       516         0        0.68452
   3.64807        16       554         0        0.71429
   3.65495        17       472         0        0.69940
   3.66182        14       514         0        0.66071
   3.66870         8       501         0        0.65774
   3.67558        22       545         0        0.71429
   3.68245        17       459         0        0.65179
   3.68933         9       486         0        0.69940
   3.69621         4       470         0        0.68155
   3.70308        16       487         0        0.68750
   3.70996         8       472         0        0.65476
   3.71684        21       463         0        0.69345
   3.72371         8       503         0        0.69643
   3.73059        20       443         0        0.67857
   3.73747        11       474         0        0.68155
   3.74434        12       431         0        0.71429
   3.75122         6       501         0        0.70536
   3.75810         8       411         0        0.63988
   3.76497         1       494         0        0.68155
   3.77185         7       493         0        0.68750
   3.77873         8       450         0        0.67262
   3.78560         5       457         0        0.64583
   3.79248         6       430         0        0.61607
   3.79936        14       490         0        0.66964
   3.80623        15       482         0        0.68155
   3.81311         2       428         0        0.63988
   3.81999        15       441         0        0.66667
   3.82686         3       444         0        0.63988
   3.83374        12       417         0        0.63988
   3.83754        10       446         0        0.65179
   3.84441         2       469         0        0.64286
   3.85129         9       440         0        0.65476
   3.85817        22       417         0        0.65774
   3.86504        16       405         0        0.62500
   3.87192         9       448         0        0.66071
   3.87880        16       456         0        0.64583
   3.88567         6       401         0        0.66369
   3.89255         4       477         0        0.65476
   3.89943        30       426         0        0.63095
   3.90630        16       411         0        0.62202
   3.91318        14       467         0        0.65476
   3.92006        10       440         0        0.64286
   3.92693         3       494         0        0.63393
   3.93381        12       455         0        0.62202
   3.94069        15       471         0        0.64286
   3.94756         5       455         0        0.58631
   3.95444        11       471         0        0.66667
   3.96132        18       416         0        0.62202
   3.96819        25       453         0        0.62500
   3.97507        22       400         0        0.63690
   3.98195        23       350         0        0.60417
   3.98882         9       403         0        0.62202
   3.99570        27       436         0        0.67262
   4.00258        35       441         0        0.65179
   4.00946        10       452         0        0.62798
   4.01633        34       403         0        0.66667
   4.02321        11       449         0        0.67857
   4.03009         7       422         0        0.59821
   4.03696        24       371         0        0.62500
   4.04384        18       439         0        0.64583
   4.05072        31       465         0        0.68750
   4.05759        20       412         0        0.61310
   4.06447        31       454         0        0.67857
   4.07135        12       428         0        0.62202
   4.07822        36       412         0        0.60714
   4.08510        27       435         0        0.66071
   4.09198        18       448         0        0.64286
   4.09885        44       410         0        0.65476
   4.10573        26       420         0        0.63690
   4.11261        18       400         0        0.66369
   4.11948        41       433         0        0.69345
   4.12636        45       408         0        0.67262
   4.13324        32       383         0        0.63393
   4.14011        44       403         0        0.65476
   4.14699        45       348         0        0.63393
   4.15387        55       356         0        0.63095
   4.16074        22       452         0        0.68155
   4.16762        45       428         0        0.66667
   4.17450        47       433         0        0.66071
   4.18137        49       413         0        0.63393
   4.18825        28       445         0        0.61310
   4.19513        10       379         0        0.62500
   4.20200        19       383         0        0.59821
   4.20888         5       447         0        0.61012
   4.21209        17       412         0        0.62798
   4.21897        18       462         0        0.66667
   4.22584         9       431         0        0.59821
   4.23272        14       423         0        0.66071
   4.23960         6       440         0        0.61012
   4.24647         8       421         0        0.61310
   4.25335         8       452         0        0.62500
   4.26023         0       474         0        0.58929
   4.26710        14       396         0        0.58929
   4.27398         1       453         0        0.58333
   4.28086        19       427         0        0.61310
   4.28773        15       443         1        0.62500
   4.29461         5       408         0        0.54762
   4.30149        26       475         0        0.63393
   4.30837         7       451         0        0.59524
   4.31524        31       404         0        0.61607
   4.32212        16       455         0        0.59524
   4.32900        10       397         0        0.56845
   4.33587         3       425         0        0.60417
   4.34275        15       390         0        0.57738
   4.34963        19       382         0        0.56548
   4.35650         5       393         0        0.59226
   4.36338         2       420         0        0.61905
   4.37026         3       352         0        0.55357
   4.37713         7       399         0        0.56845
   4.38401        23       394         0        0.55060
   4.39089        11       402         0        0.56548
   4.39776        11       358         0        0.55655
   4.40464        10       408         0        0.54464
   4.41152         9       379         0        0.54464
   4.41839         9       465         0        0.55655
   4.42527         8       407         0        0.60714
   4.43215        15       379         0        0.58631
   4.43902         2       376         0        0.56250
   4.44590        12       422         0        0.55655
   4.45278         9       386         0        0.59821
   4.45965        10       427         0        0.64583
   4.46653         5       377         0        0.63393
   4.47341         4       403         0        0.58333
   4.48028        14       406         0        0.58036
   4.48716        17       378         0        0.58631
   4.49404         7       369         0        0.58333
   4.50091         6       483         0        0.61905
   4.50779        17       419         0        0.62500
   4.51467         5       391         0        0.59821
   4.52154         0       348         0        0.64286
   4.52842         6       443         0        0.63095
   4.53530         1       389         0        0.56845
   4.54217         0       418         0        0.57738
   4.54905        14       397         0        0.62202
   4.55593         6       418         0        0.62500
   4.56280         9       457         0        0.63393
   4.56968         8       441         0        0.62798
   4.57656         4       391         0        0.56250
   4.58343        15       438         0        0.59821
   4.58690        14       378         0        0.62500
   4.59378         3       395         0        0.58929
   4.60066         2       410         0        0.56845
   4.60753        15       418         0        0.57440
   4.61441        20       393         0        0.58929
   4.62129        16       444         0        0.60119
   4.62816        13       458         0        0.60714
   4.63504         7       439         0        0.60417
   4.64192         1       427         0        0.58631
   4.64879         5       423         0        0.61905
   4.65567         1       444         0        0.58036
   4.66255         6       429         0        0.58631
   4.66942         5       467         0        0.57738
   4.67630        12       407         0        0.61905
   4.68318         1       420         0        0.58929
   4.69005         0       466         0        0.59821
   4.69693         1       451         0        0.60714
   4.70381         1       428         0        0.62798
   4.71068        12       471         0        0.66071
   4.71756         6       506         0        0.63988
   4.72444         9       488         0        0.66369
   4.73131         3       443         0        0.62202
   4.73819        16       493         0        0.62798
   4.74507        21       457         0        0.62798
   4.75194        13       440         0        0.60714
   4.75882         8       444         0        0.61607
   4.76570        12       463         0        0.63393
   4.77257        16       455         0        0.61012
   4.77945        12       441         0        0.60714
   4.78633        19       456         0        0.61310
   4.79320         6       442         0        0.62500
   4.80008         5       473         0        0.66071
   4.80696         8       505         0        0.66071
   4.81384        15       454         0        0.61310
   4.82071         5       478         0        0.60417
   4.82759         5       452         0        0.61012
   4.83447        14       491         0        0.69345
   4.84134        11       436         0        0.63988
   4.84822         9       491         0        0.66369
   4.85510         4       466         0        0.68452
   4.86197        14       433         0        0.62500
   4.86885         1       528         0        0.68155
   4.87573        11       476         0        0.67857
   4.88260        11       461         0        0.66369
   4.88948        24       472         1        0.66369
   4.89636        23       448         0        0.65179
   4.90323        15       499         0        0.64881
   4.91011         9       513         0        0.67262
   4.91699         6       469         0        0.67560
   4.92386        23       474         0        0.65179
   4.93074        13       488         0        0.63095
   4.93762         2       466         0        0.64286
   4.94449        11       422         0        0.62500
   4.95137         4       428         0        0.62798
   4.95825         7       480         0        0.63988
   4.96177        12       453         0        0.64286
   4.96865         9       455         0        0.63393
   4.97553        31       487         0        0.67560
   4.98240         4       517         0        0.66369
   4.98928        10       398         0        0.60119
   4.99616         6       465         0        0.64881
   5.00303        13       427         0        0.63690
   5.00991        15       480         0        0.64583
   5.01679        14       492         0        0.64583
   5.02366        15       484         0        0.66964
   5.03054        16       415         0        0.61607
   5.03742        11       489         0        0.63095
   5.04429         9       449         0        0.61310
   5.05117        13       421         0        0.58929
   5.05805         1       437         0        0.62202
   5.06492         3       504         0        0.63690
   5.07180         9       454         0        0.58333
   5.07868        15       437         0        0.57738
   5.08555        14       451         0        0.56548
   5.09243         8       480         0        0.61607
   5.09931        24       366         0        0.57143
   5.10618        13       401         0        0.58929
   5.11306         8       437         0        0.58333
   5.11994         7       407         0        0.61012
   5.12681         7       421         0        0.59524
   5.13369         5       348         0        0.53274
   5.14057         1       419         0        0.55060
   5.14744        22       398         0        0.56845
   5.15432        15       391         0        0.58929
   5.16120        11       445         0        0.56250
   5.16807         7       369         0        0.59226
   5.17495         4       425         0        0.55952
   5.18183        16       414         0        0.57738
   5.18870        13       350         0        0.56250
   5.19558        15       435         0        0.62798
   5.20246        10       443         0        0.63095
   5.20933         9       448         0        0.60417
   5.21621        13       390         0        0.60714
   5.22309        12       382         0        0.56845
   5.22996         5       401         0        0.57143
   5.23684         8       381         0        0.58036
   5.24372        10       401         0        0.57440
   5.25059        25       366         0        0.58333
   5.25747        12       434         0        0.61310
   5.26435        16       376         0        0.60119
   5.27122        31       421         0        0.63095
   5.27810        18       405         0        0.63690
   5.28498         6       464         0        0.59821
   5.29185        22       532         0        0.64286
   5.29873        18       400         0        0.61607
   5.30561        13       443         0        0.61012
   5.31248        33       424         0        0.65179
   5.31936         9       489         0        0.64881
   5.32624        19       484         0        0.63393
   5.33311        12       463         0        0.64286
   5.33652         9       410         0        0.61012
   5.34340         2       448         0        0.59226
   5.35028        11       505         0        0.64286
   5.35715        18       454         0        0.64286
   5.36403         7       413         0        0.56845
   5.37091        15       435         0        0.62202
   5.37778        13       411         0        0.62202
   5.38466        10       458         0        0.64286
   5.39154        14       423         0        0.62202
   5.39841        30       443         0        0.61012
   5.40529        34       440         0        0.66667
   5.41217        21       446         0        0.67262
   5.41904        19       379         0        0.57143
   5.42592         4       535         0        0.59524
   5.43280        23       405         0        0.58631
   5.43967         6       428         0        0.55952
   5.44655         7       410         0        0.54464
   5.45343        15       404         0        0.59524
   5.46030        10       379         0        0.54167
   5.46718        21       425         0        0.59226
   5.47406        45       457         0        0.58036
   5.48093        57       405         0        0.58631
   5.48781        14       395         0        0.56548
   5.49469         8       432         0        0.60714
   5.50156        25       384         0        0.56845
   5.50844        25       500         0        0.64881
   5.51532        33       417         0        0.62202
   5.52219         4       432         0        0.52976
   5.52907        25       404         0        0.55655
   5.53595        17       405         0        0.54762
   5.54282        15       395         0        0.57143
   5.54970        33       444         0        0.58631
   5.55658        44       427         0        0.60119
   5.56345        21       439         0        0.59226
   5.57033        16       388         0        0.54762
   5.57721        17       410         0        0.61905
   5.58408        10       431         0        0.59524
   5.59096         5       416         0        0.60119
   5.59784        18       400         0        0.60417
   5.60471        19       393         0        0.60714
   5.61159        20       427         0        0.61012
   5.61847         6       428         0        0.60417
   5.62534        16       419         0        0.60119
   5.63222        15       469         0        0.63988
   5.63910        11       386         0        0.57143
   5.64597        34       429         0        0.62798
   5.65285        27       386         0        0.60417
   5.65973        17       355         0        0.56845
   5.66660         9       352         0        0.56250
   5.67348        12       363         0        0.60417
   5.68036         8       396         0        0.62500
   5.68723         2       361         0        0.57738
   5.69411        34       394         0        0.61310
   5.70099        15       421         0        0.64286
   5.70786        38       461         0        0.66964
   5.71099        30       456         0        0.62202
   5.71787         7       395         0        0.60714
   5.72475        27       439         0        0.62202
   5.73162         7       428         0        0.61012
   5.73850        13       441         0        0.62202
   5.74538         2       467         0        0.62500
   5.75225         3       419         0        0.59524
   5.75913        25       404         0        0.63690
   5.76601        26       491         0        0.65774
   5.77288        37       434         0        0.68155
   5.77976         4       407         0        0.60119
   5.78664         7       413         0        0.57440
   5.79351        17       394         0        0.56845
   5.80039        26       394         0        0.61607
   5.80727        18       480         0        0.61905
   5.81414        14       473         0        0.63095
   5.82102        33       422         0        0.64286
   5.82790        28       457         0        0.63988
   5.83478        10       404         0        0.57440
   5.84165        15       401         0        0.56250
   5.84853        14       462         0        0.62202
   5.85541        30       392         0        0.57440
   5.86228         8       400         0        0.57440
   5.86916        30       402         0        0.62202
   5.87604        14       408         0        0.58929
   5.88291         6       334         0        0.53571
   5.88979         6       390         0        0.62500
   5.89667        14       423         0        0.59821
   5.90354         7       381         0        0.54464
   5.91042         9       381         0        0.54167
   5.91730        29       414         0        0.58333
   5.92417        11       420         0        0.57143
   5.93105         5       422         0        0.59524
   5.93793         3       357         0        0.52976
   5.94480        12       384         0        0.54762
   5.95168        11       472         0        0.65179
   5.95856        29       433         0        0.64881
   5.96543         5       445         0        0.61905
   5.97231        21       420         0        0.63690
   5.97919        32       412         0        0.63690
   5.98606        22       378         0        0.58631
   5.99294        29       396         0        0.59226
   5.99982         3       360         0        0.54167
   6.00669         9       378         0        0.61310
   6.01357        31       411         0        0.61905
   6.02045        11       358         0        0.54762
   6.02732         2       386         0        0.55655
   6.03420        19       383         0        0.59524
   6.04108        13       404         0        0.60417
   6.04795        24       412         0        0.66071
   6.05483        19       343         0        0.57143
   6.06171        22       435         0        0.60417
   6.06858        10       369         0        0.55060
   6.07546        24       387         0        0.63393
   6.08234         7       341         0        0.58036
   6.08542         4       386         0        0.58036
   6.09229        12       386         0        0.58631
   6.09917        10       427         0        0.58631
   6.10605         6       404         0        0.57143
   6.11292         1       381         0        0.58333
   6.11980         3       399         0        0.58631
   6.12668         2       440         0        0.58631
   6.13355         7       425         0        0.61012
   6.14043         4       404         0        0.54167
   6.14731         6       416         0        0.55357
   6.15418        24       389         0        0.61012
   6.16106        22       365         0        0.56845
   6.16794        27       375         0        0.61310
   6.17482        15       398         0        0.58333
   6.18169        20       403         0        0.58631
   6.18857         7       402         0        0.56845
   6.19545        15       408         0        0.62202
   6.20232        38       399         0        0.59821
   6.20920        18       378         0        0.58929
   6.21608        18       480         0        0.67262
   6.22295        14       445         0        0.64583
   6.22983        44       409         0        0.63095
   6.23671        15       428         0        0.60714
   6.24358        53       397         0        0.64583
   6.25046        42       462         0        0.65179
   6.25734        11       442         0        0.56845
   6.26421        20       475         0        0.62798
   6.27109        16       379         0        0.57440
   6.27797         6       377         0        0.56845
   6.28484        14       431         0        0.58333
   6.29172         7       371         0        0.57440
   6.29860        15       402         0        0.60417
   6.30547         9       432         0        0.57440
   6.31235        30       445         0        0.64881
   6.31923         6       408         0        0.59821
   6.32610         5       420         0        0.61905
   6.33298        19       401         0        0.62500
   6.33986        13       442         0        0.59524
   6.34673        33       446         0        0.61607
   6.35361        13       406         0        0.65476
   6.36049         5       445         0        0.61310
   6.36736        14       484         0        0.64583
   6.37424        10       459         0        0.63690
   6.38112        17       429         0        0.58631
   6.38799        14       442         0        0.62202
   6.39487         8       456         0        0.63690
   6.40175        32       467         0        0.71726
   6.40862        37       476         0        0.68452
   6.41550        13       475         0        0.63095
   6.42238         9       439         0        0.60119
   6.42925         8       420         0        0.63393
   6.43613        17       422         0        0.60119
   6.44301        17       455         0        0.64881
   6.44988        19       461         0        0.70238
   6.45676        14       452         0        0.63690
   6.46026        21       427         0        0.64881
   6.46714        11       425         0        0.61607
   6.47401        10       536         0        0.64881
   6.48089        21       418         0        0.65774
   6.48777        26       446         0        0.69345
   6.49464        15       414         0        0.62500
   6.50152        15       429         0        0.60119
   6.50840        27       373         0        0.65179
   6.51527        19       457         0        0.65774
   6.52215        22       462         0        0.66369
   6.52903         9       445         0        0.62202
   6.53590        22       450         0        0.66369
   6.54278        13       368         0        0.58333
   6.54966        15       413         0        0.63095
   6.55653        22       461         0        0.69048
   6.56341         5       438         0        0.64286
   6.57029        16       442         0        0.67262
   6.57716        15       518         0        0.70833
   6.58404        12       476         0        0.67560
   6.59092        20       421         0        0.66369
   6.59779        20       430         0        0.66369
   6.60467         4       430         0        0.61012
   6.61155         5       428         0        0.61012
   6.61842        12       467         0        0.65179
   6.62530        17       441         0        0.65774
   6.63218        12       438         0        0.69940
   6.63905        34       493         0        0.69643
   6.64593        18       373         0        0.61012
   6.65281        21       441         0        0.66369
   6.65968        15       407         0        0.62202
   6.66656        20       437         0        0.67560
   6.67344        20       413         0        0.64881
   6.68031         4       447         0        0.64286
   6.68719        12       425         0        0.64583
   6.69407        10       402         0        0.67857
   6.70094        11       451         0        0.63095
   6.70782        15       392         0        0.63393
   6.71470        13       487         0        0.65179
   6.72157        24       498         0        0.69643
   6.72845         8       473         0        0.67262
   6.73533         4       454         0        0.63988
   6.74220        12       424         0        0.64583
   6.74908        18       427         0        0.62798
   6.75596        14       450         0        0.69940
   6.76284        28       440         0        0.63095
   6.76971        33       413         0        0.63095
   6.77659        10       429         0        0.62202
   6.78347        22       432         0        0.61607
   6.79034        14       441         0        0.64583
   6.79722         7       432         0        0.64583
   6.80410        33       472         0        0.70238
   6.81097        12       443         0        0.66964
   6.81785         9       406         0        0.66964
   6.82473        20       396         0        0.59226
   6.83160         6       379         0        0.62500
   6.83478        21       480         0        0.65179
   6.84166        24       449         0        0.64286
   6.84853         2       486         0        0.62798
   6.85541        21       466         1        0.63988
   6.86229         8       429         0        0.62798
   6.86916        14       468         0        0.61607
   6.87604        13       452         0        0.65774
   6.88292         7       443         0        0.66071
   6.88979        11       468         0        0.64881
   6.89667         6       436         0        0.63690
   6.90355        10       419         0        0.63393
   6.91042        17       384         0        0.60119
   6.91730        24       433         0        0.66369
   6.92418        17       440         0        0.64583
   6.93105         4       436         0        0.61310
   6.93793        28       450         0        0.66369
   6.94481        26       440         0        0.63095
   6.95168        26       466         0        0.67857
   6.95856        27       471         0        0.67560
   6.96544        20       446         0        0.65476
   6.97232        22       459         0        0.64583
   6.97919        23       434         0        0.63393
   6.98607        24       486         0        0.70238
   6.99295        28       437         0        0.68750
   6.99982        25       460         0        0.65476
   7.00670        33       454         0        0.66964
   7.01358        39       419         0        0.66667
   7.02045        38       388         0        0.62202
   7.02733        29       470         0        0.70833
   7.03421        24       388         0        0.64583
   7.04108        19       462         0        0.67560
   7.04796         7       466         0        0.63690
   7.05484        21       478         0        0.66964
   7.06171        43       425         0        0.66667
   7.06859        33       457         0        0.66369
   7.07547        18       443         0        0.66071
   7.08234        17       505         0        0.69940
   7.08922        17       458         0        0.64286
   7.09610        13       498         0        0.66964
   7.10297        11       476         0        0.64881
   7.10985        15       447         0        0.66369
   7.11673        16       440         0        0.62202
   7.12360        16       483         0        0.63988
   7.13048        13       449         0        0.66369
   7.13736        31       485         1        0.65476
   7.14423        28       436         0        0.66369
   7.15111        15       493         0        0.68155
   7.15799         6       486         0        0.68155
   7.16486         1       442         0        0.65476
   7.17174        19       481         0        0.68452
   7.17862         4       376         0        0.64583
   7.18549         5       472         0        0.64583
   7.19237         8       427         0        0.66369
   7.19925        19       491         0        0.67857
   7.20612         5       463         0        0.65774
   7.20948        15       435         0        0.68452
   7.21636        46       447         0        0.69048
   7.22324        29       418         0        0.63988
   7.23011        41       444         0        0.66369
   7.23699        18       477         0        0.71429
   7.24387        10       466         0        0.66667
   7.25074        10       480         0        0.64583
   7.25762        24       458         0        0.65774
   7.26450        26       473         0        0.67857
   7.27137         7       464         0        0.66667
   7.27825        21       416         0        0.68452
   7.28513        14       485         0        0.64881
   7.29200        12       465         0        0.69345
   7.29888        22       494         0        0.66667
   7.30576         6       460         0        0.69940
   7.31263        22       467         0        0.69643
   7.31951         7       418         0        0.67560
   7.32639         7       405         0        0.66964
   7.33327        17       453         0        0.67262
   7.34014        33       433         0        0.67857
   7.34702        52       504         0        0.72917
   7.35390        23       455         0        0.67262
   7.36077        31       471         0        0.73214
   7.36765        11       442         0        0.68155
   7.37453        13       441         0        0.64286
   7.38140        26       435         1        0.67857
   7.38828        16       480         0        0.64583
   7.39516         8       409         0        0.59524
   7.40203        21       444         1        0.60714
   7.40891        21       438         0        0.62798
   7.41579         9       381         0        0.61310
   7.42266        29       444         0        0.63690
   7.42954         3       466         0        0.59226
   7.43642        10       387         0        0.57440
   7.44329        14       431         0        0.59821
   7.45017        12       435         0        0.60714
   7.45705         5       419         0        0.61012
   7.46392         1       417         0        0.61310
   7.47080        14       436         0        0.63988
   7.47768        14       489         0        0.69048
   7.48455        17       399         0        0.63393
   7.49143        10       453         0        0.64583
   7.49831        14       476         0        0.66667
   7.50518        34       426         0        0.61012
   7.51206        19       433         0        0.64583
   7.51894        20       440         0        0.66071
   7.52581        23       450         0        0.66071
   7.53269         9       424         0        0.64583
   7.53957        21       391         0        0.62798
   7.54644        18       467         0        0.66964
   7.55332         8       376         0        0.63690
   7.56020        25       403         0        0.63690
   7.56707        24       439         0        0.64286
   7.57395        14       442         0        0.65774
   7.58083         8       473         0        0.65774
   7.58447        37       474         0        0.67560
   7.59135        30       428         0        0.68155
   7.59822        21       468         0        0.68750
   7.60510        25       493         0        0.64881
   7.61198        18       424         0        0.63988
   7.61885        14       468         0        0.67262
   7.62573        34       459         0        0.65774
   7.63261        34       448         0        0.63690
   7.63948        31       453         0        0.68452
   7.64636        34       495         0        0.69345
   7.65324        30       458         0        0.70238
   7.66011        28       500         0        0.69643
   7.66699        14       477         0        0.65774
   7.67387        29       450         0        0.64583
   7.68074        45       434         0        0.63988
   7.68762        39       481         0        0.66071
   7.69450        27       453         0        0.66369
   7.70137        44       440         0        0.67560
   7.70825        29       438         0        0.66964
   7.71513        33       436         0        0.64881
   7.72200        25       460         0        0.65179
   7.72888        24       506         0        0.69345
   7.73576        25       462         0        0.73214
   7.74263        23       442         0        0.68155
   7.74951        36       483         0        0.68155
   7.75639        29       500         0        0.72321
   7.76326        35       526         0        0.71726
   7.77014        33       465         0        0.74107
   7.77702        22       453         0        0.66667
   7.78389        15       455         0        0.73512
   7.79077        35       429         0        0.69048
   7.79765        80       456         0        0.72024
   7.80453        27       425         0        0.65774
   7.81140        45       427         0        0.68452
   7.81828        55       429         0        0.68452
   7.82516        12       500         0        0.64881
   7.83203        26       503         0        0.66667
   7.83891        36       489         0        0.67560
   7.84579        16       420         0        0.63393
   7.85266        32       490         0        0.67857
   7.85954        33       452         0        0.65476
   7.86642        19       506         0        0.65179
   7.87329        14       452         0        0.62202
   7.88017        32       421         0        0.62202
   7.88705        20       393         0        0.61607
   7.89392         8       424         0        0.63393
   7.90080        17       400         0        0.60417
   7.90768        29       444         0        0.67857
   7.91455        26       420         0        0.62500
   7.92143         9       445         0        0.65476
   7.92831        19       421         0        0.65476
   7.93518        22       403         0        0.66667
   7.94206        18       466         0        0.68155
   7.94894        46       439         0        0.67857
   7.95581        16       447         0        0.66369
   7.95957        20       466         0        0.67857
   7.96645        14       454         0        0.66071
   7.97333         7       434         0        0.60119
   7.98020        17       470         0        0.67857
   7.98708        10       458         0        0.64286
   7.99396        16       418         0        0.61905
   8.00083        46       419         0        0.66964
   8.00771        19       392         0        0.65179
   8.01459        24       410         0        0.62202
   8.02146        11       503         0        0.70238
   8.02834        27       439         0        0.63988
   8.03522        17       458         0        0.65476
   8.04209        21       432         0        0.65179
   8.04897        26       443         0        0.67262
   8.05585        30       467         0        0.67560
   8.06272        17       488         0        0.64881
   8.06960        17       483         0        0.64881
   8.07648        17       509         0        0.63988
   8.08335        10       522         0        0.66667
   8.09023        25       458         0        0.63095
   8.09711        36       442         0        0.66964
   8.10398        15       470         0        0.64286
   8.11086        14       436         0        0.63690
   8.11774         8       521         0        0.65476
   8.12461        20       477         0        0.61310
   8.13149         8       499         0        0.62798
   8.13837        18       487         0        0.62500
   8.14524        11       508         0        0.63988
   8.15212        12       431         0        0.66369
   8.15900        30       493         0        0.64881
   8.16587        17       490         0        0.65179
   8.17275        16       572         0        0.69940
   8.17963        20       491         0        0.69643
   8.18650        19       468         0        0.66964
   8.19338        10       453         0        0.61905
   8.20026         8       487         0        0.64881
   8.20713        29       468         0        0.64881
   8.21401        38       440         0        0.65179
   8.22089        11       446         0        0.62500
   8.22776        31       469         0        0.67857
   8.23464        25       444         0        0.66071
   8.24152        30       470         0        0.63393
   8.24839        14       475         0        0.66667
   8.25527        13       416         0        0.59821
   8.26215        23       447         0        0.63095
   8.26902        21       450         0        0.60417
   8.27590        28       441         0        0.63095
   8.28278        15       467         0        0.64583
   8.28965        15       437         0        0.64286
   8.29653        10       414         0        0.62202
   8.30341        13       477         0        0.61012
   8.31028        28       480         0        0.64286
   8.31716         5       456         0        0.62202
   8.32404        25       492         0        0.64881
   8.33092        16       459         0        0.65476
   8.33415        24       468         0        0.67857
   8.34102         5       484         0        0.61905
   8.34790        27       505         0        0.66964
   8.35478        24       473         0        0.66964
   8.36165         9       474         0        0.62500
   8.36853        24       452         0        0.65179
   8.37541        16       497         0        0.70238
   8.38228        20       411         0        0.65476
   8.38916        14       468         0        0.66964
   8.39604        10       450         0        0.64286
   8.40291        17       436         0        0.65774
   8.40979        24       472         0        0.69048
   8.41667        11       447         0        0.62500
   8.42354        21       489         0        0.64583
   8.43042        18       434         0        0.68155
   8.43730        23       442         0        0.66369
   8.44417        43       499         0        0.69940
   8.45105        17       418         0        0.57738
   8.45793        24       433         0        0.59524
   8.46480        30       452         0        0.65476
   8.47168        26       406         0        0.62500
   8.47856        23       466         0        0.59821
   8.48543        39       433         0        0.63988
   8.49231        66       457         0        0.68452
   8.49919        40       431         0        0.61607
   8.50606        41       452         0        0.62798
   8.51294        10       426         0        0.60417
   8.51982        18       462         0        0.63095
   8.52669        29       441         0        0.65179
   8.53357         7       481         0        0.62500
   8.54045         8       510         0        0.66071
   8.54732        16       422         0        0.61905
   8.55420        26       424         0        0.61310
   8.56108        10       450         0        0.62500
   8.56795        13       417         0        0.61607
   8.57483        15       476         0        0.63095
   8.58171         9       472         0        0.62500
   8.58858        10       452         0        0.61310
   8.59546        15       460         0        0.62798
   8.60234        10       435         0        0.56845
   8.60921        15       502         0        0.63988
   8.61609        14       480         0        0.64286
   8.62297        27       504         0        0.61012
   8.62984        18       483         0        0.62798
   8.63672        25       475         0        0.62500
   8.64360        14       445         0        0.59821
   8.65047         5       405         0        0.58929
   8.65735         3       480         0        0.62202
   8.66423        11       527         0        0.63988
   8.67110        13       544         0        0.67262
   8.67798        17       494         0        0.62500
   8.68486        31       505         0        0.67560
   8.69173        19       580         0        0.67262
   8.69861        24       497         0        0.63393
   8.70549         3       449         0        0.59226
   8.70809        11       498         0        0.61012
   8.71497         1       442         0        0.61607
   8.72184        10       528         0        0.64881
   8.72872        22       544         0        0.68452
   8.73560         3       452         0        0.60417
   8.74247         9       526         0        0.65774
   8.74935        23       467         0        0.64286
   8.75623        18       406         0        0.58929
   8.76310        15       428         0        0.63690
   8.76998        13       449         0        0.59524
   8.77686        17       499         0        0.62500
   8.78373        19       395         0        0.61012
   8.79061        21       405         0        0.60417
   8.79749        22       466         0        0.63393
   8.80436         7       450         0        0.62500
   8.81124         9       495         0        0.62500
   8.81812        14       494         0        0.63095
   8.82499        21       530         0        0.63988
   8.83187        11       475         0        0.68452
   8.83875         7       514         0        0.66369
   8.84562        13       506         0        0.66369
   8.85250        36       520         0        0.71429
   8.85938        27       519         0        0.68155
   8.86625        26       420         0        0.61310
   8.87313        18       435         0        0.61905
   8.88001         7       507         0        0.64583
   8.88688        11       451         0        0.65774
   8.89376        11       491         0        0.63690
   8.90064        18       509         0        0.67857
   8.90751        24       494         0        0.62202
   8.91439        24       465         0        0.64583
   8.92127        15       485         0        0.61607
   8.92814         5       459         0        0.62202
   8.93502         9       438         0        0.60714
   8.94190         6       460         0        0.58333
   8.94877        22       442         0        0.63393
   8.95565        17       475         0        0.64881
   8.96253        16       469         0        0.62500
   8.96940        29       444         0        0.62500
   8.97628        11       421         0        0.57143
   8.98316        17       441         0        0.63095
   8.99003         7       420         0        0.61905
   8.99691        10       430         0        0.62798
   9.00379         3       467         0        0.59821
   9.01066        15       488         0        0.62798
   9.01754        10       473         0        0.60417
   9.02442        18       398         0        0.58929
   9.03129        13       428         0        0.63988
   9.03817         3       413         0        0.62798
   9.04505        19       457         0        0.60417
   9.05192        29       422         0        0.58333
   9.05880        25       453         0        0.59524
   9.06568        17       450         0        0.57440
   9.07255        21       458         0        0.64286
   9.07943        13       438         0        0.60119
   9.08243        34       444         0        0.63988
   9.08931        25       410         0        0.61012
   9.09618        29       427         0        0.56250
   9.10306        27       476         0        0.63988
   9.10994         6       391         0        0.56548
   9.11681         6       499         0        0.64881
   9.12369        11       532         0        0.65476
   9.13057        28       489         0        0.64583
   9.13745        21       490         0        0.67262
   9.14432        10       458         0        0.62202
   9.15120        24       482         0        0.59226
   9.15808        12       460         0        0.62798
   9.16495        18       472         0        0.56548
   9.17183         0       498         0        0.60119
   9.17871         4       456         0        0.59226
   9.18558        13       444         0        0.62500
   9.19246         7       512         0        0.61607
   9.19934        14       503         0        0.59226
   9.20621        13       426         0        0.55655
   9.21309        10       484         0        0.58036
   9.21997         6       425         0        0.58036
   9.22684         6       496         0        0.62202
   9.23372        17       407         0        0.57143
   9.24060         1       506         0        0.55952
   9.24747        24       454         0        0.58929
   9.25435        14       496         0        0.59524
   9.26123         4       455         0        0.55060
   9.26810         7       470         0        0.54762
   9.27498        23       415         0        0.59821
   9.28186        12       411         0        0.56845
   9.28873         3       447         0        0.55655
   9.29561         8       490         0        0.55357
   9.30249         2       456         0        0.55952
   9.30936        14       479         0        0.60119
   9.31624         8       512         0        0.63988
   9.32312        25       498         0        0.61607
   9.32999         1       487         0        0.58333
   9.33687         3       441         0        0.59524
   9.34375        35       491         1        0.60119
   9.35062        21       474         0        0.58036
   9.35750        12       433         0        0.53274
   9.36438        11       483         0        0.58631
   9.37125        21       437         0        0.64881
   9.37813        10       430         0        0.55952
   9.38501        24       482         0        0.57143
   9.39188        15       524         0        0.60714
   9.39876        11       460         0        0.58036
   9.40564        24       395         0        0.57440
   9.41251         1       459         0        0.60119
   9.41939        11       437         0        0.55655
   9.42627         8       453         0        0.56845
   9.43314         9       449         0        0.60417
   9.44002        16       465         0        0.59821
   9.44690        23       517         0        0.62798
   9.45377         8       431         0        0.59524
   9.45677        13       495         0        0.66071
