0.00606792      0.00000000      0          0         
0.01223122      0.00000000      0          0         
0.01247225      0.00000000      0          0         
0.01871819      0.00000000      0          0         
0.01925725      0.00000000      0          0         
0.02560302      0.00000000      0          0         
0.02651769      0.00000000      0          0         
0.03298737      0.00000000      0          0         
0.03436152      0.00000000      0          0         
0.04088978      0.00000000      0          0         
0.04654162      0.00000000      0          0         
0.05313516      0.00000000      0          0         
0.05917935      0.00000000      0          0         
0.06584611      0.01190476      0          0         
0.07251288      0.00000000      0          0         
0.07668565      0.00000000      0          0         
0.08343536      0.00595238      0          4         
0.09018527      0.01488095      5          0         
0.09693498      0.00000000      0          0         
0.09954124      0.00000000      0          0         
0.10644667      0.07142857      11         12        
0.11335190      0.11607143      37         20        
0.12025734      0.11607143      46         2         
0.12716278      0.18154762      66         4         
0.13406821      0.19047619      70         12        
0.14097344      0.24107143      82         34        
0.14787888      0.25297619      86         39        
0.15478431      0.28869048      87         48        
0.16168975      0.28869048      95         43        
0.16859498      0.25892857      83         28        
0.17550042      0.25892857      88         34        
0.18240585      0.22321429      87         32        
0.18931108      0.30059524      101        42        
0.19621652      0.31845238      112        42        
0.20312195      0.33333333      101        83        
0.21002739      0.35416667      97         73        
0.21693262      0.31547619      86         57        
0.22383806      0.40773810      114        84        
0.23074349      0.38988095      104        85        
0.23764893      0.42857143      118        90        
0.24455416      0.38988095      116        62        
0.25145959      0.33333333      77         79        
0.25836503      0.30654762      69         70        
0.26527047      0.34226190      76         86        
0.27217570      0.36607143      105        87        
0.27908113      0.38392857      106        79        
0.28598657      0.41964286      120        91        
0.29289180      0.47023810      135        102       
0.29979724      0.39880952      100        100       
0.30670267      0.44047619      120        119       
0.31360811      0.37500000      99         84        
0.32051334      0.45833333      123        95        
0.32741877      0.44047619      122        82        
0.33432421      0.42857143      107        97        
0.34122965      0.45238095      125        93        
0.34813488      0.38988095      103        77        
0.35504031      0.38095238      93         89        
0.36194575      0.45833333      120        89        
0.36885098      0.38988095      98         101       
0.37575641      0.39880952      100        86        
0.38266185      0.40178571      97         96        
0.38956729      0.35714286      103        79        
0.39647252      0.39583333      136        83        
0.40337795      0.41964286      100        105       
0.41028339      0.38095238      120        75        
0.41718883      0.44940476      116        96        
0.42409406      0.41666667      109        101       
0.43099949      0.44345238      129        94        
0.43790493      0.41964286      111        101       
0.44481016      0.47916667      125        92        
0.45171559      0.42559524      111        100       
0.45862103      0.45535714      127        88        
0.46552647      0.47321429      140        82        
0.47243170      0.43452381      101        105       
0.47933713      0.48511905      124        110       
0.48624257      0.43750000      115        98        
0.49285957      0.44047619      110        94        
0.49976501      0.42261905      120        91        
0.50667023      0.44345238      127        84        
0.51357567      0.40773810      94         99        
0.52048111      0.48214286      132        98        
0.52738655      0.48214286      145        100       
0.53429177      0.51785714      143        122       
0.54119721      0.52083333      150        92        
0.54810265      0.51488095      161        100       
0.55500809      0.55654762      163        102       
0.56191331      0.49404762      154        89        
0.56881875      0.43154762      107        96        
0.57572419      0.54166667      175        91        
0.58262941      0.46428571      151        73        
0.58953485      0.52976190      173        85        
0.59644029      0.50595238      152        92        
0.60334573      0.52976190      178        87        
0.61025095      0.50297619      162        82        
0.61715639      0.53869048      178        103       
0.62406183      0.50297619      169        81        
0.63096726      0.53571429      170        95        
0.63787249      0.54166667      153        101       
0.64477793      0.56547619      168        90        
0.65168337      0.58333333      163        106       
0.65858880      0.55357143      164        103       
0.66549403      0.58035714      163        101       
0.67239947      0.57738095      187        102       
0.67930491      0.59821429      178        110       
0.68621013      0.55952381      165        120       
0.69311557      0.58333333      180        102       
0.70002101      0.58035714      187        103       
0.70692644      0.58928571      171        115       
0.71383167      0.53571429      147        115       
0.72073711      0.57440476      149        124       
0.72764255      0.57142857      158        118       
0.73454798      0.54464286      135        139       
0.74145321      0.52678571      146        111       
0.74835865      0.54166667      141        123       
0.75526408      0.53571429      144        120       
0.76216931      0.58333333      156        149       
0.76907475      0.52678571      137        137       
0.77598019      0.58333333      158        124       
0.78288562      0.55357143      156        129       
0.78979085      0.58035714      156        125       
0.79669629      0.57440476      154        143       
0.80360172      0.53571429      152        123       
0.81050716      0.55357143      153        125       
0.81741239      0.52678571      138        132       
0.82431783      0.60416667      172        104       
0.83122326      0.57142857      162        126       
0.83812849      0.59226190      173        133       
0.84503393      0.55654762      156        133       
0.85193937      0.56845238      149        134       
0.85884480      0.53571429      143        118       
0.86575003      0.59226190      156        122       
0.87265547      0.59523810      171        119       
0.87956090      0.56547619      156        123       
0.88646634      0.56547619      154        114       
0.88704090      0.58630952      178        110       
0.89394634      0.48809524      138        101       
0.90085156      0.58630952      153        144       
0.90775700      0.58333333      157        134       
0.91466244      0.54761905      160        120       
0.92156788      0.52976190      145        112       
0.92847310      0.59523810      165        115       
0.93537854      0.54761905      142        143       
0.94228398      0.57142857      149        152       
0.94918942      0.58035714      155        152       
0.95609464      0.56845238      137        147       
0.96300008      0.56845238      149        131       
0.96990552      0.61904762      157        143       
0.97681074      0.59821429      152        141       
0.98371618      0.60714286      160        164       
0.99062162      0.62500000      160        142       
0.99752706      0.66071429      168        153       
1.00443228      0.63392857      176        125       
1.01133772      0.66666667      189        143       
1.01824316      0.61011905      172        125       
1.02514859      0.59821429      177        125       
1.03205382      0.58333333      157        148       
1.03895926      0.62797619      173        139       
1.04586470      0.63392857      166        154       
1.05277013      0.64583333      176        154       
1.05967536      0.65476190      176        158       
1.06658080      0.62797619      166        156       
1.07348623      0.65178571      169        176       
1.08039146      0.60119048      166        140       
1.08729690      0.63988095      170        155       
1.09420234      0.61607143      170        157       
1.10110777      0.63988095      160        155       
1.10801300      0.61011905      165        125       
1.11491844      0.60714286      155        166       
1.12182388      0.61904762      159        152       
1.12872931      0.68452381      169        189       
1.13563454      0.65178571      175        164       
1.14253998      0.66666667      170        164       
1.14944541      0.69047619      201        162       
1.15635064      0.68750000      180        179       
1.16325608      0.65178571      168        165       
1.17016152      0.65476190      167        179       
1.17706695      0.68750000      199        161       
1.18397218      0.61607143      150        190       
1.19087762      0.61904762      163        164       
1.19778305      0.64285714      175        159       
1.20468849      0.61607143      164        155       
1.21159372      0.65178571      204        135       
1.21849916      0.64285714      186        136       
1.22540459      0.61904762      180        129       
1.23230982      0.69047619      206        137       
1.23921526      0.69345238      206        152       
1.24612069      0.61904762      163        136       
1.25302613      0.69940476      208        155       
1.25993136      0.67261905      195        139       
1.26683680      0.67559524      209        132       
1.27374223      0.71130952      236        144       
1.28064767      0.73809524      227        152       
1.28208480      0.72023810      210        150       
1.28899024      0.75297619      234        155       
1.29589547      0.69047619      216        144       
1.30280091      0.72619048      228        152       
1.30970634      0.73809524      228        142       
1.31661178      0.73214286      238        160       
1.32351701      0.69642857      225        143       
1.33042244      0.69940476      207        141       
1.33732788      0.73214286      217        153       
1.34423332      0.70535714      211        154       
1.35113855      0.71726190      230        150       
1.35804398      0.72321429      213        168       
1.36494942      0.70535714      219        138       
1.37185465      0.72023810      226        150       
1.37876008      0.76785714      234        173       
1.38566552      0.73511905      234        156       
1.39257096      0.74107143      220        168       
1.39947619      0.73511905      237        152       
1.40638162      0.73809524      239        159       
1.41328706      0.75595238      234        178       
1.42019250      0.75000000      229        150       
1.42709772      0.70238095      207        160       
1.43400316      0.72023810      215        154       
1.44090860      0.77976190      256        158       
1.44781404      0.74404762      201        179       
1.45471926      0.71726190      217        154       
1.46162470      0.69940476      197        154       
1.46853014      0.71428571      221        152       
1.47543537      0.70535714      210        148       
1.48234080      0.72916667      219        164       
1.48924624      0.68750000      193        163       
1.49615168      0.74404762      234        169       
1.50305690      0.66369048      200        148       
1.50996234      0.69047619      198        157       
1.51686778      0.71428571      215        164       
1.52377322      0.69345238      196        152       
1.53067844      0.72916667      198        164       
1.53758388      0.70833333      208        160       
1.54448932      0.69642857      212        151       
1.55139454      0.70833333      215        150       
1.55829998      0.73809524      211        160       
1.56520542      0.73511905      230        160       
1.57211086      0.73511905      234        148       
1.57901608      0.73511905      208        161       
1.58592152      0.73511905      208        171       
1.59282696      0.71726190      190        170       
1.59973240      0.71428571      203        162       
1.60663762      0.72321429      209        163       
1.61354306      0.71726190      236        157       
1.62044850      0.72916667      226        151       
1.62735372      0.75892857      222        145       
1.63425916      0.76488095      226        157       
1.64116460      0.75000000      218        169       
1.64807004      0.72619048      218        156       
1.65497526      0.74404762      219        164       
1.66188070      0.75595238      219        163       
1.66878614      0.72619048      205        164       
1.67569157      0.71130952      226        160       
1.67721292      0.72023810      221        161       
1.68411836      0.69940476      201        155       
1.69102359      0.72023810      206        158       
1.69792902      0.75297619      225        157       
1.70483446      0.77678571      224        161       
1.71173990      0.71130952      202        157       
1.71864513      0.71726190      211        152       
1.72555056      0.73214286      212        159       
1.73245600      0.80654762      246        173       
1.73936144      0.78869048      266        169       
1.74626666      0.75892857      216        172       
1.75317210      0.78273810      249        170       
1.76007754      0.73214286      208        154       
1.76698277      0.77678571      234        159       
1.77388820      0.74404762      231        153       
1.78079364      0.72619048      204        162       
1.78769908      0.72023810      212        152       
1.79460431      0.73809524      220        169       
1.80150974      0.72321429      226        147       
1.80841518      0.74702381      214        175       
1.81532062      0.73214286      219        157       
1.82222584      0.77976190      243        167       
1.82913128      0.74702381      224        167       
1.83603672      0.76785714      258        157       
1.84294216      0.73809524      259        152       
1.84984738      0.75000000      253        153       
1.85675282      0.79761905      256        163       
1.86365826      0.72916667      222        156       
1.87056348      0.71428571      224        143       
1.87746892      0.76190476      247        154       
1.88437436      0.77380952      262        153       
1.89127980      0.72321429      235        155       
1.89818502      0.75000000      257        158       
1.90509046      0.75595238      235        150       
1.91199590      0.75000000      250        156       
1.91890134      0.75297619      260        161       
1.92580656      0.77380952      245        162       
1.93271200      0.76190476      219        161       
1.93961744      0.79464286      275        161       
1.94652266      0.73809524      229        150       
1.95342810      0.74107143      249        165       
1.96033354      0.72023810      231        153       
1.96723898      0.74702381      249        145       
1.97414420      0.78273810      267        155       
1.98104964      0.73511905      219        156       
1.98795508      0.80357143      256        163       
1.99486051      0.73809524      232        161       
2.00176574      0.77083333      238        158       
2.00867118      0.73511905      226        151       
2.01557662      0.71428571      228        153       
2.02248184      0.75892857      213        163       
2.02938728      0.73809524      227        156       
2.03629272      0.73511905      212        149       
2.04319816      0.78273810      241        156       
2.05010338      0.76190476      219        159       
2.05700882      0.72916667      240        146       
2.06391426      0.75297619      221        165       
2.07081969      0.72619048      217        153       
2.07227072      0.72023810      232        149       
2.07917616      0.76190476      235        163       
2.08608139      0.72321429      211        153       
2.09298682      0.72916667      215        158       
2.09989226      0.71726190      210        133       
2.10679770      0.74107143      235        150       
2.11370293      0.75297619      238        157       
2.12060836      0.74702381      234        162       
2.12751380      0.77380952      269        146       
2.13441924      0.74404762      242        154       
2.14132446      0.77083333      222        168       
2.14822990      0.66666667      188        153       
2.15513534      0.74404762      203        167       
2.16204057      0.80952381      246        175       
2.16894600      0.72321429      208        154       
2.17585144      0.72916667      223        153       
2.18275688      0.73809524      225        148       
2.18966210      0.69642857      218        146       
2.19656754      0.69047619      200        157       
2.20347298      0.74107143      241        151       
2.21037842      0.75297619      249        149       
2.21728364      0.78273810      223        162       
2.22418908      0.69345238      221        152       
2.23109452      0.72619048      220        149       
2.23799996      0.77678571      243        163       
2.24490518      0.72619048      218        155       
2.25181062      0.75892857      237        164       
2.25871606      0.75000000      228        161       
2.26562128      0.74702381      225        166       
2.27252672      0.72916667      222        162       
2.27943216      0.71428571      213        154       
2.28633760      0.70535714      213        155       
2.29324282      0.68452381      208        159       
2.30014826      0.69940476      208        163       
2.30705370      0.74702381      216        173       
2.31395913      0.69940476      230        137       
2.32086436      0.71130952      218        162       
2.32776980      0.71130952      211        156       
2.33467524      0.75297619      222        161       
2.34158046      0.67261905      198        143       
2.34848590      0.71428571      233        152       
2.35539134      0.71726190      215        154       
2.36229678      0.71130952      201        168       
2.36920200      0.72023810      217        168       
2.37610744      0.72916667      208        165       
2.38301288      0.74702381      234        163       
2.38991831      0.74404762      221        175       
2.39682354      0.78273810      224        181       
2.40372898      0.79464286      235        178       
2.41063442      0.75000000      221        170       
2.41753964      0.74702381      219        147       
2.42444508      0.72023810      212        170       
2.43135052      0.77678571      225        181       
2.43825595      0.77083333      223        185       
2.44516118      0.76190476      236        157       
2.45206662      0.76488095      226        174       
2.45897206      0.74107143      213        158       
2.46587749      0.74107143      227        162       
2.46729357      0.72619048      212        168       
2.47419901      0.72916667      205        169       
2.48110424      0.73809524      210        170       
2.48800967      0.77380952      228        172       
2.49491511      0.74404762      218        170       
2.50182055      0.77083333      225        169       
2.50872578      0.74404762      220        173       
2.51563121      0.72023810      190        171       
2.52253665      0.74107143      219        182       
2.52944209      0.70535714      204        174       
2.53634731      0.69345238      196        176       
2.54325275      0.71726190      210        172       
2.55015819      0.72619048      211        165       
2.55706342      0.75297619      228        168       
2.56396885      0.71428571      209        160       
2.57087429      0.72916667      215        162       
2.57777973      0.72619048      222        156       
2.58468495      0.77976190      231        175       
2.59159039      0.74107143      211        179       
2.59849583      0.71130952      214        170       
2.60540127      0.73214286      217        176       
2.61230649      0.75595238      228        170       
2.61921193      0.73511905      225        161       
2.62611737      0.70535714      206        163       
2.63302281      0.71428571      210        163       
2.63992803      0.72619048      208        159       
2.64683347      0.72619048      216        162       
2.65373891      0.67559524      190        154       
2.66064413      0.70238095      196        176       
2.66754957      0.70238095      194        177       
2.67445501      0.69047619      206        147       
2.68136045      0.74107143      223        166       
2.68826567      0.76190476      219        189       
2.69517111      0.74404762      216        187       
2.70207655      0.72321429      192        177       
2.70898198      0.69345238      190        185       
2.71588721      0.71726190      204        174       
2.72279265      0.68750000      198        170       
2.72969809      0.70238095      202        168       
2.73660331      0.70535714      203        169       
2.74350875      0.71428571      210        173       
2.75041419      0.73809524      212        179       
2.75731963      0.73511905      216        148       
2.76422485      0.76488095      222        181       
2.77113029      0.75000000      222        166       
2.77803573      0.69047619      200        140       
2.78494116      0.74107143      211        180       
2.79184639      0.72619048      220        160       
2.79875183      0.73511905      217        166       
2.80565727      0.72916667      233        159       
2.81256249      0.72619048      212        161       
2.81946793      0.76488095      232        166       
2.82637337      0.72321429      209        164       
2.83327880      0.75595238      223        164       
2.84018403      0.70833333      200        157       
2.84708947      0.74702381      214        172       
2.85399491      0.66369048      180        152       
2.86090034      0.75297619      209        176       
2.86234674      0.78869048      228        182       
2.86925218      0.76190476      209        183       
2.87615740      0.74404762      206        179       
2.88306284      0.75000000      215        175       
2.88996828      0.69940476      197        168       
2.89687372      0.76785714      231        170       
2.90377894      0.75000000      217        190       
2.91068438      0.76190476      205        202       
2.91758982      0.76190476      209        204       
2.92449525      0.72321429      203        180       
2.93140048      0.80357143      224        208       
2.93830592      0.70833333      196        180       
2.94521136      0.70535714      200        165       
2.95211658      0.75595238      201        202       
2.95902202      0.69345238      197        169       
2.96592746      0.73214286      204        182       
2.97283290      0.69940476      189        165       
2.97973812      0.68154762      188        160       
2.98664356      0.69940476      187        177       
2.99354900      0.73511905      209        178       
3.00045443      0.72619048      212        168       
3.00735966      0.67857143      195        166       
3.01426510      0.75892857      211        180       
3.02117054      0.77678571      243        171       
3.02807597      0.74702381      224        162       
3.03498120      0.75595238      223        184       
3.04188664      0.73214286      203        177       
3.04879207      0.72916667      219        157       
3.05569730      0.78273810      232        182       
3.06260274      0.80357143      237        190       
3.06950818      0.78571429      234        174       
3.07641361      0.74107143      199        187       
3.08331884      0.72619048      195        183       
3.09022428      0.77678571      234        188       
3.09712972      0.75595238      236        173       
3.10403515      0.71726190      197        186       
3.11094038      0.74404762      222        168       
3.11784582      0.69047619      182        178       
3.12475125      0.73809524      207        183       
3.13165648      0.70238095      197        175       
3.13856192      0.73214286      225        171       
3.14546736      0.74107143      212        178       
3.15237279      0.73511905      208        183       
3.15927802      0.71130952      195        177       
3.16618346      0.76190476      214        193       
3.17308889      0.71726190      192        181       
3.17999433      0.77678571      218        199       
3.18689956      0.78273810      216        199       
3.19380500      0.72619048      196        185       
3.20071043      0.75595238      210        186       
3.20761566      0.72916667      213        167       
3.21452110      0.75892857      214        182       
3.22142653      0.75595238      215        180       
3.22833197      0.77083333      209        192       
3.23523720      0.70833333      190        172       
3.24214264      0.64583333      156        165       
3.24904807      0.67261905      167        176       
3.25595351      0.74702381      197        193       
3.25786288      0.72321429      189        182       
3.26476832      0.70238095      209        181       
3.27167354      0.74702381      221        186       
3.27857898      0.72619048      205        183       
3.28548442      0.72619048      197        186       
3.29238986      0.74107143      208        185       
3.29929508      0.73214286      209        181       
3.30620052      0.75000000      220        173       
3.31310596      0.78273810      225        190       
3.32001140      0.73809524      215        170       
3.32691662      0.78273810      213        192       
3.33382206      0.76190476      224        171       
3.34072750      0.76190476      200        193       
3.34763272      0.75892857      218        164       
3.35453816      0.76190476      218        175       
3.36144360      0.75595238      209        180       
3.36834904      0.76785714      207        190       
3.37525426      0.74404762      218        162       
3.38215970      0.73809524      212        167       
3.38906514      0.72916667      208        168       
3.39597057      0.75892857      212        181       
3.40287580      0.74107143      210        181       
3.40978124      0.72916667      207        175       
3.41668668      0.70535714      205        173       
3.42359211      0.79464286      218        197       
3.43049734      0.70833333      206        167       
3.43740278      0.70833333      216        179       
3.44430822      0.67857143      202        168       
3.45121344      0.70535714      212        168       
3.45811888      0.72321429      236        159       
3.46502432      0.72023810      220        179       
3.47192975      0.79761905      229        206       
3.47883498      0.71130952      199        169       
3.48574042      0.68750000      191        170       
3.49264586      0.65178571      186        162       
3.49955129      0.71428571      222        166       
3.50645652      0.69940476      193        169       
3.51336196      0.73809524      208        181       
3.52026739      0.76190476      220        174       
3.52717262      0.77678571      225        179       
3.53407806      0.75297619      232        166       
3.54098350      0.78273810      230        180       
3.54788893      0.75595238      228        156       
3.55479416      0.75595238      226        178       
3.56169960      0.72916667      217        161       
3.56860504      0.75297619      217        183       
3.57551047      0.72619048      216        164       
3.58241570      0.76785714      230        177       
3.58932114      0.75000000      219        172       
3.59622657      0.76190476      237        181       
3.60313180      0.75000000      212        178       
3.61003724      0.73214286      207        180       
3.61694268      0.70833333      211        161       
3.62384811      0.73809524      216        175       
3.63075334      0.77976190      227        178       
3.63765878      0.74404762      226        169       
3.64456421      0.70238095      203        164       
3.65146965      0.74702381      211        179       
3.65349166      0.74702381      213        185       
3.66039710      0.71428571      219        158       
3.66730232      0.71130952      209        167       
3.67420776      0.72023810      208        168       
3.68111320      0.75595238      233        174       
3.68801864      0.69047619      194        172       
3.69492386      0.72023810      215        155       
3.70182930      0.74702381      209        189       
3.70873474      0.73214286      220        163       
3.71564017      0.75297619      206        189       
3.72254540      0.75595238      205        202       
3.72945084      0.69345238      195        177       
3.73635628      0.68750000      186        179       
3.74326150      0.73809524      214        193       
3.75016694      0.73214286      204        194       
3.75707238      0.71130952      209        172       
3.76397781      0.70833333      196        196       
3.77088304      0.75297619      210        206       
3.77778848      0.76785714      207        190       
3.78469392      0.69642857      201        175       
3.79159935      0.71726190      189        198       
3.79850458      0.69940476      189        181       
3.80541002      0.70833333      178        203       
3.81231545      0.70833333      180        202       
3.81922089      0.74702381      201        198       
3.82612612      0.66071429      172        175       
3.83303156      0.70833333      187        182       
3.83993699      0.69940476      187        180       
3.84684222      0.71726190      186        184       
3.85374766      0.76190476      210        171       
3.86065310      0.73809524      191        196       
3.86755853      0.73511905      188        207       
3.87446376      0.72916667      197        186       
3.88136920      0.72619048      195        191       
3.88827463      0.72023810      200        185       
3.89518007      0.71726190      195        171       
3.90208530      0.72321429      191        195       
3.90899074      0.72321429      197        179       
3.91589617      0.72023810      191        193       
3.92280140      0.71428571      187        190       
3.92970684      0.78571429      214        192       
3.93661227      0.74107143      200        193       
3.94351771      0.72619048      178        199       
3.95042294      0.71428571      206        180       
3.95732838      0.74702381      202        184       
3.96423381      0.77678571      227        194       
3.97113925      0.75595238      201        196       
3.97804448      0.72023810      197        177       
3.98494992      0.74404762      197        191       
3.99185535      0.76785714      207        190       
3.99876058      0.73214286      195        186       
4.00566602      0.70535714      178        191       
4.01257145      0.75297619      199        183       
4.01947689      0.72321429      187        190       
4.02638212      0.79464286      211        212       
4.03328756      0.73214286      190        198       
4.04019299      0.68154762      178        173       
4.04709843      0.66369048      176        182       
4.04909265      0.70535714      188        190       
4.05599808      0.74107143      204        187       
4.06290331      0.80059524      215        205       
4.06980875      0.74107143      191        197       
4.07671419      0.76488095      195        184       
4.08361962      0.71130952      176        188       
4.09052485      0.70833333      190        191       
4.09743029      0.73511905      191        198       
4.10433572      0.73214286      187        191       
4.11124116      0.69047619      183        168       
4.11814639      0.70535714      175        195       
4.12505183      0.74702381      202        187       
4.13195726      0.68750000      186        179       
4.13886249      0.71428571      196        185       
4.14576793      0.70238095      184        187       
4.15267336      0.72321429      206        194       
4.15957880      0.68452381      184        185       
4.16648403      0.68154762      188        172       
4.17338947      0.72619048      197        184       
4.18029490      0.73214286      202        187       
4.18720034      0.75000000      219        195       
4.19410557      0.75595238      209        193       
4.20101101      0.75000000      202        198       
4.20791644      0.73511905      191        181       
4.21482188      0.75000000      203        186       
4.22172711      0.71428571      186        191       
4.22863254      0.70535714      187        187       
4.23553798      0.73214286      200        208       
4.24244321      0.72619048      183        198       
4.24934865      0.73809524      202        190       
4.25625408      0.71130952      196        188       
4.26315952      0.66666667      176        173       
4.27006475      0.70833333      193        177       
4.27697018      0.74404762      208        178       
4.28387562      0.71428571      191        178       
4.29078106      0.72619048      206        170       
4.29768629      0.70535714      199        160       
4.30459172      0.71428571      197        178       
4.31149716      0.72023810      192        186       
4.31840239      0.67559524      175        175       
4.32530782      0.73214286      219        165       
4.33221326      0.74404762      204        186       
4.33911870      0.70833333      203        159       
4.34602393      0.71130952      183        203       
4.35292936      0.71130952      193        166       
4.35983480      0.72321429      207        173       
4.36674024      0.71726190      202        174       
4.37364547      0.73511905      193        194       
4.38055090      0.71428571      173        195       
4.38745634      0.69940476      184        188       
4.39436157      0.72619048      201        172       
4.40126700      0.71726190      186        184       
4.40817244      0.71428571      187        194       
4.41507788      0.70238095      196        178       
4.42198311      0.72916667      195        195       
4.42888854      0.68750000      194        170       
4.43579398      0.72321429      184        201       
4.44269942      0.72321429      206        178       
4.44493028      0.70833333      187        179       
4.45183572      0.69047619      197        165       
4.45874094      0.74404762      194        182       
4.46564638      0.73511905      194        194       
4.47255182      0.74702381      200        180       
4.47945726      0.72321429      199        170       
4.48636248      0.70535714      194        176       
4.49326792      0.74702381      207        179       
4.50017336      0.71130952      209        172       
4.50707879      0.73214286      205        171       
4.51398402      0.75595238      203        185       
4.52088946      0.70833333      187        173       
4.52779490      0.74107143      206        173       
4.53470012      0.73511905      198        196       
4.54160556      0.71130952      200        164       
4.54851100      0.72619048      196        181       
4.55541643      0.72619048      203        178       
4.56232166      0.70833333      197        164       
4.56922710      0.74404762      208        169       
4.57613254      0.73214286      196        176       
4.58303797      0.72916667      204        173       
4.58994320      0.76190476      206        181       
4.59684864      0.74107143      198        204       
4.60375407      0.72619048      203        171       
4.61065951      0.80357143      233        194       
4.61756474      0.74702381      199        200       
4.62447018      0.75892857      224        176       
4.63137561      0.73511905      206        179       
4.63828084      0.74404762      221        185       
4.64518628      0.72916667      223        160       
4.65209172      0.76488095      245        162       
4.65899715      0.75000000      225        175       
4.66590238      0.75892857      231        170       
4.67280782      0.76190476      222        173       
4.67971325      0.74702381      216        168       
4.68661869      0.75000000      213        182       
4.69352392      0.74702381      212        186       
4.70042936      0.73511905      201        188       
4.70733479      0.75595238      214        184       
4.71424002      0.69047619      193        179       
4.72114546      0.73511905      203        185       
4.72805089      0.73214286      195        177       
4.73495633      0.71130952      198        177       
4.74186156      0.72619048      207        180       
4.74876700      0.73511905      225        171       
4.75567243      0.76488095      230        180       
4.76257787      0.72023810      218        172       
4.76948310      0.72916667      215        168       
4.77638853      0.75595238      218        187       
4.78329397      0.74702381      224        173       
4.79019920      0.73511905      216        167       
4.79710464      0.73214286      203        194       
4.80401007      0.75000000      211        185       
4.81091551      0.76190476      216        195       
4.81782074      0.77976190      229        192       
4.82472618      0.75595238      210        196       
4.83163161      0.77083333      224        190       
4.83853705      0.78571429      217        197       
4.84072201      0.76488095      219        176       
4.84762745      0.73511905      203        181       
4.85453268      0.73511905      201        182       
4.86143812      0.71428571      195        153       
4.86834355      0.72916667      209        161       
4.87524899      0.73809524      193        174       
4.88215422      0.72023810      206        182       
4.88905965      0.75297619      217        178       
4.89596509      0.72321429      207        171       
4.90287053      0.73511905      215        174       
4.90977576      0.80059524      236        177       
4.91668119      0.75297619      196        167       
4.92358663      0.75297619      224        170       
4.93049186      0.73511905      210        163       
4.93739729      0.72321429      216        174       
4.94430273      0.73809524      214        178       
4.95120817      0.68750000      201        158       
4.95811340      0.74702381      225        175       
4.96501883      0.70535714      211        167       
4.97192427      0.78273810      225        187       
4.97882971      0.75595238      193        183       
4.98573494      0.71130952      199        177       
4.99264037      0.73214286      223        166       
4.99954581      0.75595238      223        172       
5.00645125      0.72916667      218        163       
5.01335647      0.74107143      220        164       
5.02026191      0.76785714      227        180       
5.02716735      0.75000000      235        167       
5.03407258      0.72619048      205        176       
5.04097801      0.75595238      227        174       
5.04788345      0.74107143      215        178       
5.05478889      0.74404762      236        163       
5.06169411      0.72619048      236        154       
5.06859955      0.70238095      206        166       
5.07550499      0.75892857      230        161       
5.08241043      0.73809524      193        169       
5.08931565      0.74107143      222        163       
5.09622109      0.71130952      219        141       
5.10312653      0.73809524      218        160       
5.11003175      0.75595238      225        173       
5.11693719      0.72916667      225        160       
5.12384263      0.76785714      223        174       
5.13074807      0.75297619      240        158       
5.13765329      0.72321429      221        155       
5.14455873      0.75595238      231        161       
5.15146417      0.73809524      238        158       
5.15836961      0.74404762      221        174       
5.16527483      0.71428571      215        165       
5.17218027      0.75000000      243        148       
5.17908571      0.75000000      234        168       
5.18599093      0.74107143      213        177       
5.19289637      0.76190476      225        179       
5.19980181      0.74107143      198        159       
5.20670725      0.72916667      189        169       
5.21361247      0.73511905      190        170       
5.22051791      0.76488095      216        187       
5.22742335      0.68452381      205        163       
5.23432879      0.69345238      195        170       
5.23646069      0.67857143      183        178       
5.24336613      0.72023810      221        155       
5.25027136      0.73511905      237        165       
5.25717679      0.72321429      217        156       
5.26408223      0.68750000      194        162       
5.27098767      0.71726190      185        179       
5.27789290      0.73511905      190        171       
5.28479833      0.70535714      209        165       
5.29170377      0.71130952      211        166       
5.29860921      0.74404762      215        169       
5.30551444      0.71130952      215        156       
5.31241987      0.72916667      207        176       
5.31932531      0.72619048      184        167       
5.32623054      0.75297619      213        163       
5.33313597      0.75595238      226        173       
5.34004141      0.77083333      222        180       
5.34694685      0.77380952      234        166       
5.35385208      0.74404762      210        173       
5.36075751      0.73214286      202        184       
5.36766295      0.77380952      193        184       
5.37456839      0.75297619      195        186       
5.38147361      0.76785714      208        182       
5.38837905      0.71428571      183        184       
5.39528449      0.72619048      180        182       
5.40218993      0.72023810      174        175       
5.40909515      0.74404762      208        178       
5.41600059      0.74107143      202        173       
5.42290603      0.72321429      204        176       
5.42981125      0.75297619      215        165       
5.43671669      0.72916667      191        172       
5.44362213      0.66666667      195        154       
5.45052757      0.70238095      198        161       
5.45743279      0.71428571      213        155       
5.46433823      0.67857143      194        161       
5.47124367      0.75595238      232        180       
5.47814911      0.74702381      219        173       
5.48505433      0.71428571      214        169       
5.49195977      0.73214286      213        174       
5.49886521      0.71130952      204        166       
5.50577043      0.75297619      224        171       
5.51267587      0.70238095      195        163       
5.51958131      0.75595238      221        164       
5.52648675      0.75595238      216        186       
5.53339197      0.76190476      228        162       
5.54029741      0.75892857      222        168       
5.54720285      0.74404762      221        164       
5.55410829      0.73214286      238        160       
5.56101351      0.74404762      235        166       
5.56791895      0.74702381      226        171       
5.57482439      0.72916667      211        161       
5.58172961      0.71130952      194        178       
5.58863505      0.71428571      216        150       
5.59554049      0.72619048      214        151       
5.60244593      0.75000000      239        170       
5.60935115      0.77380952      245        178       
5.61625659      0.76785714      230        171       
5.62316203      0.73214286      209        175       
5.63006746      0.76190476      221        186       
5.63214484      0.75297619      234        181       
5.63905028      0.78869048      227        187       
5.64595551      0.75595238      194        178       
5.65286094      0.75595238      226        161       
5.65976638      0.71130952      200        172       
5.66667182      0.74107143      210        182       
5.67357705      0.74404762      212        164       
5.68048248      0.75000000      196        169       
5.68738792      0.72023810      217        160       
5.69429336      0.75297619      216        172       
5.70119859      0.73511905      177        176       
5.70810402      0.73511905      210        182       
5.71500946      0.72321429      189        167       
5.72191469      0.74404762      182        171       
5.72882012      0.70535714      193        184       
5.73572556      0.72619048      210        170       
5.74263100      0.70833333      209        163       
5.74953623      0.74107143      230        153       
5.75644166      0.73809524      220        165       
5.76334710      0.77678571      229        173       
5.77025254      0.70535714      200        175       
5.77715776      0.70833333      174        175       
5.78406320      0.68154762      202        161       
5.79096864      0.72916667      177        170       
5.79787408      0.72023810      211        169       
5.80477930      0.74404762      195        168       
5.81168474      0.74404762      199        164       
5.81859018      0.74702381      187        172       
5.82549541      0.71428571      199        175       
5.83240084      0.74404762      226        164       
5.83930628      0.75297619      217        180       
5.84621172      0.75000000      222        176       
5.85311694      0.75000000      219        174       
5.86002238      0.75595238      193        183       
5.86692782      0.76785714      202        182       
5.87383326      0.73511905      193        173       
5.88073848      0.76488095      194        183       
5.88764392      0.69047619      178        157       
5.89454936      0.72619048      177        181       
5.90145458      0.70833333      217        157       
5.90836002      0.72321429      213        164       
5.91526546      0.74404762      216        164       
5.92217090      0.73809524      223        163       
5.92907612      0.78869048      220        174       
5.93598156      0.73809524      201        173       
5.94288700      0.74702381      217        165       
5.94979244      0.78273810      227        184       
5.95669766      0.75892857      221        179       
5.96360310      0.73809524      212        174       
5.97050854      0.77678571      230        173       
5.97741376      0.76785714      225        177       
5.98431920      0.76488095      254        160       
5.99122464      0.72619048      222        154       
5.99813008      0.73809524      211        176       
6.00503530      0.74404762      215        176       
6.01194074      0.71726190      207        165       
6.01884618      0.75892857      214        191       
6.02575161      0.73214286      190        166       
6.02791216      0.73511905      205        171       
6.03481759      0.76190476      218        190       
6.04172282      0.74107143      203        174       
6.04862826      0.73809524      215        170       
6.05553369      0.76785714      199        188       
6.06243913      0.77083333      208        172       
6.06934436      0.74107143      211        171       
6.07624980      0.74107143      226        159       
6.08315523      0.77976190      225        185       
6.09006067      0.75595238      224        174       
6.09696590      0.76785714      223        183       
6.10387134      0.70833333      196        167       
6.11077677      0.71428571      206        174       
6.11768200      0.73214286      221        167       
6.12458744      0.73511905      212        174       
6.13149287      0.74404762      216        175       
6.13839831      0.74107143      213        169       
6.14530354      0.74702381      203        179       
6.15220898      0.72619048      207        170       
6.15911441      0.72619048      209        172       
6.16601985      0.73511905      209        179       
6.17292508      0.79761905      227        189       
6.17983051      0.77083333      222        179       
6.18673595      0.75000000      213        177       
6.19364139      0.75000000      216        176       
6.20054662      0.71130952      204        172       
6.20745205      0.75595238      218        173       
6.21435749      0.73511905      218        174       
6.22126272      0.75000000      218        176       
6.22816815      0.74404762      216        177       
6.23507359      0.76488095      223        176       
6.24197903      0.75297619      194        171       
6.24888426      0.74107143      196        188       
6.25578969      0.77083333      224        189       
6.26269513      0.74107143      217        175       
6.26960057      0.77380952      215        179       
6.27650580      0.73214286      209        177       
6.28341123      0.68154762      191        169       
6.29031667      0.69642857      207        159       
6.29722190      0.69940476      194        183       
6.30412733      0.74107143      212        176       
6.31103277      0.75000000      212        185       
6.31793821      0.75000000      186        173       
6.32484344      0.77083333      228        176       
6.33174887      0.73214286      219        172       
6.33865431      0.78571429      222        178       
6.34555975      0.79761905      231        186       
6.35246497      0.74702381      197        175       
6.35937041      0.74702381      223        169       
6.36627585      0.71726190      206        171       
6.37318108      0.73809524      224        170       
6.38008651      0.76785714      202        194       
6.38699195      0.73511905      213        185       
6.39389739      0.71726190      214        167       
6.40080262      0.77678571      228        176       
6.40770805      0.72619048      206        194       
6.41461349      0.74702381      191        172       
6.42151893      0.69940476      213        157       
6.42354851      0.71130952      207        169       
6.43045395      0.72321429      179        183       
6.43735918      0.70535714      170        171       
6.44426462      0.77678571      193        188       
6.45117005      0.72619048      208        172       
6.45807549      0.73511905      215        184       
6.46498072      0.76190476      226        173       
6.47188615      0.75892857      204        169       
6.47879159      0.75297619      214        169       
6.48569703      0.79464286      233        186       
6.49260226      0.74404762      224        162       
6.49950769      0.72916667      219        163       
6.50641313      0.74404762      217        162       
6.51331836      0.73214286      194        164       
6.52022379      0.75297619      221        175       
6.52712923      0.73511905      207        185       
6.53403467      0.72619048      197        167       
6.54093990      0.78869048      206        168       
6.54784533      0.77976190      238        175       
6.55475077      0.71130952      211        163       
6.56165621      0.77678571      196        183       
6.56856144      0.77083333      231        184       
6.57546687      0.71428571      211        173       
6.58237231      0.73214286      215        169       
6.58927775      0.75595238      221        180       
6.59618297      0.69642857      215        151       
6.60308841      0.75892857      235        162       
6.60999385      0.78273810      199        184       
6.61689908      0.76488095      185        177       
6.62380451      0.74404762      221        166       
6.63070995      0.76190476      224        177       
6.63761539      0.76190476      224        165       
6.64452061      0.75000000      218        164       
6.65142605      0.72619048      211        151       
6.65833149      0.77083333      212        176       
6.66523693      0.74702381      212        185       
6.67214215      0.79761905      217        182       
6.67904759      0.75297619      223        170       
6.68595303      0.77976190      235        168       
6.69285825      0.72916667      212        174       
6.69976369      0.74107143      228        157       
6.70666913      0.70535714      212        159       
6.71357457      0.77083333      231        171       
6.72047979      0.74404762      224        154       
6.72738523      0.69047619      201        159       
6.73429067      0.76488095      201        160       
6.74119611      0.75000000      196        191       
6.74810133      0.69940476      200        161       
6.75500677      0.72321429      208        174       
6.76191221      0.75297619      207        187       
6.76881743      0.75297619      212        177       
6.77572287      0.78571429      195        195       
6.78262831      0.72023810      206        161       
6.78953375      0.73511905      216        178       
6.79643897      0.74107143      214        183       
6.80334441      0.75000000      211        195       
6.81024985      0.74107143      193        175       
6.81715529      0.75595238      226        180       
6.81948931      0.77083333      217        191       
6.82639475      0.72321429      203        170       
6.83329997      0.72023810      217        168       
6.84020541      0.71428571      212        167       
6.84711085      0.72321429      214        170       
6.85401629      0.73511905      215        174       
6.86092151      0.75297619      237        165       
6.86782695      0.75892857      217        174       
6.87473239      0.73214286      222        172       
6.88163782      0.70833333      210        159       
6.88854305      0.72321429      206        167       
6.89544849      0.73809524      220        161       
6.90235393      0.74107143      218        176       
6.90925915      0.75595238      215        177       
6.91616459      0.76190476      224        182       
6.92307003      0.73511905      212        176       
6.92997547      0.74107143      208        181       
6.93688069      0.75892857      209        185       
6.94378613      0.72023810      207        173       
6.95069157      0.75595238      213        185       
6.95759700      0.73214286      226        153       
6.96450223      0.75000000      204        176       
6.97140767      0.74702381      228        170       
6.97831311      0.72619048      223        156       
6.98521854      0.77380952      230        179       
6.99212377      0.77976190      227        177       
6.99902921      0.77678571      233        170       
7.00593464      0.68154762      203        163       
7.01283987      0.77678571      231        179       
7.01974531      0.74404762      220        176       
7.02665075      0.75000000      218        173       
7.03355618      0.74702381      216        164       
7.04046141      0.75000000      209        182       
7.04736685      0.71130952      208        162       
7.05427229      0.75297619      225        173       
7.06117772      0.69642857      199        164       
7.06808295      0.75297619      223        171       
7.07498839      0.73809524      215        177       
7.08189382      0.73214286      222        166       
7.08879905      0.75297619      229        172       
7.09570449      0.74702381      221        168       
7.10260993      0.73511905      220        166       
7.10951536      0.73214286      222        150       
7.11642059      0.76785714      228        179       
7.12332603      0.75297619      216        171       
7.13023146      0.73214286      218        164       
7.13713690      0.75000000      226        165       
7.14404213      0.72321429      198        177       
7.15094757      0.72916667      211        163       
7.15785300      0.68452381      205        137       
7.16475823      0.73809524      214        172       
7.17166367      0.73511905      217        159       
7.17856910      0.71726190      187        173       
7.18547454      0.68154762      216        152       
7.19237977      0.74404762      228        156       
7.19928521      0.75000000      221        173       
7.20619064      0.72619048      211        165       
7.21309608      0.72321429      231        166       
7.21506103      0.74702381      245        164       
7.22196647      0.77678571      243        169       
7.22887170      0.72321429      199        177       
7.23577713      0.69940476      204        166       
7.24268257      0.72619048      200        182       
7.24958801      0.75297619      224        173       
7.25649324      0.72619048      198        180       
7.26339867      0.72321429      207        167       
7.27030411      0.72916667      210        165       
7.27720955      0.73214286      202        175       
7.28411477      0.74404762      211        169       
7.29102021      0.74702381      202        181       
7.29792565      0.73511905      208        167       
7.30483088      0.74107143      211        169       
7.31173631      0.75595238      208        184       
7.31864175      0.72916667      198        182       
7.32554719      0.74107143      209        159       
7.33245241      0.74107143      207        168       
7.33935785      0.75595238      206        176       
7.34626329      0.72619048      208        166       
7.35316873      0.72321429      211        162       
7.36007395      0.73511905      200        181       
7.36697939      0.71130952      197        170       
7.37388483      0.73809524      206        173       
7.38079027      0.69642857      188        178       
7.38769549      0.70535714      196        164       
7.39460093      0.69345238      187        166       
7.40150637      0.72023810      206        159       
7.40841159      0.72916667      199        165       
7.41531703      0.69940476      185        161       
7.42222247      0.65476190      177        154       
7.42912791      0.72916667      194        178       
7.43603313      0.69642857      195        158       
7.44293857      0.75595238      195        196       
7.44984401      0.72619048      204        176       
7.45674945      0.71428571      190        179       
7.46365467      0.74107143      199        187       
7.47056011      0.72619048      193        185       
7.47746555      0.70238095      187        173       
7.48437077      0.72321429      186        183       
7.49127621      0.69345238      185        170       
7.49818165      0.69940476      186        172       
7.50508709      0.71726190      200        166       
7.51199231      0.67857143      187        152       
7.51889775      0.71726190      187        175       
7.52580319      0.74702381      197        181       
7.53270862      0.72916667      194        166       
7.53961385      0.71428571      197        165       
7.54651929      0.70238095      199        153       
7.55342473      0.71428571      198        178       
7.56032995      0.72023810      202        171       
7.56723539      0.74404762      204        173       
7.57414083      0.74404762      202        161       
7.58104626      0.72619048      202        163       
7.58795149      0.75595238      211        163       
7.59485693      0.75595238      207        181       
7.60176237      0.72916667      204        171       
7.60866780      0.75595238      214        178       
7.61085887      0.72321429      205        165       
7.61776431      0.74107143      208        181       
7.62466954      0.73511905      201        181       
7.63157497      0.73511905      212        175       
7.63848041      0.72023810      190        179       
7.64538585      0.72023810      202        174       
7.65229108      0.70238095      201        166       
7.65919651      0.71428571      183        181       
7.66610195      0.69940476      186        169       
7.67300739      0.72023810      198        174       
7.67991262      0.68452381      182        175       
7.68681805      0.71428571      215        170       
7.69372349      0.69642857      190        181       
7.70062872      0.71428571      199        179       
7.70753415      0.70535714      199        174       
7.71443959      0.70535714      197        157       
7.72134503      0.73809524      201        163       
7.72825026      0.69940476      199        153       
7.73515569      0.69940476      192        156       
7.74206113      0.72619048      201        163       
7.74896657      0.67857143      194        140       
7.75587179      0.68452381      184        150       
7.76277723      0.65773810      187        148       
7.76968267      0.71726190      191        167       
7.77658811      0.75297619      204        185       
7.78349333      0.71726190      195        171       
7.79039877      0.72321429      196        182       
7.79730421      0.73511905      202        171       
7.80420943      0.73511905      197        170       
7.81111487      0.74404762      204        173       
7.81802031      0.75892857      212        175       
7.82492575      0.69345238      190        166       
7.83183097      0.72321429      197        166       
7.83873641      0.71428571      189        175       
7.84564185      0.68750000      190        161       
7.85254729      0.71726190      195        175       
7.85945251      0.72619048      206        166       
7.86635795      0.72619048      199        180       
7.87326339      0.72619048      214        153       
7.88016861      0.73809524      213        154       
7.88707405      0.71130952      202        171       
7.89397949      0.70238095      187        160       
7.90088493      0.71130952      202        164       
7.90779015      0.70833333      197        174       
7.91469559      0.74404762      197        176       
7.92160103      0.68750000      194        144       
7.92850647      0.67261905      190        147       
7.93541169      0.70535714      191        179       
7.94231713      0.66071429      202        159       
7.94922257      0.67559524      177        171       
7.95612779      0.67261905      180        181       
7.96303323      0.69642857      185        175       
7.96993867      0.67857143      180        175       
7.97684411      0.67559524      184        155       
7.98374933      0.70535714      195        178       
7.99065477      0.69642857      196        159       
7.99756021      0.66369048      179        151       
8.00446564      0.74107143      207        160       
8.00637565      0.69345238      171        161       
8.01328108      0.69940476      180        168       
8.02018631      0.70238095      189        165       
8.02709175      0.69047619      191        164       
8.03399718      0.68154762      192        160       
8.04090262      0.70238095      199        158       
8.04780785      0.70535714      175        157       
8.05471329      0.72321429      208        158       
8.06161872      0.71130952      196        167       
8.06852416      0.71428571      178        150       
8.07542939      0.72619048      202        173       
8.08233482      0.67857143      192        161       
8.08924026      0.73511905      205        175       
8.09614549      0.70535714      172        160       
8.10305093      0.69047619      188        166       
8.10995636      0.68750000      183        164       
8.11686180      0.68750000      180        168       
8.12376703      0.70833333      211        154       
8.13067247      0.72619048      181        166       
8.13757790      0.75000000      209        167       
8.14448334      0.73214286      200        173       
8.15138857      0.70238095      194        163       
8.15829400      0.74702381      210        166       
8.16519944      0.74107143      219        164       
8.17210488      0.70833333      198        171       
8.17901011      0.72619048      203        169       
8.18591554      0.71726190      200        157       
8.19282098      0.71726190      195        168       
8.19972621      0.67559524      195        156       
8.20663164      0.70833333      196        168       
8.21353708      0.68750000      172        175       
8.22044252      0.74107143      201        195       
8.22734775      0.73511905      196        190       
8.23425318      0.72916667      210        170       
8.24115862      0.72916667      200        188       
8.24806406      0.71428571      188        188       
8.25496928      0.67261905      184        162       
8.26187472      0.72321429      207        159       
8.26878016      0.74702381      183        179       
8.27568539      0.71726190      196        175       
8.28259082      0.69345238      195        162       
8.28949626      0.74404762      209        169       
8.29640170      0.72619048      194        183       
8.30330693      0.75892857      206        188       
8.31021236      0.72619048      193        167       
8.31711780      0.74702381      208        172       
8.32402324      0.72023810      195        171       
8.33092846      0.74404762      202        172       
8.33783390      0.74702381      205        179       
8.34473934      0.70535714      187        181       
8.35164457      0.77380952      215        164       
8.35855000      0.77678571      202        192       
8.36545544      0.72023810      183        166       
8.37236088      0.66964286      197        151       
8.37926610      0.72023810      168        178       
8.38617154      0.72321429      179        170       
8.39307698      0.75595238      184        169       
8.39998242      0.69642857      177        149       
8.40174251      0.69642857      178        160       
8.40864795      0.72916667      209        165       
8.41555318      0.72619048      202        165       
8.42245862      0.72619048      182        164       
8.42936405      0.76785714      199        161       
8.43626949      0.69047619      166        164       
8.44317472      0.72023810      200        153       
8.45008016      0.70833333      202        167       
8.45698559      0.68750000      201        170       
8.46389103      0.72321429      211        159       
8.47079626      0.70535714      201        156       
8.47770169      0.72916667      188        165       
8.48460713      0.79464286      223        186       
8.49151236      0.73809524      210        167       
8.49841780      0.70535714      180        168       
8.50532323      0.73809524      209        168       
8.51222867      0.67261905      183        158       
8.51913390      0.72619048      204        165       
8.52603933      0.71726190      180        160       
8.53294477      0.70833333      197        159       
8.53985021      0.69345238      195        170       
8.54675544      0.70238095      190        172       
8.55366087      0.72023810      186        183       
8.56056631      0.71130952      198        174       
8.56747175      0.71130952      178        164       
8.57437697      0.71428571      199        177       
8.58128241      0.70238095      202        176       
8.58818785      0.68750000      194        154       
8.59509308      0.70833333      198        166       
8.60199851      0.75297619      196        192       
8.60890395      0.73809524      181        177       
8.61580939      0.72619048      200        181       
8.62271462      0.71428571      179        170       
8.62962005      0.72023810      197        177       
8.63652549      0.74107143      201        179       
8.64343093      0.69940476      184        178       
8.65033615      0.69940476      195        169       
8.65724159      0.73511905      197        180       
8.66414703      0.70833333      192        159       
8.67105226      0.63988095      177        146       
8.67795769      0.72619048      200        171       
8.68486313      0.72321429      204        163       
8.69176857      0.71428571      199        171       
8.69867379      0.74702381      216        177       
8.70557923      0.76785714      224        162       
8.71248467      0.75892857      218        169       
8.71939011      0.71130952      203        159       
8.72629533      0.71428571      193        185       
8.73320077      0.75892857      211        194       
8.74010621      0.73214286      208        175       
8.74701143      0.74107143      182        179       
8.75391687      0.75595238      224        178       
8.76082231      0.74107143      209        173       
8.76772775      0.72619048      207        156       
8.77463297      0.73809524      182        193       
8.78153841      0.71428571      204        155       
8.78844385      0.69047619      178        161       
8.79534929      0.74404762      183        171       
8.79710202      0.72321429      187        164       
8.80400745      0.74404762      204        182       
8.81091268      0.74702381      184        173       
8.81781812      0.73809524      212        169       
8.82472355      0.70238095      186        152       
8.83162899      0.71130952      200        160       
8.83853422      0.74702381      187        174       
8.84543966      0.74107143      185        173       
8.85234509      0.70833333      203        164       
8.85925053      0.73214286      204        180       
8.86615576      0.72916667      189        166       
8.87306119      0.74404762      199        179       
8.87996663      0.72321429      205        164       
8.88687186      0.74404762      202        180       
8.89377730      0.73214286      211        157       
8.90068273      0.71130952      202        163       
8.90758817      0.68452381      206        141       
8.91449340      0.72321429      198        170       
8.92139883      0.71130952      203        159       
8.92830427      0.75892857      222        159       
8.93520971      0.71428571      204        156       
8.94211494      0.72619048      205        162       
8.94902037      0.73214286      212        173       
8.95592581      0.69642857      201        158       
8.96283125      0.75297619      215        161       
8.96973648      0.73809524      213        169       
8.97664191      0.70833333      221        159       
8.98354735      0.72916667      200        171       
8.99045258      0.74404762      214        160       
8.99735801      0.74107143      204        173       
9.00426345      0.73809524      201        180       
9.01116889      0.72916667      204        153       
9.01807412      0.73511905      225        163       
9.02497955      0.72916667      211        165       
9.03188499      0.72619048      199        157       
9.03879043      0.75297619      206        171       
9.04569565      0.76190476      212        173       
9.05260109      0.74404762      209        170       
9.05950653      0.75595238      219        179       
9.06641176      0.73809524      212        168       
9.07331719      0.71428571      204        164       
9.08022263      0.75595238      187        181       
9.08712807      0.73511905      199        174       
9.09403329      0.69940476      192        174       
9.10093873      0.73214286      198        190       
9.10784417      0.69047619      188        180       
9.11474961      0.74702381      209        181       
9.12165483      0.71428571      199        165       
9.12856027      0.71726190      203        152       
9.13546571      0.73809524      206        175       
9.14237094      0.70833333      194        174       
9.14927637      0.70238095      196        179       
9.15618181      0.72321429      202        164       
9.16308725      0.71428571      212        153       
9.16999247      0.70535714      200        160       
9.17689791      0.71726190      200        178       
9.18380335      0.72619048      197        178       
9.19070879      0.70238095      205        144       
9.19259079      0.74107143      214        177       
9.19949622      0.70535714      184        186       
9.20640145      0.70238095      170        169       
9.21330689      0.72321429      196        191       
9.22021232      0.73511905      184        168       
9.22711776      0.77083333      208        179       
9.23402299      0.77976190      228        168       
9.24092843      0.74702381      212        168       
9.24783386      0.73809524      198        157       
9.25473930      0.77380952      225        182       
9.26164453      0.75297619      183        162       
9.26854997      0.72619048      184        173       
9.27545540      0.70833333      202        167       
9.28236063      0.76785714      209        176       
9.28926607      0.75892857      224        167       
9.29617150      0.77678571      209        196       
9.30307694      0.72916667      199        180       
9.30998217      0.69047619      203        148       
9.31688761      0.73214286      198        167       
9.32379304      0.74702381      187        178       
9.33069848      0.77976190      193        189       
9.33760371      0.72619048      201        172       
9.34450914      0.70833333      167        173       
9.35141458      0.76488095      215        176       
9.35832002      0.74107143      210        170       
9.36522525      0.72619048      187        163       
9.37213068      0.72619048      196        180       
9.37903612      0.74107143      204        180       
9.38594135      0.70833333      202        163       
9.39284678      0.70833333      174        170       
9.39975222      0.71428571      200        171       
9.40665766      0.73511905      215        157       
9.41356289      0.73809524      212        177       
9.42046832      0.75892857      211        162       
9.42737376      0.74702381      201        169       
9.43427920      0.72023810      207        158       
9.44118443      0.73511905      201        177       
9.44808986      0.71726190      188        168       
9.45499530      0.74702381      199        176       
9.46190053      0.68750000      179        162       
9.46880596      0.68154762      190        164       
9.47571140      0.69345238      166        182       
9.48261684      0.72023810      209        156       
9.48952207      0.74107143      208        170       
9.49642750      0.71130952      209        154       
9.50333294      0.75595238      213        178       
9.51023838      0.71726190      196        167       
9.51714360      0.77380952      188        182       
9.52404904      0.74107143      188        159       
9.53095448      0.71726190      193        167       
9.53785971      0.74107143      204        172       
9.54476514      0.69940476      203        153       
9.55167058      0.72619048      183        168       
9.55857602      0.69047619      187        166       
9.56548124      0.71130952      203        170       
9.57238668      0.72619048      197        190       
9.57929212      0.72321429      194        165       
9.58619756      0.72321429      194        165       
9.58836168      0.71428571      202        172       
9.59526711      0.72619048      203        165       
9.60217234      0.71130952      209        153       
9.60907778      0.72916667      206        159       
9.61598322      0.75000000      214        157       
9.62288865      0.71428571      198        156       
9.62979388      0.69940476      205        151       
9.63669932      0.69345238      193        161       
9.64360476      0.70833333      201        159       
9.65051019      0.74702381      211        174       
9.65741542      0.70535714      200        157       
9.66432086      0.72023810      200        170       
9.67122629      0.71428571      192        173       
9.67813152      0.73511905      208        167       
9.68503696      0.72321429      199        176       
9.69194240      0.70833333      197        174       
9.69884783      0.72916667      200        156       
9.70575306      0.72023810      194        171       
9.71265850      0.70535714      203        151       
9.71956393      0.72619048      200        167       
9.72646937      0.70535714      195        171       
9.73337460      0.69940476      202        164       
9.74028004      0.69345238      200        149       
9.74718547      0.66666667      195        141       
9.75409091      0.71726190      206        149       
9.76099614      0.72321429      200        174       
9.76790158      0.72619048      191        175       
9.77480701      0.75297619      212        174       
9.78171224      0.73214286      202        158       
9.78861768      0.73214286      206        158       
9.79552311      0.73511905      212        149       
9.80242855      0.72023810      208        149       
9.80933378      0.70535714      196        168       
9.81623922      0.73511905      185        159       
9.82314465      0.76488095      184        180       
9.83005009      0.70535714      208        154       
9.83695532      0.69940476      206        139       
9.84386075      0.71130952      199        143       
9.85076619      0.75000000      214        144       
9.85767142      0.74702381      204        168       
9.86457686      0.68750000      200        147       
9.87148229      0.70238095      199        158       
9.87838773      0.72023810      201        160       
9.88529296      0.69047619      199        142       
9.89219839      0.72619048      217        161       
9.89910383      0.68452381      199        140       
9.90600927      0.74404762      220        163       
9.91291450      0.73214286      200        193       
9.91981993      0.71726190      199        160       
9.92672537      0.72916667      206        174       
9.93363060      0.70238095      190        168       
9.94053604      0.72619048      209        155       
9.94744147      0.67559524      183        139       
9.95434691      0.73214286      213        162       
9.96125214      0.75892857      203        186       
9.96815757      0.75000000      201        195       
9.97506301      0.71130952      204        168       
9.98196845      0.68452381      186        174       
9.98419489      0.72023810      183        166       
