   0.00589         0         0         0        0.00000
   0.01205         0         0         0        0.00000
   0.01209         0         0         0        0.00000
   0.01833         0         0         0        0.00000
   0.01867         0         0         0        0.00000
   0.02502         0         0         0        0.00000
   0.02572         0         0         0        0.00000
   0.03219         4         0         0        0.00595
   0.03333         0         0         0        0.00000
   0.03986         0         0         0        0.00000
   0.04511         0         0         0        0.00000
   0.05170         0         0         0        0.00000
   0.05735         0         0         0        0.00000
   0.06402         4         0         0        0.00595
   0.07068         4         0         0        0.00595
   0.07431         0         0         0        0.00000
   0.08106         0         0         0        0.00000
   0.08781         0         0         0        0.01488
   0.09456         0         0         0        0.00000
   0.09645         0         0         0        0.00000
   0.10333         8        18         0        0.06548
   0.11021         8         0         0        0.04762
   0.11708        34         7         1        0.07440
   0.12396        20        32         1        0.11310
   0.13084        45        18         1        0.11905
   0.13771        28         4         0        0.07440
   0.14459         8         6         0        0.07440
   0.15147        10        22         0        0.07440
   0.15834         8        21         0        0.07143
   0.16522        19        19         0        0.11905
   0.17210        37        23         1        0.14881
   0.17897        30         9         1        0.08333
   0.18585        26        27         0        0.09226
   0.19273        18        17         0        0.08036
   0.19960        31        33         0        0.13690
   0.20648        12        90         0        0.18452
   0.21336        44        83         0        0.22917
   0.22024        15        23         0        0.11607
   0.22711        14        78         0        0.18155
   0.23399        14        46         0        0.13095
   0.24087        37        32         0        0.13393
   0.24774        17        62         0        0.18750
   0.25462        16        78         0        0.19643
   0.26150        16        80         0        0.21726
   0.26837        14        66         0        0.19643
   0.27525        10        87         0        0.19940
   0.28213        17        70         0        0.15179
   0.28900        32       122         0        0.20833
   0.29588        18       138         0        0.17857
   0.30276        37       112         0        0.19048
   0.30963        37       114         0        0.22321
   0.31651        28        94         0        0.19048
   0.32339        36        86         0        0.22024
   0.33026        42       126         0        0.25595
   0.33714        22        98         0        0.18452
   0.34402        59       145         0        0.28869
   0.35089        76       113         4        0.27381
   0.35777        60       134         0        0.25298
   0.36465        44       122         0        0.23512
   0.37152        41        99         0        0.22619
   0.37840        38       140         0        0.27381
   0.38528        32       182         0        0.33929
   0.39215        56       141         0        0.36310
   0.39903        54       209         0        0.44345
   0.40591        33       258         0        0.43155
   0.41278        68       242         0        0.45536
   0.41966        42       248         0        0.48810
   0.42654        60       248         0        0.49702
   0.43341        67       231         0        0.44048
   0.44029        63       285         0        0.50000
   0.44717        79       253         1        0.45536
   0.45404        49       306         0        0.49405
   0.46092        49       272         0        0.50893
   0.46780        86       239         1        0.48810
   0.47219        82       262         0        0.51786
   0.47906        79       270         0        0.57440
   0.48594        48       236         0        0.49107
   0.49282        50       241         0        0.47619
   0.49969        69       245         0        0.51190
   0.50657        34       269         0        0.49702
   0.51345        47       302         0        0.50000
   0.52032        25       314         0        0.56845
   0.52720        41       304         0        0.53571
   0.53408        38       278         0        0.54167
   0.54095        37       276         0        0.52976
   0.54783        29       269         0        0.47917
   0.55471        41       244         0        0.48512
   0.56158        67       266         0        0.52679
   0.56846        34       282         0        0.55952
   0.57534        38       294         0        0.55357
   0.58221        20       326         0        0.56250
   0.58909        35       270         0        0.54762
   0.59597        47       327         0        0.59524
   0.60284        40       299         0        0.51786
   0.60972        47       332         0        0.58631
   0.61660        43       261         0        0.50893
   0.62347        21       302         0        0.52381
   0.63035        31       317         0        0.53869
   0.63723        48       267         0        0.52381
   0.64410        18       301         0        0.55952
   0.65098        20       337         0        0.60119
   0.65786        21       285         0        0.56548
   0.66473        12       286         0        0.51786
   0.67161        42       295         0        0.55952
   0.67849        43       234         0        0.46131
   0.68536        39       276         0        0.51190
   0.69224        41       274         0        0.53571
   0.69912        57       259         0        0.52083
   0.70599        49       326         0        0.57143
   0.71287        49       279         0        0.55357
   0.71975        30       361         0        0.52381
   0.72662        81       332         0        0.54464
   0.73350        58       283         0        0.51190
   0.74038        76       278         0        0.49702
   0.74725        53       298         0        0.53274
   0.75413        47       228         0        0.47024
   0.76101        61       365         0        0.61607
   0.76788        83       288         0        0.57143
   0.77476       100       277         1        0.61310
   0.78164        61       313         0        0.51488
   0.78852        40       288         0        0.55952
   0.79539        51       244         0        0.44048
   0.80227        42       345         0        0.54762
   0.80915        43       329         0        0.56845
   0.81602        35       280         0        0.52679
   0.82290        34       343         0        0.52083
   0.82978        24       299         0        0.53869
   0.83665        48       280         0        0.52679
   0.84353        31       307         1        0.47321
   0.84748        64       317         0        0.52381
   0.85435        62       294         0        0.45536
   0.86123        28       360         0        0.49702
   0.86811        55       310         0        0.47321
   0.87498        36       323         0        0.52679
   0.88186        70       327         0        0.55952
   0.88874        72       324         0        0.57143
   0.89561       106       353         0        0.59226
   0.90249        83       319         0        0.55357
   0.90937        74       308         0        0.59226
   0.91624        62       249         0        0.49107
   0.92312        58       291         0        0.56250
   0.93000        53       293         0        0.59226
   0.93687        64       296         0        0.54464
   0.94375        40       291         0        0.53571
   0.95063        29       279         0        0.50893
   0.95750        54       297         0        0.52381
   0.96438        55       276         0        0.53571
   0.97126        50       281         0        0.53869
   0.97813        67       284         0        0.53571
   0.98501        46       281         0        0.45536
   0.99189        40       288         0        0.52679
   0.99876        20       360         0        0.54762
   1.00564        25       314         0        0.52381
   1.01252        26       307         0        0.54167
   1.01939        36       281         0        0.52976
   1.02627        37       308         0        0.56548
   1.03315        30       319         0        0.58631
   1.04002        23       354         0        0.58631
   1.04690        35       354         0        0.57440
   1.05378        37       335         0        0.58036
   1.06065        45       342         0        0.55952
   1.06753        34       370         0        0.61310
   1.07441        37       401         0        0.61310
   1.08128        31       348         0        0.50893
   1.08816        60       327         0        0.55655
   1.09504        28       347         0        0.58333
   1.10191        46       343         0        0.55060
   1.10879        52       345         0        0.58333
   1.11567        34       356         0        0.65179
   1.12254        41       323         0        0.59821
   1.12942        59       345         0        0.58929
   1.13630        55       358         0        0.54762
   1.14317        36       357         0        0.59226
   1.15005        38       333         0        0.59226
   1.15693        55       336         0        0.58631
   1.16380        68       384         0        0.64881
   1.17068        57       378         1        0.62202
   1.17756        39       349         0        0.62500
   1.18443        51       377         0        0.58036
   1.19131        28       394         0        0.58631
   1.19819        41       334         0        0.52083
   1.20507        35       374         0        0.56548
   1.21194        29       336         0        0.55952
   1.21882        30       305         0        0.49702
   1.22257        32       367         0        0.54464
   1.22945        61       367         0        0.52976
   1.23632        39       322         0        0.51786
   1.24320        64       327         0        0.54464
   1.25008        49       381         0        0.52381
   1.25695        62       338         0        0.54762
   1.26383        55       437         0        0.57738
   1.27071        44       373         0        0.53571
   1.27758        52       391         0        0.54762
   1.28446        69       387         0        0.58036
   1.29134        62       403         0        0.57738
   1.29822        38       367         0        0.57143
   1.30509        78       376         0        0.59821
   1.31197        62       373         0        0.60119
   1.31885        56       413         0        0.58333
   1.32572        51       351         0        0.59226
   1.33260        53       391         0        0.57440
   1.33948        57       370         0        0.55655
   1.34635        85       317         0        0.51786
   1.35323        60       289         0        0.47917
   1.36011        98       350         0        0.53274
   1.36698        68       373         0        0.53869
   1.37386        61       334         0        0.54167
   1.38074        84       379         0        0.57143
   1.38761        72       363         0        0.61905
   1.39449        73       367         0        0.55357
   1.40137        71       311         0        0.58036
   1.40824        82       347         0        0.60714
   1.41512        59       344         0        0.55060
   1.42200        71       383         0        0.61905
   1.42887        97       380         0        0.61310
   1.43575        85       391         0        0.60714
   1.44263        80       335         0        0.56250
   1.44950        78       373         0        0.58333
   1.45638        76       363         0        0.61905
   1.46326        58       338         0        0.58929
   1.47013        77       309         0        0.58333
   1.47701        84       334         0        0.56548
   1.48389        81       274         0        0.56548
   1.49076        77       298         0        0.56548
   1.49764        56       299         0        0.53571
   1.50452        72       301         0        0.57143
   1.51139        65       305         0        0.55655
   1.51827        73       318         0        0.58036
   1.52515        60       359         0        0.61607
   1.53202        65       319         0        0.55357
   1.53890        64       261         0        0.54464
   1.54578       108       311         0        0.57440
   1.55265        75       294         0        0.55655
   1.55953        93       326         0        0.59226
   1.56641        76       319         0        0.57440
   1.57328        97       304         0        0.52381
   1.58016       105       289         0        0.55357
   1.58704        69       295         0        0.56250
   1.59391        56       307         0        0.55952
   1.59829        55       311         0        0.57440
   1.60517        77       343         0        0.63095
   1.61204        64       310         0        0.57440
   1.61892        71       355         0        0.60119
   1.62580        46       297         0        0.56250
   1.63267        99       401         0        0.64881
   1.63955        86       308         0        0.59821
   1.64643        66       295         0        0.53869
   1.65330        40       283         0        0.56250
   1.66018        43       347         0        0.55060
   1.66706        82       300         0        0.50298
   1.67393        60       270         0        0.48214
   1.68081        59       318         0        0.54464
   1.68769        86       268         0        0.55952
   1.69456        69       347         0        0.59226
   1.70144        79       342         0        0.57440
   1.70832        56       332         0        0.58036
   1.71519        68       322         0        0.57143
   1.72207        56       329         0        0.58333
   1.72895        66       286         0        0.54464
   1.73582        86       376         0        0.58929
   1.74270        59       359         0        0.52083
   1.74958        69       349         0        0.59524
   1.75645        64       372         0        0.61012
   1.76333        78       333         0        0.56250
   1.77021        64       300         0        0.54762
   1.77708        94       323         1        0.61607
   1.78396        55       303         0        0.50000
   1.79084        51       314         0        0.54762
   1.79772        76       276         0        0.55952
   1.80459        68       373         0        0.58036
   1.81147        52       372         0        0.60119
   1.81835        62       387         0        0.58036
   1.82522        38       357         0        0.51488
   1.83210        70       282         0        0.50595
   1.83898        61       314         1        0.53274
   1.84585       107       357         0        0.57738
   1.85273       115       347         0        0.55655
   1.85961        94       333         0        0.53869
   1.86648        71       343         0        0.54762
   1.87336        64       360         0        0.52679
   1.88024        70       317         0        0.56845
   1.88711        72       336         0        0.53571
   1.89399        62       316         0        0.55357
   1.90087        62       301         0        0.51488
   1.90774        58       341         0        0.56845
   1.91462        87       314         0        0.52679
   1.92150        96       312         0        0.53274
   1.92837        50       262         0        0.54464
   1.93525        65       309         0        0.55655
   1.94213        68       312         0        0.55357
   1.94900        46       315         0        0.54762
   1.95588        65       325         0        0.57440
   1.96276        79       323         0        0.63393
   1.96963        67       373         0        0.60714
   1.97406        81       300         0        0.55060
   1.98093        40       344         0        0.56845
   1.98781        68       340         0        0.63095
   1.99469        65       340         0        0.53571
   2.00156        88       377         0        0.54762
   2.00844        80       339         0        0.61607
   2.01532        82       349         0        0.58929
   2.02219        57       354         0        0.55357
   2.02907        47       357         0        0.55655
   2.03595        50       400         0        0.58929
   2.04282        80       372         0        0.61012
   2.04970        54       381         0        0.58929
   2.05658        47       337         0        0.58631
   2.06345        54       301         0        0.52679
   2.07033        32       287         0        0.50000
   2.07721        52       296         0        0.51786
   2.08408        46       357         0        0.57440
   2.09096        49       368         0        0.63988
   2.09784        73       355         0        0.61310
   2.10471        82       321         0        0.58631
   2.11159        73       358         0        0.61012
   2.11847        60       308         0        0.59524
   2.12534        68       347         0        0.56250
   2.13222        66       332         0        0.58333
   2.13910        64       346         0        0.61012
   2.14597        59       361         0        0.57143
   2.15285        71       390         0        0.64286
   2.15973        62       355         0        0.61607
   2.16661        73       366         0        0.58333
   2.17348        59       373         0        0.60417
   2.18036        71       344         0        0.58036
   2.18724        79       298         0        0.58036
   2.19411        73       317         0        0.59821
   2.20099        71       316         0        0.62500
   2.20787        53       330         0        0.59821
   2.21474        31       364         0        0.58929
   2.22162        30       382         0        0.62500
   2.22850        36       423         0        0.60417
   2.23537        33       369         0        0.61012
   2.24225        56       348         0        0.60119
   2.24913        44       411         0        0.63393
   2.25600        71       369         0        0.66071
   2.26288        56       345         0        0.60119
   2.26976        50       362         0        0.60714
   2.27663        39       350         0        0.66071
   2.28351        32       399         0        0.64583
   2.29039        52       403         0        0.64583
   2.29726        34       359         0        0.60119
   2.30414        28       398         0        0.65179
   2.31102        29       418         0        0.64881
   2.31789        30       409         0        0.66071
   2.32477        34       405         0        0.63690
   2.33165        34       383         0        0.63095
   2.33852        34       409         0        0.68452
   2.34540        42       417         0        0.67560
   2.35021        46       428         0        0.65476
   2.35709        34       368         0        0.60714
   2.36397        30       465         0        0.69345
   2.37084        23       390         0        0.63988
   2.37772        24       437         0        0.64583
   2.38460        30       385         0        0.61905
   2.39147        26       490         0        0.69048
   2.39835        38       403         0        0.63988
   2.40523        27       414         0        0.66071
   2.41210        27       427         0        0.62500
   2.41898        39       390         0        0.65179
   2.42586        24       436         0        0.66369
   2.43273        28       399         0        0.65179
   2.43961        55       420         0        0.69643
   2.44649        34       426         0        0.65476
   2.45336        30       406         0        0.66369
   2.46024        33       461         0        0.66964
   2.46712        30       430         0        0.67262
   2.47399        24       427         0        0.70833
   2.48087        26       465         0        0.68155
   2.48775        42       393         0        0.66071
   2.49462        24       417         0        0.63690
   2.50150        36       403         0        0.66964
   2.50838        31       417         0        0.65179
   2.51525        41       405         0        0.64881
   2.52213        34       407         0        0.66369
   2.52901        40       377         0        0.65774
   2.53588        26       357         0        0.64881
   2.54276        47       396         0        0.68750
   2.54964        31       418         0        0.68155
   2.55651        30       448         0        0.67857
   2.56339        40       432         0        0.68750
   2.57027        27       461         0        0.67857
   2.57714        26       414         0        0.66667
   2.58402        37       414         0        0.66369
   2.59090        25       401         0        0.66071
   2.59777        41       406         0        0.67560
   2.60465        59       436         0        0.66071
   2.61153        43       436         0        0.67560
   2.61840        41       439         0        0.65476
   2.62528        43       416         0        0.69643
   2.63216        38       407         0        0.59821
   2.63903        38       441         0        0.65179
   2.64591        35       428         0        0.66667
   2.65279        29       370         0        0.67560
   2.65966        20       436         0        0.65774
   2.66654        21       415         0        0.64881
   2.67342        39       400         0        0.66964
   2.68029        30       427         0        0.70536
   2.68717        35       483         0        0.70238
   2.69405        41       480         0        0.69643
   2.70092        39       443         0        0.63690
   2.70780        34       434         0        0.64583
   2.71468        24       414         0        0.66667
   2.72155        38       405         0        0.66964
   2.72757        25       399         0        0.62202
   2.73445        51       392         0        0.68452
   2.74133        28       481         0        0.68750
   2.74820        34       370         0        0.61905
   2.75508        29       457         0        0.66369
   2.76196        31       418         0        0.69940
   2.76883        32       421         0        0.67262
   2.77571        41       448         0        0.67857
   2.78259        35       399         0        0.63393
   2.78946        25       412         0        0.70536
   2.79634        27       417         0        0.65476
   2.80322        25       433         0        0.67857
   2.81009        29       357         0        0.63095
   2.81697        20       450         0        0.65774
   2.82385        35       429         0        0.69940
   2.83073        28       442         0        0.69643
   2.83760        27       407         0        0.64286
   2.84448        20       401         0        0.66964
   2.85136        29       435         0        0.65476
   2.85823        35       422         0        0.68155
   2.86511        57       417         0        0.66071
   2.87199        28       411         0        0.63988
   2.87886        57       430         0        0.69345
   2.88574        25       391         0        0.62798
   2.89262        59       419         0        0.66369
   2.89949        43       426         0        0.67262
   2.90637        62       383         0        0.66667
   2.91325        36       459         0        0.69048
   2.92012        45       401         0        0.66964
   2.92700        39       397         0        0.66369
   2.93388        32       352         0        0.62798
   2.94075        29       423         0        0.63690
   2.94763        31       414         0        0.67857
   2.95451        30       405         0        0.64583
   2.96138        27       407         0        0.65774
   2.96826        29       382         0        0.60417
   2.97514        22       346         0        0.63095
   2.98201        41       376         0        0.59821
   2.98889        29       378         0        0.59821
   2.99577        44       419         0        0.65774
   3.00264        25       368         0        0.63393
   3.00952        38       376         0        0.63690
   3.01640        30       408         0        0.63988
   3.02327        37       464         0        0.65476
   3.03015        44       429         0        0.68750
   3.03703        28       405         0        0.64881
   3.04390        41       424         0        0.67262
   3.05078        29       422         0        0.70536
   3.05766        32       398         0        0.70238
   3.06453        43       423         0        0.69345
   3.07141        36       446         0        0.69345
   3.07829        48       445         0        0.71726
   3.08516        53       447         0        0.70833
   3.09204        46       397         0        0.69643
   3.09892        46       533         0        0.70536
   3.10472        60       496         0        0.72321
   3.11160        48       550         0        0.71726
   3.11847        33       419         0        0.69048
   3.12535        20       435         0        0.67560
   3.13223        28       471         0        0.69643
   3.13910        39       427         0        0.70238
   3.14598        24       471         0        0.73214
   3.15286        40       487         0        0.67262
   3.15973        29       431         0        0.64583
   3.16661        38       440         0        0.69643
   3.17349        40       474         0        0.70536
   3.18036        40       404         0        0.67857
   3.18724        36       427         0        0.66369
   3.19412        26       409         0        0.68452
   3.20099        27       407         0        0.65179
   3.20787        23       424         0        0.55655
   3.21475        44       461         0        0.64286
   3.22162        28       408         0        0.64286
   3.22850        28       459         0        0.66369
   3.23538        29       490         0        0.66369
   3.24225        43       399         0        0.65476
   3.24913        28       386         0        0.63393
   3.25601        33       408         0        0.66071
   3.26288        34       405         0        0.61310
   3.26976        19       362         0        0.61012
   3.27664        23       375         0        0.62500
   3.28351        32       407         0        0.63988
   3.29039        37       346         0        0.59821
   3.29727        24       455         0        0.66071
   3.30414        44       412         0        0.63690
   3.31102        29       454         0        0.64881
   3.31790        40       414         0        0.61607
   3.32477        28       397         0        0.63095
   3.33165        40       479         0        0.70536
   3.33853        27       385         0        0.64881
   3.34540        30       372         0        0.58333
   3.35228        29       420         0        0.66369
   3.35916        20       412         0        0.66071
   3.36603        30       422         0        0.66369
   3.37291        16       431         0        0.63690
   3.37979        36       441         0        0.61905
   3.38666        39       419         0        0.61607
   3.39354        37       430         1        0.61905
   3.40042        38       388         0        0.60417
   3.40729        28       341         0        0.63095
   3.41417        30       383         0        0.60714
   3.42105        28       385         0        0.59226
   3.42792        40       388         0        0.61310
   3.43480        28       386         0        0.60714
   3.44168        47       426         0        0.65476
   3.44856        60       404         0        0.62798
   3.45543        35       395         0        0.58036
   3.46231        29       399         0        0.66071
   3.46919        36       370         0        0.59524
   3.47606        41       392         0        0.60714
   3.48120        37       353         0        0.56250
   3.48808        41       400         0        0.63393
   3.49496        39       394         0        0.59821
   3.50183        39       367         0        0.59821
   3.50871        32       367         0        0.62202
   3.51559        36       387         0        0.63095
   3.52246        39       380         0        0.61310
   3.52934        33       405         0        0.61905
   3.53622        27       464         0        0.64286
   3.54309        29       427         0        0.64286
   3.54997        36       384         0        0.57143
   3.55685        20       360         0        0.61607
   3.56372        26       368         0        0.58333
   3.57060        49       358         0        0.55060
   3.57748        32       377         0        0.57738
   3.58435        39       343         0        0.57738
   3.59123        35       345         0        0.63393
   3.59811        49       361         0        0.57738
   3.60498        24       411         0        0.60417
   3.61186        26       468         0        0.63393
   3.61874        24       424         0        0.58631
   3.62561        42       340         0        0.60119
   3.63249        44       358         0        0.58929
   3.63937        40       395         0        0.63690
   3.64624        31       409         0        0.60417
   3.65312        52       410         0        0.66369
   3.66000        45       468         0        0.64881
   3.66687        41       375         0        0.59524
   3.67375        21       441         0        0.59226
   3.68063        35       434         0        0.64583
   3.68750        38       415         0        0.62500
   3.69438        20       420         0        0.64881
   3.70126        29       424         0        0.66369
   3.70813        31       464         0        0.63988
   3.71501        29       465         0        0.67560
   3.72189        25       439         0        0.63690
   3.72876        41       445         0        0.66964
   3.73564        37       436         0        0.61607
   3.74252        33       449         0        0.60119
   3.74940        28       410         0        0.66964
   3.75627        32       508         0        0.67262
   3.76315        43       410         0        0.64881
   3.77003        26       425         0        0.63988
   3.77690        27       434         0        0.68750
   3.78378        36       469         0        0.67857
   3.79066        26       422         0        0.65774
   3.79753        28       408         0        0.66071
   3.80441        28       440         0        0.61310
   3.81129        42       471         0        0.65476
   3.81816        31       458         0        0.66667
   3.82504        47       464         0        0.66369
   3.83192        32       432         0        0.67560
   3.83879        32       467         0        0.65179
   3.84567        30       385         0        0.61310
   3.85255        20       396         0        0.62500
   3.85749        29       387         0        0.61607
   3.86436        25       338         0        0.59524
   3.87124        32       308         0        0.55655
   3.87812        38       331         0        0.58036
   3.88499        42       401         0        0.65179
   3.89187        40       406         0        0.59524
   3.89875        31       389         0        0.64286
   3.90563        70       416         0        0.64583
   3.91250        39       429         0        0.62798
   3.91938        30       413         0        0.64286
   3.92626        35       438         0        0.65179
   3.93313        38       489         0        0.65774
   3.94001        53       429         0        0.66667
   3.94689        55       461         0        0.62500
   3.95376        39       447         0        0.64881
   3.96064        42       417         0        0.61607
   3.96752        39       441         0        0.65476
   3.97439        48       452         0        0.62798
   3.98127        52       469         0        0.63393
   3.98815        48       411         0        0.66071
   3.99502        37       409         0        0.66369
   4.00190        29       442         0        0.63988
   4.00878        70       481         0        0.70536
   4.01565        68       404         0        0.66667
   4.02253        54       465         0        0.72024
   4.02941        35       463         0        0.68750
   4.03628        42       459         0        0.68155
   4.04316        41       440         0        0.67262
   4.05004        54       414         0        0.67262
   4.05691        38       438         0        0.71131
   4.06379        85       472         0        0.74107
   4.07067        41       480         0        0.70536
   4.07754        50       482         0        0.70536
   4.08442        51       476         0        0.69345
   4.09130        63       478         0        0.71429
   4.09817        64       447         0        0.70238
   4.10505        43       433         0        0.66071
   4.11193        57       425         0        0.70833
   4.11880        44       419         0        0.62798
   4.12568        38       459         0        0.66369
   4.13256        40       451         0        0.67560
   4.13943        47       441         0        0.69940
   4.14631        39       458         0        0.67262
   4.15319        42       429         0        0.66964
   4.16006        57       470         0        0.75298
   4.16694        35       405         0        0.63393
   4.17382        37       443         0        0.68155
   4.18069        47       389         0        0.65179
   4.18757        47       402         0        0.65476
   4.19445        41       394         0        0.64881
   4.20132        41       434         0        0.62500
   4.20820        34       407         0        0.59821
   4.21508        37       341         0        0.55655
   4.22195        37       374         0        0.61905
   4.22883        38       364         0        0.59524
   4.23368        43       370         0        0.61012
   4.24056        39       344         0        0.55060
   4.24743        60       373         0        0.55655
   4.25431        57       417         0        0.59821
   4.26119        41       446         0        0.62500
   4.26806        46       413         0        0.59524
   4.27494        49       373         0        0.55060
   4.28182        50       388         0        0.58036
   4.28869        34       396         0        0.59226
   4.29557        20       305         0        0.49405
   4.30245        78       397         0        0.59226
   4.30932        37       355         0        0.50595
   4.31620        46       428         0        0.58929
   4.32308        60       410         0        0.56845
   4.32995       109       435         0        0.62202
   4.33683        48       440         0        0.57738
   4.34371        46       400         0        0.53274
   4.35058        33       395         0        0.51786
   4.35746        58       367         0        0.55655
   4.36434        38       424         0        0.62798
   4.37121        69       465         0        0.64286
   4.37809        40       393         0        0.57143
   4.38497        43       348         0        0.52381
   4.39184        44       363         0        0.56250
   4.39872        26       439         0        0.59524
   4.40560        66       403         0        0.56845
   4.41247        30       399         0        0.53274
   4.41935        52       351         0        0.53274
   4.42623        47       387         0        0.56548
   4.43310        44       354         1        0.52679
   4.43998        37       430         0        0.55357
   4.44686        37       372         0        0.52679
   4.45373        50       406         0        0.53869
   4.46061        31       431         0        0.61310
   4.46749        41       400         0        0.55952
   4.47436        32       372         0        0.57440
   4.48124        33       426         0        0.59524
   4.48812        32       430         0        0.62798
   4.49499        27       422         0        0.63690
   4.50187        27       437         0        0.66071
   4.50875        20       433         0        0.67262
   4.51563        28       467         0        0.63095
   4.52250        21       418         0        0.64583
   4.52938        34       446         0        0.70536
   4.53626        34       428         0        0.66071
   4.54313        42       416         0        0.66369
   4.55001        28       414         0        0.63393
   4.55689        62       405         0        0.65179
   4.56376        60       391         0        0.62798
   4.57064        61       402         0        0.62202
   4.57752        59       384         1        0.59821
   4.58439        66       390         0        0.62500
   4.59127        65       413         0        0.61905
   4.59815        52       491         0        0.65476
   4.60502        58       513         0        0.70833
   4.60955        55       484         0        0.65476
   4.61643        49       473         0        0.65476
   4.62330        58       405         0        0.63393
   4.63018        49       473         0        0.69643
   4.63706        51       374         0        0.62500
   4.64393        62       496         0        0.69345
   4.65081        52       446         0        0.64286
   4.65769        48       442         0        0.66071
   4.66456        40       457         0        0.67560
   4.67144        60       468         0        0.67262
   4.67832        57       532         0        0.67560
   4.68519        54       453         0        0.69345
   4.69207        48       445         0        0.68750
   4.69895        69       491         0        0.68750
   4.70582        48       430         0        0.66071
   4.71270        51       478         0        0.66667
   4.71958        49       474         0        0.64583
   4.72645        62       451         0        0.67857
   4.73333        58       442         0        0.65774
   4.74021        53       457         0        0.70536
   4.74708        52       417         0        0.62202
   4.75396        30       452         0        0.64881
   4.76084        56       481         0        0.64881
   4.76771        42       424         0        0.65774
   4.77459        34       356         0        0.59226
   4.78147        44       382         0        0.61310
   4.78834        47       484         0        0.65774
   4.79522        59       452         0        0.69048
   4.80210        36       403         0        0.62500
   4.80897        54       447         0        0.65476
   4.81585        46       488         0        0.65476
   4.82273        45       491         0        0.68155
   4.82960        50       433         0        0.61310
   4.83648        49       498         0        0.67857
   4.84336        51       444         0        0.64583
   4.85023        69       431         0        0.65179
   4.85711        76       442         0        0.71726
   4.86399        38       443         0        0.65774
   4.87086        59       459         0        0.66667
   4.87774        52       399         0        0.61607
   4.88462        46       369         0        0.61905
   4.89149        56       446         0        0.63095
   4.89837        59       363         0        0.52679
   4.90525        57       405         0        0.62500
   4.91212        71       425         0        0.59524
   4.91900        43       423         0        0.61607
   4.92588        53       421         0        0.65179
   4.93275        58       445         0        0.64286
   4.93963        49       432         0        0.63690
   4.94651        56       422         0        0.62798
   4.95338        63       445         0        0.62798
   4.96026        51       437         0        0.63690
   4.96714        34       434         0        0.67560
   4.97401        54       450         0        0.65476
   4.98089        65       438         0        0.64881
   4.98595        53       420         0        0.66369
   4.99283        60       427         0        0.68452
   4.99970        60       452         0        0.65774
   5.00658        40       352         0        0.61905
   5.01346        53       423         0        0.69940
   5.02033        52       359         0        0.59226
   5.02721        59       380         0        0.61310
   5.03409        40       397         0        0.65476
   5.04096        50       375         0        0.65476
   5.04784        65       455         0        0.68452
   5.05472        51       422         0        0.63393
   5.06159        44       364         0        0.59821
   5.06847        41       359         0        0.58036
   5.07535        46       402         0        0.58929
   5.08222        64       480         0        0.65774
   5.08910        58       429         0        0.61310
   5.09598        76       415         0        0.67262
   5.10286        63       374         0        0.62500
   5.10973        52       411         0        0.62202
   5.11661        69       460         0        0.65179
   5.12349        54       430         0        0.63690
   5.13036        64       420         0        0.63988
   5.13724        51       417         0        0.62798
   5.14412        55       382         0        0.55060
   5.15099        70       386         0        0.59226
   5.15787        69       423         0        0.65774
   5.16475        60       412         0        0.61607
   5.17162        50       442         0        0.58036
   5.17850        58       455         0        0.59821
   5.18538        60       426         0        0.62798
   5.19225        35       418         0        0.56845
   5.19913        81       428         0        0.61905
   5.20601        61       413         0        0.61905
   5.21288        61       436         0        0.63393
   5.21976        60       409         0        0.59226
   5.22664        61       401         0        0.63095
   5.23351        63       478         0        0.61310
   5.24039        72       398         0        0.58929
   5.24727        54       357         0        0.61310
   5.25414        40       408         0        0.61607
   5.26102        69       391         0        0.61310
   5.26790        63       411         0        0.58036
   5.27477        51       398         0        0.58036
   5.28165        67       464         0        0.69048
   5.28853        60       449         0        0.67262
   5.29540        43       391         0        0.63393
   5.30228        47       379         0        0.62500
   5.30916        65       379         0        0.63690
   5.31603        55       471         0        0.63988
   5.32291        51       448         0        0.62798
   5.32979        57       406         0        0.64881
   5.33666        43       384         0        0.63095
   5.34354        50       431         0        0.65476
   5.35042        54       395         0        0.63988
   5.35729        46       507         0        0.68750
   5.36186        65       459         0        0.67857
   5.36874        59       412         0        0.63690
   5.37562        49       439         0        0.69345
   5.38249        59       396         0        0.64286
   5.38937        68       399         0        0.62798
   5.39625        45       377         0        0.62202
   5.40312        54       395         0        0.60417
   5.41000        74       399         0        0.63095
   5.41688        63       430         0        0.66667
   5.42375        48       458         0        0.66964
   5.43063        62       421         0        0.65774
   5.43751        50       445         0        0.64286
   5.44438        66       437         0        0.64881
   5.45126        69       375         0        0.63095
   5.45814        69       417         0        0.67560
   5.46501        77       416         0        0.66369
   5.47189        56       374         0        0.63393
   5.47877        52       444         0        0.67262
   5.48564        68       408         0        0.65476
   5.49252        66       490         0        0.65179
   5.49940        72       455         0        0.67560
   5.50627        73       497         0        0.69940
   5.51315        63       406         0        0.69048
   5.52003        65       413         0        0.63690
   5.52690        50       410         0        0.65476
   5.53378        68       492         0        0.71131
   5.54066        56       398         0        0.65774
   5.54753        63       393         0        0.67857
   5.55441        78       374         0        0.67560
   5.56129        61       416         0        0.69048
   5.56816        57       384         0        0.65476
   5.57504        61       438         0        0.62798
   5.58192        57       394         0        0.61607
   5.58880        59       421         0        0.65179
   5.59567        67       383         0        0.62500
   5.60255       104       374         0        0.67857
   5.60943        63       388         0        0.62202
   5.61630        58       387         0        0.58929
   5.62318        64       408         0        0.61607
   5.63006        59       397         0        0.63095
   5.63693        52       393         0        0.66369
   5.64381        67       371         0        0.63690
   5.65069        62       347         0        0.64286
   5.65756        52       459         0        0.67560
   5.66444        46       442         0        0.63988
   5.67132        64       328         0        0.59821
   5.67819        70       440         0        0.63095
   5.68507        74       394         0        0.64881
   5.69195        59       359         0        0.56250
   5.69882        51       369         0        0.58929
   5.70570        90       358         0        0.62798
   5.71258        80       381         0        0.65179
   5.71945        91       323         0        0.60119
   5.72633        57       364         0        0.65179
   5.73321        50       359         0        0.63095
   5.73790        77       426         0        0.64881
   5.74477        66       416         0        0.60119
   5.75165        71       363         0        0.61607
   5.75853        75       367         0        0.63393
   5.76540        89       377         0        0.64286
   5.77228        72       342         0        0.61607
   5.77916        85       302         0        0.64286
   5.78603        73       407         0        0.66369
   5.79291       131       409         0        0.69940
   5.79979       108       391         0        0.72321
   5.80666        89       413         0        0.67857
   5.81354        90       386         0        0.66667
   5.82042        94       406         0        0.68155
   5.82729       107       401         0        0.68750
   5.83417        67       407         0        0.67262
   5.84105        58       353         0        0.69345
   5.84792        74       333         0        0.61905
   5.85480        49       411         0        0.65179
   5.86168        65       377         0        0.63690
   5.86855        87       343         0        0.65179
   5.87543        59       345         0        0.60417
   5.88231        93       428         0        0.63393
   5.88918        79       404         0        0.65774
   5.89606        73       424         0        0.67857
   5.90294        91       412         0        0.68452
   5.90981        91       411         0        0.66071
   5.91669        67       415         0        0.63690
   5.92357        98       417         0        0.68452
   5.93044        77       390         0        0.69345
   5.93732        75       388         0        0.66964
   5.94420        80       421         0        0.70833
   5.95107        76       371         0        0.69643
   5.95795        65       422         0        0.74107
   5.96483        62       462         0        0.73512
   5.97170        59       357         0        0.63095
   5.97858        55       473         0        0.70238
   5.98546        59       437         0        0.69345
   5.99233        93       401         0        0.66369
   5.99921        64       380         0        0.64583
   6.00609        59       424         0        0.63988
   6.01296        56       411         0        0.63988
   6.01984        66       394         0        0.66964
   6.02672        55       402         0        0.65774
   6.03359        67       449         0        0.68452
   6.04047        63       382         0        0.62500
   6.04735        48       398         0        0.63690
   6.05422        42       384         0        0.63988
   6.06110        56       425         0        0.64286
   6.06798        82       402         0        0.63690
   6.07485        58       398         0        0.67262
   6.08173        60       332         0        0.60119
   6.08861        46       345         0        0.62500
   6.09548        55       442         0        0.63095
   6.10236        82       347         0        0.66369
   6.10924        91       409         0        0.72619
   6.11437        86       396         0        0.73810
   6.12124        73       337         0        0.61607
   6.12812        52       325         0        0.58929
   6.13500        62       404         0        0.68750
   6.14187        61       379         0        0.63988
   6.14875        65       393         0        0.65476
   6.15563        70       372         0        0.65774
   6.16250       105       379         0        0.70833
   6.16938        70       360         0        0.63393
   6.17626        52       374         0        0.63095
   6.18313        76       334         0        0.64583
   6.19001        61       346         0        0.64286
   6.19689        77       396         0        0.67560
   6.20376        69       408         0        0.65476
   6.21064        63       377         0        0.69048
   6.21752        48       399         0        0.62500
   6.22439        57       396         0        0.67857
   6.23127        76       381         0        0.68155
   6.23815        57       362         0        0.66071
   6.24502        77       404         0        0.65476
   6.25190        60       411         0        0.67560
   6.25878        91       379         0        0.67262
   6.26565        67       395         0        0.69048
   6.27253        92       431         0        0.70238
   6.27941        62       418         0        0.66071
   6.28628        66       432         0        0.68750
   6.29316        68       396         0        0.67857
   6.30004        72       351         0        0.68155
   6.30691        71       409         0        0.62500
   6.31379        51       385         0        0.66964
   6.32067        75       378         0        0.63393
   6.32754        78       362         0        0.66964
   6.33442        77       406         0        0.69048
   6.34130        92       352         0        0.69940
   6.34817        82       383         0        0.68750
   6.35505        88       363         0        0.63690
   6.36193        90       358         0        0.68155
   6.36880        79       351         0        0.68750
   6.37568        88       337         0        0.69940
   6.38256        93       384         0        0.72321
   6.38943        98       419         0        0.72321
   6.39631        98       416         0        0.70536
   6.40319        89       428         0        0.68155
   6.41007        79       411         0        0.68452
   6.41694        93       431         0        0.68452
   6.42382       112       394         0        0.71726
   6.43070        89       482         0        0.72619
   6.43757       106       415         0        0.71429
   6.44445       105       438         0        0.75595
   6.45133       100       390         0        0.67857
   6.45820        84       396         0        0.70833
   6.46508        75       384         0        0.69345
   6.47196        98       458         0        0.71131
   6.47883       102       453         0        0.73512
   6.48571       114       399         0        0.68750
   6.49064       134       408         0        0.69345
   6.49751       100       411         0        0.69345
   6.50439       102       391         0        0.69345
   6.51127       105       417         0        0.71131
   6.51814        80       418         0        0.67560
   6.52502        95       425         0        0.71131
   6.53190        88       407         0        0.70833
   6.53877       114       332         0        0.67857
   6.54565        99       440         0        0.68452
   6.55253        94       358         0        0.68750
   6.55940        95       438         0        0.67857
   6.56628        62       426         0        0.69345
   6.57316        93       399         0        0.65476
   6.58003        79       385         0        0.65476
   6.58691        86       410         0        0.70833
   6.59379        83       422         0        0.67560
   6.60066        95       465         0        0.75000
   6.60754        85       376         0        0.69345
   6.61442        70       327         0        0.62798
   6.62129        72       391         0        0.64583
   6.62817        84       350         0        0.65774
   6.63505        73       304         0        0.62202
   6.64192        57       304         0        0.59226
   6.64880        91       350         0        0.61012
   6.65568        99       362         0        0.65774
   6.66255        80       356         0        0.60417
   6.66943        71       305         0        0.62798
   6.67631        48       374         0        0.63095
   6.68318       108       317         0        0.64286
   6.69006        52       394         0        0.63690
   6.69694        58       375         0        0.62798
   6.70381        68       355         0        0.66667
   6.71069        66       385         0        0.66667
   6.71757        73       373         0        0.62798
   6.72444        78       384         0        0.66071
   6.73132        87       368         0        0.64583
   6.73820        70       345         0        0.64881
   6.74507        43       306         0        0.60714
   6.75195        70       344         0        0.63690
   6.75883        57       338         0        0.65476
   6.76570        62       364         0        0.66667
   6.77258        69       402         0        0.64881
   6.77946       110       385         0        0.71429
   6.78633        82       379         0        0.71726
   6.79321        68       398         0        0.67262
   6.80009        79       353         0        0.67560
   6.80696        70       379         0        0.67857
   6.81384        84       417         0        0.72619
   6.82072        84       366         0        0.67857
   6.82759        84       329         0        0.66369
   6.83447        91       375         0        0.66071
   6.84135        95       402         0        0.69048
   6.84822        62       353         0        0.67560
   6.85510        91       413         0        0.66667
   6.86198        58       371         0        0.66667
   6.86625        72       352         0        0.67857
   6.87313        62       360         0        0.66369
   6.88001        79       406         0        0.70833
   6.88688        74       423         0        0.68155
   6.89376        66       382         0        0.66667
   6.90064        54       384         0        0.66071
   6.90751        60       417         0        0.66369
   6.91439        88       410         0        0.69940
   6.92127        69       376         0        0.64286
   6.92814        95       388         0        0.70536
   6.93502        80       378         0        0.67262
   6.94190        83       415         0        0.69940
   6.94877        90       444         0        0.75298
   6.95565        77       399         0        0.69345
   6.96253        71       381         0        0.65476
   6.96940        76       394         0        0.68750
   6.97628        79       408         0        0.66369
   6.98316        76       427         0        0.71131
   6.99004        92       421         0        0.68155
   6.99691        89       380         0        0.68452
   7.00379        95       351         0        0.69048
   7.01067        72       365         0        0.68750
   7.01754        85       396         0        0.71429
   7.02442        73       365         0        0.64583
   7.03130        61       387         0        0.64286
   7.03817        97       377         0        0.69345
   7.04505        68       395         0        0.68750
   7.05193        97       398         0        0.68155
   7.05880        82       419         0        0.66369
   7.06568        87       424         0        0.69940
   7.07256        56       381         0        0.64286
   7.07943        92       395         0        0.70833
   7.08631        73       420         0        0.65774
   7.09319        84       362         0        0.66964
   7.10006        87       401         0        0.65774
   7.10694        50       391         0        0.65774
   7.11382        66       394         0        0.67560
   7.12069        57       386         0        0.64881
   7.12757        73       405         0        0.66071
   7.13445        69       387         0        0.66964
   7.14132        83       397         0        0.70833
   7.14820        88       428         0        0.66667
   7.15508        62       361         0        0.63095
   7.16195        81       359         0        0.63988
   7.16883       103       376         0        0.71131
   7.17571        83       376         0        0.67857
   7.18258        85       389         0        0.67560
   7.18946        68       351         0        0.65179
   7.19634        75       355         0        0.65476
   7.20321        67       342         0        0.63690
   7.21009        70       351         0        0.66667
   7.21697        81       333         0        0.67262
   7.22384        90       334         0        0.70536
   7.23072        88       391         0        0.70238
   7.23760        74       366         0        0.63988
   7.24246        76       345         0        0.67262
   7.24934        75       417         0        0.70833
   7.25622        87       423         0        0.70833
   7.26309        69       333         0        0.67262
   7.26997        75       412         0        0.76786
   7.27685        75       374         0        0.68155
   7.28372        64       417         0        0.75298
   7.29060        88       376         0        0.75595
   7.29748        80       312         0        0.66964
   7.30435        83       415         0        0.72917
   7.31123        82       411         0        0.71726
   7.31811        90       385         0        0.70833
   7.32498        84       373         3        0.68452
   7.33186        93       436         0        0.72024
   7.33874       100       403         0        0.70536
   7.34561        84       382         0        0.68750
   7.35249        86       390         0        0.69345
   7.35937       110       384         0        0.66964
   7.36624        76       373         0        0.67262
   7.37312        86       437         0        0.72917
   7.38000        92       428         0        0.73214
   7.38687        75       460         0        0.73810
   7.39375        87       397         0        0.72024
   7.40063        80       390         0        0.72024
   7.40750        81       421         0        0.72619
   7.41438        68       378         0        0.68155
   7.42126        88       470         0        0.70833
   7.42813        85       429         0        0.67857
   7.43501        84       419         0        0.68155
   7.44189        76       367         0        0.68452
   7.44876        90       398         0        0.70536
   7.45564        94       394         0        0.73810
   7.46252        71       465         0        0.73810
   7.46939        86       413         0        0.74107
   7.47627        81       426         0        0.72917
   7.48315        78       417         0        0.69643
   7.49002        83       413         1        0.72619
   7.49690        84       433         0        0.72917
   7.50378        88       387         0        0.69048
   7.51065        94       383         0        0.72619
   7.51753        79       393         0        0.70833
   7.52441        67       373         0        0.66964
   7.53128        81       396         0        0.69643
   7.53816        92       381         0        0.72619
   7.54504       102       382         0        0.67262
   7.55191        92       370         0        0.68452
   7.55879        64       422         0        0.76488
   7.56567        72       381         0        0.72619
   7.57255        78       408         0        0.66369
   7.57942        77       422         0        0.69048
   7.58630       107       409         0        0.71726
   7.59318        76       376         0        0.66964
   7.60005        74       401         0        0.68155
   7.60693        73       378         0        0.72024
   7.61381        83       420         0        0.74405
   7.61919        88       334         0        0.69643
   7.62607       101       415         0        0.70536
   7.63294        76       408         0        0.71131
   7.63982        80       373         0        0.70238
   7.64670        88       373         0        0.68155
   7.65357        77       359         0        0.68155
   7.66045        99       357         0        0.67262
   7.66733        73       391         0        0.68452
   7.67420        80       397         0        0.70536
   7.68108        90       436         0        0.75000
   7.68796        77       402         0        0.69940
   7.69483        80       389         0        0.67857
   7.70171        80       376         0        0.65774
   7.70859        82       383         0        0.69940
   7.71546        96       328         0        0.63095
   7.72234        80       416         0        0.65179
   7.72922        76       400         0        0.67262
   7.73609        79       377         0        0.63095
   7.74297        51       348         0        0.66667
   7.74985        71       350         0        0.63988
   7.75672        77       373         0        0.65774
   7.76360        61       434         0        0.68452
   7.77048        77       382         0        0.67262
   7.77735        86       408         0        0.68155
   7.78423        87       388         0        0.68155
   7.79111        69       389         0        0.69345
   7.79798        78       426         0        0.62500
   7.80486        74       454         0        0.69643
   7.81174        67       412         0        0.69940
   7.81861        63       429         0        0.69643
   7.82549        72       437         0        0.70238
   7.83237        86       438         0        0.70833
   7.83924        78       351         0        0.67262
   7.84612        69       419         0        0.71131
   7.85300        74       446         0        0.69345
   7.85987        93       491         0        0.69940
   7.86675        85       378         0        0.65774
   7.87363        89       351         0        0.67857
   7.88050        67       372         0        0.67857
   7.88738        77       456         0        0.75000
   7.89426        82       414         0        0.70238
   7.90113        77       433         0        0.72321
   7.90801        81       403         0        0.72321
   7.91489        79       384         0        0.69643
   7.92176        78       387         0        0.69048
   7.92864        94       382         0        0.71429
   7.93552        71       380         0        0.71429
   7.94239        74       365         0        0.68750
   7.94927        65       388         0        0.71131
   7.95615        60       361         0        0.68750
   7.96303        72       377         0        0.68452
   7.96990        83       387         0        0.72321
   7.97678        68       397         0        0.67857
   7.98366        80       378         0        0.75000
   7.99053        87       417         0        0.70536
   7.99553        79       371         0        0.67560
   8.00241        68       403         0        0.69940
   8.00929        84       398         0        0.70536
   8.01616        79       368         0        0.70833
   8.02304        87       412         0        0.68750
   8.02992        86       366         0        0.68452
   8.03679        83       350         0        0.68750
   8.04367        87       376         0        0.64881
   8.05055        73       383         0        0.68750
   8.05742        73       408         0        0.71131
   8.06430        76       381         0        0.69643
   8.07118        77       392         0        0.68155
   8.07805       102       392         0        0.72024
   8.08493        81       357         0        0.69048
   8.09181        82       382         0        0.70238
   8.09868       102       343         0        0.71131
   8.10556        95       398         0        0.71726
   8.11244        81       385         0        0.69643
   8.11931        88       366         0        0.69940
   8.12619        72       354         0        0.67560
   8.13307        73       396         0        0.67262
   8.13994        72       353         0        0.71131
   8.14682        95       362         0        0.68750
   8.15370        85       382         0        0.67560
   8.16057        99       411         0        0.69643
   8.16745        80       382         0        0.69940
   8.17433        73       359         0        0.66667
   8.18120        79       419         0        0.69345
   8.18808        72       360         0        0.71429
   8.19496        69       325         0        0.69048
   8.20183        90       402         0        0.73512
   8.20871        79       345         0        0.68155
   8.21559        82       360         0        0.70238
   8.22247        77       375         0        0.63690
   8.22934        73       359         0        0.69048
   8.23622        77       370         0        0.69940
   8.24310        74       366         0        0.66071
   8.24997        59       391         0        0.70238
   8.25685        86       453         0        0.71131
   8.26373        73       363         0        0.66667
   8.27060        94       418         0        0.67857
   8.27748        90       413         0        0.71726
   8.28436        96       377         0        0.67262
   8.29123        80       359         0        0.70238
   8.29811        98       469         0        0.73512
   8.30499        87       404         0        0.69048
   8.31186        77       415         0        0.69643
   8.31874        75       404         0        0.68750
   8.32562        78       328         0        0.69940
   8.33249        78       394         0        0.72024
   8.33937        74       371         0        0.67560
   8.34625        89       339         0        0.68750
   8.35312        84       412         0        0.65476
   8.36000        74       415         0        0.69048
   8.36688        90       353         0        0.69940
   8.37220       105       408         0        0.69940
   8.37907        83       413         0        0.71131
   8.38595        61       428         0        0.70238
   8.39283        65       375         0        0.69048
   8.39970       105       380         0        0.71726
   8.40658        71       398         0        0.73214
   8.41346        75       441         0        0.73214
   8.42033        84       448         0        0.70536
   8.42721        67       388         0        0.71131
   8.43409        71       398         0        0.66964
   8.44096        86       448         0        0.70833
   8.44784        65       411         0        0.68750
   8.45472        64       377         0        0.67560
   8.46159        56       373         0        0.71131
   8.46847        72       415         0        0.69940
   8.47535        50       436         0        0.69345
   8.48222        69       393         0        0.69643
   8.48910        77       343         0        0.68155
   8.49598        67       423         0        0.71726
   8.50285        87       424         0        0.67560
   8.50973        80       421         0        0.67262
   8.51661        85       452         0        0.73214
   8.52349        69       426         0        0.72321
   8.53036        56       370         0        0.67262
   8.53724        78       362         0        0.64881
   8.54412        55       405         0        0.66964
   8.55099        60       453         0        0.71131
   8.55787        91       385         0        0.68155
   8.56475        82       377         0        0.65774
   8.57162        81       381         0        0.68750
   8.57850        85       361         0        0.62500
   8.58538        72       321         0        0.68750
   8.59225        74       365         1        0.69345
   8.59913        69       370         0        0.61905
   8.60601        79       349         0        0.64881
   8.61288        84       377         0        0.69643
   8.61976        75       399         0        0.70833
   8.62664        70       375         0        0.66667
   8.63351        90       373         0        0.69940
   8.64039        86       451         0        0.69048
   8.64727        77       373         0        0.69345
   8.65414        97       424         0        0.72024
   8.66102        76       388         0        0.67262
   8.66790       100       454         0        0.70536
   8.67477        95       355         0        0.69345
   8.68165        74       375         0        0.66667
   8.68853        82       375         0        0.66071
   8.69540        82       422         0        0.72619
   8.70228        79       373         0        0.67857
   8.70916        81       380         0        0.70833
   8.71603        67       341         0        0.67857
   8.72291        63       356         0        0.69048
   8.72979        76       419         0        0.69345
   8.73666        75       406         0        0.66667
   8.74354        75       405         0        0.66071
   8.74860        61       363         1        0.64881
   8.75547        76       383         0        0.67560
   8.76235        82       374         0        0.66071
   8.76923        85       380         0        0.68155
   8.77610        72       417         0        0.70833
   8.78298        77       383         0        0.66369
   8.78986        99       321         0        0.67262
   8.79673        73       348         0        0.64583
   8.80361        75       434         0        0.68750
   8.81049        80       389         0        0.67560
   8.81736        91       376         0        0.68750
   8.82424        73       411         0        0.66369
   8.83112        76       396         0        0.69345
   8.83799        75       377         0        0.66667
   8.84487        72       378         0        0.71726
   8.85175        57       405         0        0.69940
   8.85863        64       406         0        0.68750
   8.86550        77       396         0        0.69345
   8.87238        67       367         0        0.67262
   8.87926        74       395         0        0.69643
   8.88613        66       386         0        0.65476
   8.89301        64       361         0        0.69048
   8.89989        67       362         0        0.65774
   8.90676        77       400         0        0.68750
   8.91364        85       377         0        0.66964
   8.92052        82       384         0        0.67560
   8.92739        70       372         0        0.68750
   8.93427        76       334         0        0.65179
   8.94115        78       382         0        0.68452
   8.94802        57       417         0        0.71429
   8.95490        61       417         0        0.69940
   8.96178        59       397         0        0.66964
   8.96865        62       380         0        0.67857
   8.97553       115       370         0        0.69643
   8.98241        83       351         0        0.67560
   8.98928        80       363         0        0.66369
   8.99616        76       368         0        0.66071
   9.00304        66       353         0        0.66964
   9.00991        56       397         0        0.68155
   9.01679        72       376         0        0.61905
   9.02367        61       416         0        0.64583
   9.03054        72       382         0        0.63988
   9.03742        76       356         0        0.68750
   9.04430        70       396         0        0.69940
   9.05117        68       445         0        0.71429
   9.05805        75       443         0        0.71726
   9.06493        69       341         0        0.65179
   9.07180        59       405         0        0.69048
   9.07868        80       461         0        0.73214
   9.08556        71       473         0        0.75000
   9.09243        60       424         0        0.65476
   9.09931        65       421         0        0.70238
   9.10619        79       418         0        0.68750
   9.11306        71       358         0        0.65179
   9.11994        66       439         0        0.70238
   9.12509        61       359         0        0.64881
   9.13197        81       420         0        0.69345
   9.13884        90       392         0        0.65179
   9.14572        76       325         0        0.64881
   9.15260        66       315         0        0.63988
   9.15947        87       450         0        0.72619
   9.16635        89       444         0        0.71429
   9.17323        75       444         0        0.73810
   9.18010        69       461         0        0.68750
   9.18698        71       422         0        0.70536
   9.19386        72       414         0        0.68452
   9.20073       105       451         0        0.71726
   9.20761        88       396         0        0.68452
   9.21449        80       442         0        0.67560
   9.22136        79       394         0        0.68155
   9.22824        69       399         0        0.67262
   9.23512        89       419         0        0.72619
   9.24199        67       416         0        0.69643
   9.24887        57       395         0        0.66071
   9.25575        73       449         0        0.70833
   9.26262        84       383         0        0.64286
   9.26950        86       431         0        0.65774
   9.27638        99       400         0        0.70238
   9.28325        82       396         0        0.68452
   9.29013        97       399         0        0.66667
   9.29701        63       482         0        0.68155
   9.30388        70       412         0        0.66071
   9.31076        77       400         0        0.70238
   9.31764        77       430         0        0.69643
   9.32451        68       468         0        0.70833
   9.33139        78       392         0        0.64881
   9.33827        62       382         0        0.69048
   9.34515        75       411         0        0.67857
   9.35202        61       393         0        0.69048
   9.35890        58       372         0        0.65179
   9.36578        68       390         0        0.68452
   9.37265        87       424         0        0.66667
   9.37953        74       359         0        0.67560
   9.38641        77       387         0        0.69940
   9.39328        69       483         0        0.71429
   9.40016        76       397         0        0.65476
   9.40704        62       418         0        0.68750
   9.41391        84       445         0        0.69345
   9.42079        81       395         0        0.69345
   9.42767        69       425         0        0.69643
   9.43454        82       389         0        0.69048
   9.44142        91       384         0        0.68750
   9.44830        74       347         0        0.65774
   9.45517        79       389         0        0.68452
   9.46205        84       402         0        0.70833
   9.46893        94       394         0        0.68452
   9.47580        80       464         0        0.75298
   9.48268        76       462         0        0.73512
   9.48956        72       448         0        0.74107
   9.49643        69       469         0        0.69345
   9.50137        67       432         0        0.70536
