   0.00586         0         0   0.00000
   0.01202         0         0   0.00000
   0.01202         0         0   0.00000
   0.01827         0         0   0.00000
   0.01857         0         0   0.00000
   0.02492         0         0   0.00000
   0.02557         0         0   0.00000
   0.03204         0         0   0.00000
   0.03312         0         0   0.00000
   0.03965         0         0   0.00000
   0.04484         0         0   0.00000
   0.05143         0         0   0.00000
   0.05702        14         0   0.02083
   0.06368         0         0   0.00000
   0.07035         4         0   0.00595
   0.07390         4         0   0.00595
   0.08065        14         0   0.02083
   0.08740         4         0   0.00595
   0.09415         0         0   0.00000
   0.09589         0         0   0.00000
   0.10277        14         0   0.05952
   0.10965        26         0   0.04762
   0.11652        18         0   0.04464
   0.12340        10         0   0.05952
   0.13028        18         0   0.02679
   0.13715        16         0   0.05060
   0.14403         8         6   0.02976
   0.15091        24         0   0.07440
   0.15778        20         4   0.07738
   0.16466         0         0   0.00000
   0.17154         4        11   0.07143
   0.17841         4         0   0.02083
   0.18529         8         8   0.06845
   0.19217         4         0   0.02679
   0.19904         0         0   0.02381
   0.20592         4        13   0.09524
   0.21280        12         7   0.05060
   0.21967        12        10   0.05952
   0.22655        22         8   0.07143
   0.23343        12        13   0.10417
   0.24030         8         4   0.02083
   0.24718        10         0   0.01488
   0.25406        12         0   0.03869
   0.26093         8         0   0.03274
   0.26781         0         0   0.00000
   0.27469         4         8   0.02976
   0.28156         4        14   0.06548
   0.28844        20        23   0.09821
   0.29532        26         0   0.05060
   0.30219         4         6   0.02381
   0.30907        42         4   0.07440
   0.31595        32         8   0.11310
   0.32282        20         6   0.07143
   0.32970         8        10   0.08333
   0.33658         0         0   0.01190
   0.34345         0        23   0.05952
   0.35033         8        26   0.07738
   0.35721         4        14   0.08631
   0.36408         0        17   0.10119
   0.37096        22        20   0.09524
   0.37784         4         8   0.04762
   0.38471        18        13   0.08333
   0.39159        20        12   0.10714
   0.39847        18         9   0.05952
   0.40534        28        12   0.10417
   0.41222        14        16   0.07143
   0.41910        14        57   0.15774
   0.42597        20        33   0.12798
   0.43285        22        45   0.16667
   0.43973        10        45   0.18750
   0.44660         8        40   0.11607
   0.45348         8        64   0.19048
   0.46036         6        64   0.19048
   0.46724        16        54   0.17560
   0.46934        20        53   0.15774
   0.47622         8        49   0.12202
   0.48310         2        57   0.11012
   0.48997        18        56   0.14881
   0.49685        10        38   0.11310
   0.50373        22        43   0.12500
   0.51060        18        53   0.16964
   0.51748        14        61   0.15774
   0.52436         8        56   0.15179
   0.53123        10        61   0.16964
   0.53811        16        57   0.17262
   0.54499         8        47   0.17857
   0.55186         8        67   0.15476
   0.55874        16        38   0.17560
   0.56562        18        49   0.15774
   0.57249        14        60   0.15774
   0.57937        22        27   0.11607
   0.58625        26        74   0.21131
   0.59312         4        76   0.21131
   0.60000        15        59   0.18452
   0.60688        16        49   0.17262
   0.61375        16        36   0.14583
   0.62063        16        28   0.09821
   0.62751        14        23   0.10119
   0.63438        10        39   0.12500
   0.64126        34        37   0.14583
   0.64814        40        27   0.14583
   0.65501        14        29   0.10119
   0.66189         4        30   0.10119
   0.66877        28        45   0.17857
   0.67564        10        54   0.13988
   0.68252        10        58   0.20238
   0.68940        12        49   0.14583
   0.69627        14        46   0.14583
   0.70315         0        58   0.13690
   0.71003         4        63   0.14583
   0.71690        14        46   0.12202
   0.72378         0        74   0.17857
   0.73066        22        39   0.13988
   0.73753         4        89   0.21429
   0.74441        18        50   0.13690
   0.75129        20        46   0.13988
   0.75816         4        58   0.11905
   0.76504        18        49   0.11905
   0.77192        12        68   0.16964
   0.77879         4        58   0.12202
   0.78567        12        53   0.13393
   0.79255         4        75   0.16369
   0.79942         4        69   0.15179
   0.80630        10        74   0.19345
   0.81318        16        86   0.19345
   0.82005        12        80   0.19643
   0.82693         4        85   0.23810
   0.83381         0       111   0.20536
   0.84068        14        92   0.19345
   0.84336         8        89   0.20238
   0.85024         0       101   0.21429
   0.85711        18        86   0.22619
   0.86399         0        90   0.16964
   0.87087        12        93   0.21429
   0.87774         8        93   0.21429
   0.88462         4        94   0.18155
   0.89150         8        82   0.16964
   0.89837         8        99   0.23810
   0.90525         0        98   0.18750
   0.91213        12       102   0.20238
   0.91900         4        96   0.20833
   0.92588        10        96   0.21131
   0.93276         8       104   0.21131
   0.93963        12       105   0.22321
   0.94651        16       124   0.27976
   0.95339         8       120   0.24702
   0.96026        23       110   0.28274
   0.96714        16       110   0.27381
   0.97402        12       111   0.24107
   0.98089        18       103   0.23810
   0.98777        15       100   0.22917
   0.99465        14       105   0.22321
   1.00152        10       105   0.21726
   1.00840        12       122   0.25595
   1.01528        18        96   0.21131
   1.02215         4        98   0.19643
   1.02903        26       104   0.24107
   1.03591         6       104   0.22024
   1.04278         4        92   0.21429
   1.04966        12        93   0.20833
   1.05654         6       101   0.19643
   1.06341        10        89   0.19345
   1.07029         8        95   0.19940
   1.07717         6       105   0.24405
   1.08404        22        88   0.22321
   1.09092        18       100   0.23512
   1.09780        12        78   0.21131
   1.10467        20       100   0.27381
   1.11155        10       104   0.22024
   1.11843        20        98   0.28869
   1.12530        10       107   0.22321
   1.13218         4       100   0.22024
   1.13906        15        99   0.21429
   1.14593        10        90   0.18452
   1.15281         4       111   0.23512
   1.15969         6       105   0.22619
   1.16656         2       133   0.27679
   1.17344        10       135   0.26786
   1.18032         6       158   0.30952
   1.18720        14       133   0.31845
   1.19407        12       110   0.27381
   1.20095        10       121   0.25893
   1.20783        14       113   0.24405
   1.21470         6       114   0.23512
   1.21806         6       114   0.26488
   1.22494        16       137   0.30952
   1.23182         8       120   0.25000
   1.23869         8       131   0.27976
   1.24557        12       121   0.27381
   1.25245        20       120   0.27083
   1.25932        14       129   0.27381
   1.26620        18       128   0.29167
   1.27308         8       142   0.30060
   1.27995        10       133   0.27976
   1.28683        10       138   0.27976
   1.29371        10       124   0.27083
   1.30058        25       125   0.30357
   1.30746        12       127   0.29167
   1.31434         6       128   0.28274
   1.32121         8       150   0.30357
   1.32809        14       129   0.30357
   1.33497        22       116   0.27976
   1.34184        18       125   0.30060
   1.34872        11       129   0.29464
   1.35560        17       124   0.31250
   1.36247         6       100   0.21429
   1.36935         2       127   0.27083
   1.37623        15       126   0.31548
   1.38310         4       122   0.27083
   1.38998         2       113   0.24702
   1.39686        11       126   0.25298
   1.40373        12       143   0.32440
   1.41061        12       161   0.30655
   1.41749        10       136   0.27679
   1.42436        24       131   0.29762
   1.43124        16       156   0.32440
   1.43812        29       119   0.26786
   1.44499        22       132   0.30952
   1.45187        15       145   0.32738
   1.45875        33       178   0.38988
   1.46562        31       144   0.37500
   1.47250        27       188   0.39286
   1.47938        20       153   0.37798
   1.48625        20       159   0.37500
   1.49313        23       151   0.35119
   1.50001        22       162   0.35714
   1.50688        48       151   0.36012
   1.51376        35       178   0.38690
   1.52064        26       172   0.36310
   1.52751        22       180   0.40476
   1.53439        38       180   0.42262
   1.54127        38       178   0.42560
   1.54814        32       168   0.35714
   1.55502        28       151   0.35119
   1.56190        30       171   0.37202
   1.56877        27       166   0.35714
   1.57565        20       166   0.36012
   1.58253        33       165   0.34226
   1.58941        26       158   0.33631
   1.59312        32       158   0.35714
   1.60000        36       145   0.34524
   1.60687        22       174   0.38095
   1.61375        17       174   0.38690
   1.62063        18       197   0.41071
   1.62750        20       158   0.35417
   1.63438        15       157   0.36012
   1.64126        26       146   0.32738
   1.64813        15       159   0.33036
   1.65501        26       164   0.37202
   1.66189        13       149   0.31845
   1.66876        33       145   0.34226
   1.67564        10       143   0.31250
   1.68252        16       150   0.30952
   1.68939        12       150   0.30357
   1.69627        14       148   0.32738
   1.70315        16       178   0.38988
   1.71003        14       148   0.31250
   1.71690        18       161   0.35714
   1.72378        16       136   0.29464
   1.73066         8       130   0.27976
   1.73753        28       123   0.30060
   1.74441        10       142   0.30655
   1.75129         8       131   0.27679
   1.75816         4       127   0.25000
   1.76504         2       140   0.28274
   1.77192         0       152   0.32440
   1.77879         6       133   0.30060
   1.78567         8       184   0.32440
   1.79255         4       177   0.30060
   1.79942         8       185   0.35119
   1.80630         0       175   0.30952
   1.81318        20       202   0.42560
   1.82005        15       181   0.36905
   1.82693        24       192   0.37798
   1.83381        20       174   0.35714
   1.84068        16       196   0.38690
   1.84756        12       163   0.32440
   1.85444        13       165   0.34524
   1.86131         8       153   0.32440
   1.86819         6       174   0.33929
   1.87507         6       162   0.31845
   1.88194        16       182   0.35417
   1.88882         2       152   0.26786
   1.89570         8       187   0.36905
   1.90257         6       179   0.38988
   1.90945         6       166   0.31845
   1.91633        18       144   0.31845
   1.92320         8       162   0.33036
   1.93008         0       159   0.29167
   1.93696         6       157   0.31548
   1.94383         4       168   0.30655
   1.95071        10       162   0.30655
   1.95759         2       180   0.32143
   1.96446         4       154   0.29464
   1.96795         0       164   0.31250
   1.97483         4       169   0.32143
   1.98171         4       185   0.34226
   1.98858         4       165   0.33333
   1.99546         8       195   0.34821
   2.00234         2       149   0.31250
   2.00921        10       172   0.35119
   2.01609         4       163   0.32738
   2.02297         4       183   0.38095
   2.02984         0       170   0.33036
   2.03672         0       171   0.32440
   2.04360         4       187   0.36310
   2.05047        12       164   0.33333
   2.05735         0       163   0.31845
   2.06423         8       163   0.30952
   2.07110         8       172   0.32738
   2.07798        14       194   0.39881
   2.08486         4       178   0.32440
   2.09173         0       165   0.28571
   2.09861         8       173   0.35714
   2.10549        18       187   0.38690
   2.11236         4       171   0.32143
   2.11924         2       179   0.30060
   2.12612         8       180   0.35417
   2.13299         4       212   0.38988
   2.13987        12       201   0.39583
   2.14675         4       194   0.36607
   2.15362        14       188   0.38393
   2.16050         6       201   0.40476
   2.16738         0       184   0.35417
   2.17425        10       179   0.37798
   2.18113         6       182   0.35417
   2.18801        18       169   0.34524
   2.19488        18       171   0.35714
   2.20176        10       184   0.38690
   2.20864        12       189   0.38690
   2.21551        10       187   0.37202
   2.22239        14       178   0.35417
   2.22927         0       179   0.33929
   2.23614         0       192   0.40179
   2.24302        20       179   0.37500
   2.24990        10       165   0.35119
   2.25678         4       178   0.34524
   2.26365         0       180   0.34226
   2.27053         8       164   0.33333
   2.27741         4       167   0.32738
   2.28428        12       177   0.36905
   2.29116        18       179   0.38988
   2.29804        10       202   0.41667
   2.30491         8       165   0.33631
   2.31179        16       170   0.36607
   2.31867         8       188   0.38690
   2.32554        10       199   0.37500
   2.33242         0       178   0.34821
   2.33930         8       173   0.36012
   2.34320        12       171   0.36607
   2.35008         8       171   0.33631
   2.35695         6       188   0.36310
   2.36383         4       165   0.33333
   2.37071        22       165   0.37798
   2.37758         6       193   0.38690
   2.38446         7       148   0.32143
   2.39134        23       163   0.35417
   2.39821        14       167   0.34524
   2.40509         0       165   0.31548
   2.41197         8       187   0.35119
   2.41884         4       171   0.32440
   2.42572         6       166   0.34226
   2.43260         0       151   0.30952
   2.43947         2       180   0.34524
   2.44635         0       152   0.30357
   2.45323        10       170   0.37500
   2.46010         8       176   0.33631
   2.46698         6       155   0.33333
   2.47386        18       184   0.36310
   2.48073        12       190   0.35119
   2.48761        15       171   0.34226
   2.49449         9       177   0.35119
   2.50136        16       185   0.37500
   2.50824         6       177   0.36012
   2.51512        12       171   0.39583
   2.52199        18       157   0.33333
   2.52887         6       167   0.34821
   2.53575        10       189   0.38690
   2.54262        10       184   0.37500
   2.54950         8       165   0.35119
   2.55638        10       180   0.36607
   2.56326         4       185   0.37500
   2.57013         4       212   0.40476
   2.57701         8       187   0.36607
   2.58389         4       167   0.35417
   2.59076         4       167   0.34226
   2.59764         2       165   0.33036
   2.60452        14       180   0.36905
   2.61139        16       179   0.35714
   2.61827         0       166   0.31845
   2.62515        14       164   0.33929
   2.63202        12       180   0.37202
   2.63890        20       183   0.39286
   2.64578         6       209   0.42560
   2.65265        10       185   0.35417
   2.65953        10       192   0.36905
   2.66641         6       200   0.37500
   2.67328         6       209   0.38393
   2.68016         0       219   0.41964
   2.68704         2       219   0.43155
   2.69391         0       216   0.42560
   2.70079        10       194   0.39286
   2.70767        14       204   0.39881
   2.71454        10       218   0.41369
   2.71818        18       204   0.41071
   2.72506        20       223   0.43750
   2.73194        10       215   0.40179
   2.73881         2       214   0.41071
   2.74569         4       230   0.42262
   2.75257         8       238   0.44643
   2.75944         0       226   0.42857
   2.76632         6       218   0.42262
   2.77320        10       222   0.43452
   2.78007        24       219   0.44940
   2.78695         0       254   0.42857
   2.79383         3       198   0.38988
   2.80070        16       182   0.43750
   2.80758         8       199   0.42560
   2.81446         0       225   0.47024
   2.82133        11       239   0.46131
   2.82821        17       202   0.40179
   2.83509         8       191   0.38393
   2.84197        15       197   0.42857
   2.84884        10       213   0.44643
   2.85572        10       219   0.43155
   2.86260         6       218   0.41667
   2.86947        11       210   0.41667
   2.87635        12       230   0.44940
   2.88323        21       211   0.45238
   2.89010         0       219   0.43452
   2.89698         8       204   0.41369
   2.90386         0       224   0.43155
   2.91073        10       229   0.46131
   2.91761         0       201   0.42857
   2.92449        11       238   0.46726
   2.93136         3       204   0.41071
   2.93824        13       207   0.41667
   2.94512        20       216   0.44643
   2.95199         6       251   0.46429
   2.95887         8       235   0.46131
   2.96575         4       218   0.39583
   2.97262        14       243   0.42560
   2.97950         4       245   0.42857
   2.98638         2       220   0.42857
   2.99325        17       218   0.44940
   3.00013        21       227   0.48214
   3.00701        14       251   0.50000
   3.01388        12       218   0.41369
   3.02076        10       244   0.48214
   3.02764         8       212   0.41667
   3.03451         0       247   0.44940
   3.04139        13       227   0.45536
   3.04827        17       240   0.47024
   3.05514         2       225   0.41667
   3.06202         6       247   0.47024
   3.06890        14       231   0.47024
   3.07577        20       218   0.47917
   3.08265        10       238   0.47321
   3.08953        22       246   0.52679
   3.09350        14       247   0.49702
   3.10038        21       235   0.49107
   3.10726        33       203   0.45833
   3.11413        49       198   0.46726
   3.12101        24       218   0.46131
   3.12789        27       196   0.44048
   3.13476        41       216   0.50000
   3.14164        29       193   0.44048
   3.14852        24       219   0.46429
   3.15539        24       214   0.45536
   3.16227        24       214   0.49702
   3.16915        22       239   0.48214
   3.17602        19       208   0.44345
   3.18290        21       187   0.42262
   3.18978        22       207   0.46131
   3.19665        23       200   0.43155
   3.20353        22       205   0.43452
   3.21041        23       206   0.42262
   3.21728        35       216   0.45833
   3.22416        22       212   0.44940
   3.23104        21       226   0.50298
   3.23791         8       217   0.46726
   3.24479        16       205   0.43155
   3.25167        20       193   0.41667
   3.25854        22       220   0.46429
   3.26542         8       204   0.43155
   3.27230         8       231   0.43155
   3.27917        29       215   0.45238
   3.28605        10       216   0.41964
   3.29293        18       210   0.41667
   3.29980        12       211   0.42560
   3.30668        28       195   0.41369
   3.31356         4       218   0.44048
   3.32043         3       203   0.41369
   3.32731         6       225   0.44345
   3.33419         6       222   0.46726
   3.34106        10       197   0.40476
   3.34794        14       214   0.44643
   3.35482        13       185   0.38988
   3.36169        10       238   0.44643
   3.36857        19       215   0.42857
   3.37545        15       229   0.43155
   3.38232        15       255   0.48214
   3.38920        13       239   0.47619
   3.39608        23       241   0.47619
   3.40295         5       233   0.43155
   3.40983         2       199   0.38095
   3.41671        10       219   0.41071
   3.42358        12       233   0.43750
   3.43046         5       208   0.40179
   3.43734         8       213   0.40774
   3.44421         8       234   0.42857
   3.45109         4       234   0.45238
   3.45797         4       237   0.48214
   3.46485         4       231   0.45536
   3.46914         8       230   0.46131
   3.47602         4       222   0.43452
   3.48289        10       229   0.46726
   3.48977        10       250   0.48512
   3.49665         6       235   0.46726
   3.50352        14       218   0.44048
   3.51040        10       224   0.44048
   3.51728        22       224   0.45238
   3.52415        10       233   0.46726
   3.53103         8       228   0.44643
   3.53791         8       254   0.48512
   3.54478         9       224   0.43750
   3.55166         8       240   0.48214
   3.55854        18       220   0.46429
   3.56541        13       225   0.44048
   3.57229        29       228   0.46131
   3.57917        12       214   0.44048
   3.58604        20       196   0.40179
   3.59292         4       224   0.44940
   3.59980        12       252   0.47917
   3.60667         6       221   0.44643
   3.61355         6       233   0.45536
   3.62043         6       223   0.40774
   3.62730         0       238   0.47917
   3.63418        24       226   0.46429
   3.64106         4       226   0.44048
   3.64793         0       256   0.49702
   3.65481         0       245   0.45536
   3.66169         2       255   0.48214
   3.66856         0       243   0.48214
   3.67544         0       280   0.51190
   3.68232         4       246   0.47917
   3.68920         3       241   0.46131
   3.69607        10       268   0.50298
   3.70295         6       251   0.46429
   3.70983         4       234   0.42560
   3.71670        14       263   0.51190
   3.72358         8       270   0.50595
   3.73046         8       241   0.47619
   3.73733         6       269   0.49107
   3.74421         2       241   0.46429
   3.75109         0       249   0.47024
   3.75796        16       245   0.48512
   3.76484        12       256   0.51190
   3.77172         8       237   0.47917
   3.77859         8       249   0.47917
   3.78547         4       277   0.53274
   3.79235         8       235   0.44643
   3.79922         0       248   0.47321
   3.80610         0       258   0.49405
   3.81298        10       266   0.51786
   3.81985         6       261   0.47917
   3.82673         0       271   0.52381
   3.83361         9       269   0.51786
   3.84048         0       274   0.52083
   3.84508         2       270   0.54464
   3.85196         0       231   0.42262
   3.85883         0       263   0.49107
   3.86571        10       284   0.52381
   3.87259        16       286   0.55952
   3.87946         6       264   0.51488
   3.88634         8       268   0.52083
   3.89322        12       274   0.51786
   3.90009         0       265   0.48214
   3.90697        11       269   0.51190
   3.91385         6       285   0.55060
   3.92072         6       257   0.49107
   3.92760         6       263   0.51190
   3.93448         6       294   0.55357
   3.94135        15       283   0.55060
   3.94823        12       266   0.50893
   3.95511        14       255   0.51190
   3.96198        12       282   0.51190
   3.96886         6       298   0.57440
   3.97574        10       282   0.52679
   3.98261         4       270   0.53869
   3.98949         2       293   0.52083
   3.99637         4       272   0.50298
   4.00324         4       260   0.48512
   4.01012         0       276   0.48512
   4.01700         2       280   0.51488
   4.02387         6       303   0.52976
   4.03075         2       279   0.52679
   4.03763         2       283   0.49702
   4.04451        10       290   0.53274
   4.05138         2       294   0.52381
   4.05826         0       287   0.50000
   4.06514         6       269   0.50298
   4.07201         0       284   0.52679
   4.07889         2       285   0.50595
   4.08577         2       299   0.53274
   4.09264         0       293   0.52083
   4.09952        10       324   0.59226
   4.10640        10       290   0.54762
   4.11327         4       300   0.54464
   4.12015         8       282   0.55655
   4.12703         0       329   0.61310
   4.13390         0       263   0.49107
   4.14078        10       266   0.50298
   4.14766         8       308   0.56548
   4.15453        14       304   0.57738
   4.16141         6       303   0.58929
   4.16829         0       293   0.55952
   4.17516         0       295   0.57738
   4.18204         0       314   0.61905
   4.18892         0       351   0.65774
   4.19579        12       337   0.64881
   4.20267         2       343   0.65774
   4.20955         4       350   0.66071
   4.21642         8       357   0.68155
   4.22123         4       353   0.66071
   4.22810         0       328   0.62500
   4.23498         4       302   0.57143
   4.24186         0       346   0.65179
   4.24873         2       342   0.66071
   4.25561         0       343   0.64286
   4.26249         2       345   0.64583
   4.26937         4       346   0.65179
   4.27624         4       313   0.59821
   4.28312         8       338   0.66667
   4.29000         0       320   0.58929
   4.29687         0       303   0.57738
   4.30375         0       323   0.60417
   4.31063         4       311   0.58631
   4.31750         0       331   0.62202
   4.32438         4       326   0.62202
   4.33126         0       322   0.61905
   4.33813         6       333   0.63690
   4.34501         0       358   0.66964
   4.35189        22       347   0.68750
   4.35876         4       328   0.61012
   4.36564         0       341   0.64286
   4.37252         4       376   0.67560
   4.37939         0       341   0.64286
   4.38627         4       353   0.65179
   4.39315         0       315   0.58929
   4.40002         0       309   0.58631
   4.40690         0       342   0.63988
   4.41378         0       348   0.64583
   4.42065         4       330   0.62798
   4.42753         8       341   0.64286
   4.43441         0       351   0.63095
   4.44128         0       359   0.65476
   4.44816         0       333   0.63393
   4.45504        16       348   0.64881
   4.46191         0       326   0.61310
   4.46879         4       359   0.66667
   4.47567         4       331   0.63393
   4.48254        10       335   0.64583
   4.48942         0       335   0.64583
   4.49630         0       356   0.65476
   4.50317         4       336   0.63690
   4.51005        10       381   0.71726
   4.51693         4       356   0.68155
   4.52380        12       325   0.63095
   4.53068        10       332   0.65179
   4.53756         0       320   0.60417
   4.54443         3       333   0.63690
   4.55131         6       326   0.62202
   4.55819         5       348   0.65179
   4.56506        16       321   0.63095
   4.57194        14       307   0.62798
   4.57882         6       338   0.64286
   4.58569         6       343   0.67857
   4.59257        11       363   0.69345
   4.59875         6       348   0.64583
   4.60562         6       365   0.69940
   4.61250         4       379   0.71429
   4.61938        10       368   0.66964
   4.62625         4       378   0.72619
   4.63313         0       384   0.71726
   4.64001         0       343   0.63988
   4.64688        16       350   0.65476
   4.65376         0       349   0.65179
   4.66064         0       342   0.63095
   4.66751         0       373   0.68452
   4.67439         4       354   0.65774
   4.68127         0       364   0.67857
   4.68814         0       385   0.71429
   4.69502         0       347   0.64583
   4.70190         0       330   0.60714
   4.70877         0       341   0.63393
   4.71565         4       350   0.66369
   4.72253         0       375   0.69345
   4.72941         0       367   0.70238
   4.73628         0       361   0.67560
   4.74316         0       358   0.67857
   4.75004         0       356   0.65179
   4.75691         8       355   0.65476
   4.76379        12       362   0.67560
   4.77067         4       341   0.63690
   4.77754         0       329   0.62202
   4.78442         2       331   0.61012
   4.79130         0       372   0.70238
   4.79817         0       355   0.66369
   4.80505         0       345   0.67262
   4.81193        20       370   0.70238
   4.81880         0       365   0.66667
   4.82568         0       364   0.66369
   4.83256         0       385   0.71131
   4.83943         0       367   0.68750
   4.84631         4       370   0.67262
   4.85319         0       387   0.69643
   4.86006         0       375   0.69345
   4.86694         0       365   0.67857
   4.87382         4       367   0.67262
   4.88069         4       366   0.67857
   4.88757         4       340   0.62798
   4.89445         2       323   0.63095
   4.90132         0       374   0.71131
   4.90820         8       374   0.70238
   4.91508         4       413   0.76190
   4.92195        10       352   0.67262
   4.92883         4       387   0.72619
   4.93571         0       383   0.71131
   4.94258         0       399   0.73810
   4.94946         0       391   0.72619
   4.95634         0       386   0.69940
   4.96321         0       394   0.72321
   4.97009         0       390   0.74107
   4.97672        10       380   0.72024
   4.98359         0       418   0.73512
   4.99047         0       388   0.72024
   4.99735         8       390   0.76190
   5.00422         0       384   0.70833
   5.01110         0       370   0.70536
   5.01798         0       374   0.69940
   5.02485         0       371   0.69048
   5.03173         8       381   0.71131
   5.03861         4       401   0.73512
   5.04548         0       388   0.71131
   5.05236         0       369   0.69643
   5.05924         0       384   0.71726
   5.06611         2       369   0.70536
   5.07299         0       375   0.68750
   5.07987         4       373   0.69643
   5.08674         0       389   0.72917
   5.09362         0       391   0.70833
   5.10050         2       381   0.71726
   5.10737         0       368   0.68452
   5.11425         4       390   0.71429
   5.12113         4       400   0.74702
   5.12800         2       383   0.70833
   5.13488         6       363   0.69048
   5.14176         6       379   0.70536
   5.14863         8       380   0.71131
   5.15551         4       389   0.74405
   5.16239         4       384   0.70536
   5.16926         0       369   0.71131
   5.17614         6       367   0.67857
   5.18302         0       370   0.67262
   5.18989         6       389   0.72917
   5.19677         4       391   0.71726
   5.20365         4       398   0.74702
   5.21052         6       350   0.66964
   5.21740        10       378   0.70833
   5.22428         4       396   0.73810
   5.23115        11       371   0.70536
   5.23803        16       351   0.67262
   5.24491        13       380   0.72321
   5.25179         6       354   0.68750
   5.25866        11       388   0.74107
   5.26554        21       374   0.71131
   5.27242         7       396   0.72917
   5.27929         0       403   0.74702
   5.28617         0       409   0.74702
   5.29305         0       404   0.75000
   5.29992         0       398   0.72321
   5.30680         0       398   0.74405
   5.31368         0       410   0.76190
   5.32055        10       383   0.73810
   5.32743        12       375   0.72024
   5.33431         4       402   0.76488
   5.34118         4       401   0.75000
   5.34806         4       407   0.75893
   5.35494         4       405   0.75298
   5.35496         4       389   0.73512
   5.36184         4       389   0.72619
   5.36872         6       402   0.76488
   5.37559         2       426   0.75893
   5.38247         0       409   0.74702
   5.38935         6       393   0.75298
   5.39622         6       406   0.77381
   5.40310         4       416   0.76488
   5.40998         6       408   0.78274
   5.41685         4       398   0.74702
   5.42373         4       405   0.75893
   5.43061         2       418   0.76190
   5.43748         0       410   0.76190
   5.44436        11       406   0.78274
   5.45124        16       409   0.78571
   5.45811         8       378   0.72917
   5.46499         6       401   0.76190
   5.47187         4       438   0.81548
   5.47874         6       384   0.72321
   5.48562         9       411   0.77679
   5.49250        13       388   0.73810
   5.49937         4       391   0.74702
   5.50625        10       377   0.73810
   5.51313        12       396   0.74702
   5.52000         6       377   0.71429
   5.52688         6       403   0.76190
   5.53376         6       412   0.77679
   5.54063        10       389   0.74702
   5.54751         2       397   0.73214
   5.55439        12       393   0.75595
   5.56126         8       406   0.76488
   5.56814        12       387   0.76488
   5.57502        10       394   0.75000
   5.58189        10       393   0.75893
   5.58877         6       381   0.72321
   5.59565         6       415   0.77679
   5.60252        10       422   0.81548
   5.60940         6       392   0.74107
   5.61628         6       415   0.76786
   5.62315         8       422   0.79167
   5.63003         6       447   0.83631
   5.63691         4       404   0.75000
   5.64378         6       408   0.77381
   5.65066        12       386   0.72917
   5.65754         8       410   0.77976
   5.66441        10       421   0.81548
   5.67129         6       404   0.76488
   5.67817         4       405   0.74702
   5.68504         6       406   0.76786
   5.69192         4       402   0.75298
   5.69880        10       398   0.75298
   5.70567         6       407   0.77083
   5.71255         4       426   0.78869
   5.71943         4       400   0.75595
   5.72630         4       394   0.73214
   5.73318         6       428   0.78571
   5.73366         8       404   0.78274
   5.74054         8       420   0.78571
   5.74741        10       413   0.77083
   5.75429         4       410   0.77679
   5.76117         6       438   0.79762
   5.76804         6       411   0.78274
   5.77492        10       412   0.78274
   5.78180         6       419   0.80060
   5.78867        11       422   0.81845
   5.79555        10       412   0.78571
   5.80243         6       406   0.75893
   5.80931        11       403   0.77083
   5.81618        10       412   0.77976
   5.82306         8       403   0.75595
   5.82994         6       425   0.79464
   5.83681         8       416   0.78274
   5.84369         8       412   0.79464
   5.85057         8       383   0.73512
   5.85744         6       401   0.77381
   5.86432         6       390   0.73214
   5.87120         6       414   0.76786
   5.87807         6       400   0.75000
   5.88495        12       396   0.76190
   5.89183         4       408   0.76488
   5.89870         2       424   0.78869
   5.90558        10       406   0.79464
   5.91246        10       387   0.73512
   5.91933         4       406   0.75298
   5.92621         6       395   0.75000
   5.93309         6       385   0.76488
   5.93996         6       381   0.72619
   5.94684         4       402   0.76190
   5.95372         8       405   0.78571
   5.96059         2       401   0.74702
   5.96747         2       401   0.75000
   5.97435         0       422   0.78571
   5.98122         8       402   0.76190
   5.98810         8       400   0.76190
   5.99498         0       394   0.72917
   6.00185         0       399   0.72917
   6.00873         0       407   0.75595
   6.01561         0       401   0.74107
   6.02248         0       420   0.77083
   6.02936         4       421   0.75893
   6.03624         0       439   0.79167
   6.04311         0       433   0.77976
   6.04999         2       390   0.71726
   6.05687         0       408   0.77381
   6.06374         0       388   0.72619
   6.07062         4       397   0.74405
   6.07750         0       379   0.70536
   6.08437         0       400   0.73512
   6.09125         0       391   0.71726
   6.09813         0       410   0.75893
   6.10500         4       413   0.75893
   6.11188         2       422   0.77083
   6.11255         4       424   0.77679
   6.11943         0       410   0.75298
   6.12631         0       427   0.78274
   6.13318         0       425   0.78274
   6.14006         2       409   0.74702
   6.14694         0       396   0.74107
   6.15381        14       427   0.80060
   6.16069         0       411   0.73810
   6.16757         0       419   0.77083
   6.17444         0       420   0.77679
   6.18132         0       417   0.75298
   6.18820         0       409   0.75893
   6.19507         0       429   0.78571
   6.20195         0       426   0.77381
   6.20883         0       410   0.76786
   6.21570         0       417   0.76786
   6.22258         0       394   0.74107
   6.22946         0       425   0.78274
   6.23633         0       419   0.76190
   6.24321         0       409   0.75893
   6.25009         0       411   0.77083
   6.25696         0       419   0.77976
   6.26384         0       415   0.76786
   6.27072         0       403   0.75595
   6.27759         4       396   0.74107
   6.28447         0       397   0.73214
   6.29135         0       399   0.73810
   6.29822         0       396   0.73214
   6.30510         0       407   0.74702
   6.31198         0       390   0.69643
   6.31885        10       400   0.73214
   6.32573         4       390   0.73512
   6.33261         0       377   0.70536
   6.33948        10       377   0.70238
   6.34636         4       394   0.75595
   6.35324         4       417   0.76488
   6.36011         6       369   0.70536
   6.36699         8       394   0.73214
   6.37387         6       389   0.71429
   6.38074         4       418   0.75893
   6.38762         8       388   0.74107
   6.39450         4       382   0.72321
   6.40137         0       420   0.74702
   6.40825         2       416   0.75595
   6.41513         2       409   0.75595
   6.42200         4       379   0.74107
   6.42888         2       409   0.74702
   6.43576         2       437   0.82738
   6.44263         8       395   0.76190
   6.44951         0       410   0.76488
   6.45639         4       397   0.75298
   6.46326         0       389   0.74107
   6.47014         4       426   0.78274
   6.47702         0       411   0.77381
   6.48390         0       405   0.75893
   6.49077         4       411   0.77679
   6.49143         2       396   0.75595
   6.49831         0       392   0.73214
   6.50519         0       375   0.70833
   6.51206         0       401   0.73810
   6.51894         2       365   0.68452
   6.52582         0       376   0.68155
   6.53269         4       390   0.72619
   6.53957         0       372   0.69345
   6.54645         0       397   0.74702
   6.55333         0       417   0.77083
   6.56020         4       369   0.68750
   6.56708         0       362   0.66071
   6.57396         0       371   0.68750
   6.58083         4       400   0.75000
   6.58771         0       380   0.72024
   6.59459        10       368   0.72024
   6.60146         0       371   0.67857
   6.60834         0       370   0.72024
   6.61522         8       369   0.68750
   6.62209         0       369   0.69940
   6.62897        14       394   0.73512
   6.63585         4       374   0.68750
   6.64272         0       392   0.70238
   6.64960         0       385   0.67857
   6.65648         0       392   0.70536
   6.66335         0       384   0.69940
   6.67023         0       361   0.67857
   6.67711         0       390   0.72321
   6.68398         0       388   0.71429
   6.69086         4       359   0.66071
   6.69774         0       372   0.67560
   6.70461         2       384   0.69048
   6.71149         0       411   0.73810
   6.71837         0       404   0.73512
   6.72524         0       399   0.72024
   6.73212         0       386   0.70536
   6.73900         0       378   0.67857
   6.74587         2       387   0.71726
   6.75275         0       383   0.73214
   6.75963         0       389   0.70238
   6.76650         4       386   0.73512
   6.77338         0       399   0.76488
   6.78026         0       405   0.76190
   6.78713         0       362   0.68750
   6.79401         0       405   0.77083
   6.80089         0       405   0.74405
   6.80776         0       384   0.70833
   6.81464         0       367   0.69643
   6.82152         0       380   0.70238
   6.82839         4       381   0.71429
   6.83527         0       413   0.76488
   6.84215         0       378   0.70536
   6.84902         0       360   0.66667
   6.85590         0       364   0.68750
   6.86278         6       385   0.74405
   6.86965         0       393   0.74405
   6.86987         0       388   0.75298
   6.87675         0       404   0.74702
   6.88362         0       379   0.72917
   6.89050         2       390   0.72917
   6.89738         0       397   0.72619
   6.90425         0       376   0.69345
   6.91113         0       358   0.66369
   6.91801         2       370   0.69345
   6.92488         0       368   0.67560
   6.93176         0       358   0.66071
   6.93864         4       366   0.68155
   6.94551         0       356   0.67560
   6.95239         6       361   0.68452
   6.95927         0       360   0.66369
   6.96614         0       344   0.64583
   6.97302         0       385   0.69940
   6.97990         0       395   0.73810
   6.98677         0       397   0.73810
   6.99365         4       382   0.72321
   7.00053         0       374   0.69048
   7.00740         0       378   0.68452
   7.01428         0       370   0.69048
   7.02116         4       382   0.73214
   7.02803         0       387   0.70536
   7.03491         0       373   0.68750
   7.04179         0       381   0.70238
   7.04866         0       358   0.67262
   7.05554         0       369   0.71429
   7.06242         0       340   0.64583
   7.06929         0       367   0.69345
   7.07617         0       389   0.72619
   7.08305         0       377   0.69643
   7.08992         0       388   0.72024
   7.09680         0       408   0.73214
   7.10368         8       371   0.69643
   7.11055        12       358   0.67560
   7.11743         4       378   0.69048
   7.12431         0       345   0.63393
   7.13119         4       386   0.71726
   7.13806         6       369   0.68750
   7.14494         2       359   0.66964
   7.15182         2       366   0.70833
   7.15869         4       347   0.65774
   7.16557         4       381   0.72024
   7.17245         4       381   0.71726
   7.17932         4       359   0.66369
   7.18620         2       360   0.63988
   7.19308         4       380   0.70536
   7.19995         2       367   0.68155
   7.20683         0       387   0.70536
   7.21371         0       388   0.70238
   7.22058         4       376   0.69940
   7.22746         4       386   0.71726
   7.23434         0       397   0.70536
   7.24121         0       405   0.76190
   7.24809         0       408   0.75000
   7.24831         0       394   0.72917
   7.25518         0       377   0.69345
   7.26206         0       405   0.74702
   7.26894         0       401   0.72917
   7.27581         0       398   0.74107
   7.28269         0       399   0.72321
   7.28957         0       391   0.71131
   7.29645         0       400   0.74405
   7.30332         0       394   0.73810
   7.31020         0       399   0.72917
   7.31708         0       399   0.73810
   7.32395         0       380   0.71726
   7.33083         0       404   0.75298
   7.33771         4       386   0.71726
   7.34458         0       400   0.73512
   7.35146         8       409   0.76190
   7.35834         0       396   0.72917
   7.36521         0       369   0.68155
   7.37209         0       392   0.72024
   7.37897         0       379   0.69048
   7.38584         0       376   0.69940
   7.39272         0       364   0.67262
   7.39960         0       376   0.69048
   7.40647         0       393   0.72917
   7.41335         0       371   0.69048
   7.42023         0       388   0.70833
   7.42710         0       382   0.71726
   7.43398         4       382   0.71429
   7.44086         0       393   0.72024
   7.44773         4       371   0.69940
   7.45461         0       370   0.69643
   7.46149         0       369   0.68452
   7.46836         4       388   0.72321
   7.47524         0       399   0.74107
   7.48212         0       389   0.72024
   7.48899         0       394   0.72321
   7.49587         0       389   0.69940
   7.50275         6       386   0.75595
   7.50962         4       372   0.68750
   7.51650         0       386   0.72024
   7.52338         0       400   0.74405
   7.53025        14       391   0.72619
   7.53713         0       403   0.74702
   7.54401         4       383   0.72024
   7.55088         0       369   0.68155
   7.55776         0       406   0.74107
   7.56464         0       417   0.77083
   7.57151         0       400   0.72917
   7.57839         0       409   0.72917
   7.58527         0       393   0.72024
   7.59214         0       400   0.72321
   7.59902         0       411   0.76190
   7.60590         4       401   0.73214
   7.61277         4       417   0.75595
   7.61965         0       421   0.75893
   7.62653         0       380   0.68750
   7.62699         0       411   0.73810
   7.63387         4       400   0.73512
   7.64074         0       412   0.76786
   7.64762         0       401   0.73810
   7.65450         0       385   0.70238
   7.66137         0       394   0.73810
   7.66825         4       392   0.72321
   7.67513         0       394   0.73214
   7.68200         0       396   0.73214
   7.68888         0       390   0.71726
   7.69576         0       423   0.77083
   7.70263         0       388   0.72619
   7.70951         0       388   0.71429
   7.71639         0       406   0.74405
   7.72326         4       385   0.71429
   7.73014         0       351   0.63988
   7.73702         0       394   0.73214
   7.74389        10       373   0.72619
   7.75077         4       421   0.79167
   7.75765         0       391   0.74107
   7.76452         6       409   0.76488
   7.77140         4       403   0.72619
   7.77828         8       409   0.77381
   7.78515         0       399   0.75000
   7.79203         0       393   0.71429
   7.79891         4       412   0.75000
   7.80578         0       428   0.78571
   7.81266         4       377   0.70833
   7.81954         0       398   0.73810
   7.82641         4       425   0.80060
   7.83329         4       415   0.77679
   7.84017         0       397   0.74405
   7.84704         0       421   0.77381
   7.85392         0       396   0.73214
   7.86080         0       386   0.73810
   7.86767         0       422   0.78571
   7.87455         0       405   0.76786
   7.88143         0       416   0.78274
   7.88830         0       395   0.71429
   7.89518        12       400   0.72619
   7.90206         0       387   0.71429
   7.90893         4       400   0.74702
   7.91581         2       387   0.72321
   7.92269         8       390   0.75000
   7.92956         6       403   0.75000
   7.93644         4       415   0.78274
   7.94332         6       405   0.73810
   7.95019        11       396   0.77679
   7.95707         4       384   0.71131
   7.96395         8       368   0.70238
   7.97082         4       383   0.74405
   7.97770         6       391   0.73512
   7.98458        10       417   0.78869
   7.99146         4       372   0.70238
   7.99833         4       396   0.73512
   8.00521         4       397   0.72917
   8.00547         2       418   0.76190
   8.01235        10       389   0.75893
   8.01923        10       384   0.74107
   8.02610         8       394   0.75000
   8.03298         8       393   0.75000
   8.03986         6       407   0.76488
   8.04673         4       403   0.75298
   8.05361         6       395   0.74405
   8.06049         6       434   0.80655
   8.06736         8       409   0.77083
   8.07424         2       385   0.71429
   8.08112        12       365   0.70536
   8.08799         8       386   0.74107
   8.09487         8       388   0.72619
   8.10175         6       378   0.71131
   8.10863         8       371   0.72321
   8.11550        10       367   0.69940
   8.12238         8       379   0.72619
   8.12926         5       363   0.69643
   8.13613         4       382   0.69940
   8.14301         6       383   0.72024
   8.14989         8       382   0.71726
   8.15676         8       361   0.69345
   8.16364         6       388   0.74702
   8.17052         8       382   0.73512
   8.17739         8       372   0.71726
   8.18427         4       400   0.74405
   8.19115         8       388   0.74107
   8.19802        10       368   0.71131
   8.20490         6       418   0.78274
   8.21178        10       397   0.75893
   8.21865         6       383   0.74702
   8.22553         6       379   0.72024
   8.23241         4       404   0.76190
   8.23928         6       417   0.77976
   8.24616         4       399   0.76786
   8.25304         4       393   0.73810
   8.25991         6       389   0.74107
   8.26679         6       402   0.77381
   8.27367         4       390   0.73214
   8.28054         4       397   0.75000
   8.28742         4       403   0.75298
   8.29430         8       382   0.74405
   8.30117         8       405   0.76786
   8.30805         6       375   0.72917
   8.31493         6       391   0.74107
   8.32180         6       370   0.70238
   8.32868         4       387   0.75000
   8.33556         8       393   0.75595
   8.34243         6       377   0.72024
   8.34931         8       379   0.73214
   8.35619         8       392   0.75595
   8.36306         6       411   0.75893
   8.36994         8       375   0.72321
   8.37682         2       379   0.71429
   8.38369         8       376   0.72619
   8.38424        16       396   0.75595
   8.39112         6       412   0.79167
   8.39799         6       366   0.69643
   8.40487         6       400   0.74702
   8.41175         6       397   0.73810
   8.41862         8       394   0.74107
   8.42550         6       377   0.71726
   8.43238        10       388   0.74405
   8.43925         8       373   0.74405
   8.44613        10       387   0.75298
   8.45301        10       376   0.73810
   8.45988         8       367   0.69643
   8.46676         8       376   0.72917
   8.47364         4       379   0.71131
   8.48051         2       365   0.69643
   8.48739         4       374   0.69940
   8.49427         4       384   0.70833
   8.50114        10       401   0.75000
   8.50802         6       407   0.75595
   8.51490         4       362   0.70833
   8.52177         6       406   0.75595
   8.52865        10       391   0.74107
   8.53553         4       401   0.74405
   8.54240         6       391   0.74107
   8.54928         2       378   0.70238
   8.55616         4       390   0.73512
   8.56303         2       400   0.75000
   8.56991         6       374   0.72619
   8.57679        11       387   0.75298
   8.58366         4       387   0.75595
   8.59054         4       359   0.66964
   8.59742         6       393   0.73810
   8.60429         6       368   0.71131
   8.61117         0       367   0.67857
   8.61805         4       378   0.71131
   8.62492         4       356   0.69643
   8.63180         0       381   0.69048
   8.63868         2       402   0.75000
   8.64555         2       369   0.70536
   8.65243         2       357   0.67857
   8.65931         9       373   0.72024
   8.66618         2       379   0.70536
   8.67306         2       378   0.69643
   8.67994         0       384   0.71429
   8.68681         8       401   0.74107
   8.69369         4       397   0.75595
   8.70057         2       389   0.72024
   8.70744         0       402   0.73512
   8.71432         2       382   0.73512
   8.72120         4       358   0.66071
   8.72807         0       373   0.68750
   8.73495         0       388   0.70238
   8.74183         0       415   0.75595
   8.74870         0       404   0.77083
   8.75558         0       399   0.72024
   8.76246         2       418   0.78274
   8.76246         2       418   0.78274
   8.76934         0       374   0.70536
   8.77621         0       395   0.75000
   8.78309         0       395   0.72024
   8.78997         0       400   0.72917
   8.79684         0       422   0.76786
   8.80372         0       404   0.75595
   8.81060         0       391   0.73512
   8.81747         0       408   0.79167
   8.82435         0       385   0.72619
   8.83123         0       416   0.76190
   8.83810         0       402   0.73810
   8.84498         0       406   0.75893
   8.85186         0       412   0.77679
   8.85873         0       377   0.69940
   8.86561         0       395   0.74702
   8.87249         0       388   0.71429
   8.87936         4       402   0.76488
   8.88624         0       415   0.78274
   8.89312         4       404   0.75595
   8.89999         0       394   0.74405
   8.90687         0       432   0.78571
   8.91375         0       401   0.74702
   8.92062         0       427   0.76488
   8.92750         0       380   0.72619
   8.93438         4       397   0.72024
   8.94125         0       434   0.78571
   8.94813        12       411   0.78274
   8.95501         0       403   0.77679
   8.96188         0       415   0.79762
   8.96876         0       423   0.79464
   8.97564        22       424   0.83631
   8.98251         0       412   0.78869
   8.98939         0       395   0.77083
   8.99627         0       401   0.75298
   9.00314         0       416   0.81250
   9.01002         0       406   0.78274
   9.01690         0       399   0.76488
   9.02378         0       435   0.79762
   9.03065         0       434   0.82440
   9.03753         0       425   0.79167
   9.04441         2       429   0.80060
   9.05128         0       398   0.75298
   9.05816        12       405   0.75595
   9.06504         2       400   0.80655
   9.07191         6       403   0.78274
   9.07879         6       395   0.75893
   9.08567         0       410   0.78274
   9.09254         0       410   0.77679
   9.09942         0       407   0.77679
   9.10630         0       397   0.78274
   9.11317        12       394   0.79464
   9.12005        10       391   0.76488
   9.12693         8       387   0.76190
   9.13380        12       380   0.76488
   9.14068        14       418   0.81845
   9.14137        14       401   0.77381
   9.14824         6       381   0.74702
   9.15512        12       394   0.80357
   9.16200        12       395   0.78869
   9.16887        10       386   0.77381
   9.17575         6       397   0.79167
   9.18263         6       411   0.81845
   9.18950         8       409   0.80655
   9.19638         8       407   0.79762
   9.20326        10       406   0.78869
   9.21013         0       420   0.80060
   9.21701         0       410   0.78571
   9.22389         0       395   0.75595
   9.23076         6       412   0.81250
   9.23764         0       403   0.77976
   9.24452         2       445   0.86607
   9.25139         0       406   0.79762
   9.25827         0       422   0.81548
   9.26515         0       421   0.81548
   9.27203         0       410   0.79464
   9.27890         0       425   0.82440
   9.28578         0       442   0.84524
   9.29266         0       416   0.80655
   9.29953         0       413   0.79167
   9.30641         0       402   0.77083
   9.31329         0       423   0.81845
   9.32016         0       400   0.76488
   9.32704         0       434   0.81250
   9.33392         0       428   0.80357
   9.34079         0       392   0.75000
   9.34767         0       402   0.76488
   9.35455         0       405   0.75893
   9.36142         6       383   0.74702
   9.36830         8       420   0.83036
   9.37518         2       406   0.80655
   9.38205         6       401   0.79464
   9.38893         2       398   0.77381
   9.39581         2       395   0.77381
   9.40268         0       420   0.80655
   9.40956         2       398   0.78571
   9.41644         6       405   0.78274
   9.42331         6       414   0.80060
   9.43019         0       417   0.79762
   9.43707         0       415   0.78869
   9.44394         4       425   0.80357
   9.45082         8       389   0.75595
   9.45770         8       382   0.73512
   9.46457         8       404   0.76488
   9.47145         8       424   0.76488
   9.47833         0       431   0.79464
   9.48520         0       443   0.82738
   9.49208         0       409   0.80655
   9.49896         0       434   0.83631
   9.50583        10       414   0.77381
   9.51271         0       393   0.72619
   9.51959        14       398   0.74405
   9.52056         0       400   0.76488
