#Res     C3C4A12L-0011
   2.000        2.3479
   3.000        1.5780
   4.000        1.2401
   5.000        1.3203
   6.000        0.7271
   7.000        0.5289
   8.000        0.5863
   9.000        0.6223
  10.000        0.5811
  11.000        0.5466
  12.000        0.7252
  13.000        0.8592
  14.000        1.5263
  15.000        2.1748
  18.000        1.6791
  19.000        0.9797
  20.000        0.6902
  21.000        0.5585
  22.000        0.4815
  23.000        0.3903
  24.000        0.4072
  25.000        0.4311
  26.000        0.4527
  27.000        0.4549
  28.000        0.5411
  29.000        0.6252
  30.000        0.8859
  31.000        1.4430
  34.000        1.3587
  35.000        0.7136
  36.000        0.5431
  37.000        0.4398
  38.000        0.3955
  39.000        0.3496
  40.000        0.3799
  41.000        0.3538
  42.000        0.3724
  43.000        0.4250
  44.000        0.4667
  45.000        0.5359
  46.000        0.8127
  47.000        1.5128
  50.000        0.9194
  51.000        0.5908
  52.000        0.4839
  53.000        0.4119
  54.000        0.3747
  55.000        0.3390
  56.000        0.3722
  57.000        0.3510
  58.000        0.3625
  59.000        0.4079
  60.000        0.4353
  61.000        0.4630
  62.000        0.5857
  63.000        1.0691
  66.000        0.6389
  67.000        0.4827
  68.000        0.4337
  69.000        0.3807
  70.000        0.3474
  71.000        0.3299
  72.000        0.3587
  73.000        0.3389
  74.000        0.3456
  75.000        0.3748
  76.000        0.3934
  77.000        0.4144
  78.000        0.5316
  79.000        0.9585
  82.000        0.5910
  83.000        0.4563
  84.000        0.4112
  85.000        0.3636
  86.000        0.3444
  87.000        0.3288
  88.000        0.3530
  89.000        0.3404
  90.000        0.3512
  91.000        0.3825
  92.000        0.3864
  93.000        0.4096
  94.000        0.5418
  95.000        0.9615
  98.000        0.5808
  99.000        0.4409
 100.000        0.4087
 101.000        0.3583
 102.000        0.3493
 103.000        0.3335
 104.000        0.3494
 105.000        0.3401
 106.000        0.3508
 107.000        0.3716
 108.000        0.3927
 109.000        0.4010
 110.000        0.5381
 111.000        0.9653
 114.000        0.6377
 115.000        0.4676
 116.000        0.4270
 117.000        0.3695
 118.000        0.3478
 119.000        0.3287
 120.000        0.3574
 121.000        0.3353
 122.000        0.3356
 123.000        0.3563
 124.000        0.3727
 125.000        0.4095
 126.000        0.6122
 127.000        1.1696
 130.000        0.7078
 131.000        0.5026
 132.000        0.4436
 133.000        0.3810
 134.000        0.3560
 135.000        0.3283
 136.000        0.3598
 137.000        0.3454
 138.000        0.3468
 139.000        0.3444
 140.000        0.3924
 141.000        0.4424
 142.000        0.6875
 143.000        1.3012
 146.000        0.7913
 147.000        0.5599
 148.000        0.4861
 149.000        0.4111
 150.000        0.3648
 151.000        0.3309
 152.000        0.3616
 153.000        0.3525
 154.000        0.3573
 155.000        0.3761
 156.000        0.4442
 157.000        0.5239
 158.000        1.0400
 159.000        2.0802
 162.000        0.9681
 163.000        0.6423
 164.000        0.5629
 165.000        0.4659
 166.000        0.4112
 167.000        0.3789
 168.000        0.3830
 169.000        0.4294
 170.000        0.4129
 171.000        0.4682
 172.000        0.5115
 173.000        0.5973
 174.000        0.8379
 175.000        1.1541
 178.000        1.4606
 179.000        0.8485
 180.000        0.6932
 181.000        0.5889
 182.000        0.5529
 183.000        0.4797
 184.000        0.5102
 185.000        0.5703
 186.000        0.6218
 187.000        0.7413
 188.000        0.7032
 189.000        0.8035
 190.000        0.9573
 191.000        2.1640
 194.000        1.5185
 195.000        0.9252
 196.000        0.7463
 197.000        0.6234
 198.000        0.5996
 199.000        0.4351
 200.000        0.4503
 201.000        0.4855
 202.000        0.4885
 203.000        0.5192
 204.000        0.7347
 205.000        0.7955
 206.000        1.6078
 207.000        3.1887
 210.000        1.0273
 211.000        0.7278
 212.000        0.5960
 213.000        0.4846
 214.000        0.4100
 215.000        0.3299
 216.000        0.3582
 217.000        0.3727
 218.000        0.3824
 219.000        0.4103
 220.000        0.4830
 221.000        0.5485
 222.000        1.0946
 223.000        2.0893
 226.000        0.7726
 227.000        0.5871
 228.000        0.5059
 229.000        0.4265
 230.000        0.3810
 231.000        0.3302
 232.000        0.3544
 233.000        0.3384
 234.000        0.3455
 235.000        0.3847
 236.000        0.4376
 237.000        0.4777
 238.000        0.6245
 239.000        0.9580
 242.000        0.7010
 243.000        0.5154
 244.000        0.4543
 245.000        0.4008
 246.000        0.3710
 247.000        0.3337
 248.000        0.3594
 249.000        0.3428
 250.000        0.3409
 251.000        0.3620
 252.000        0.4080
 253.000        0.4318
 254.000        0.5632
 255.000        1.0074
 258.000        0.6863
 259.000        0.4899
 260.000        0.4380
 261.000        0.3805
 262.000        0.3527
 263.000        0.3399
 264.000        0.3644
 265.000        0.3582
 266.000        0.3536
 267.000        0.3715
 268.000        0.3820
 269.000        0.4024
 270.000        0.5057
 271.000        0.8739
 274.000        0.6574
 275.000        0.4807
 276.000        0.4359
 277.000        0.3950
 278.000        0.3596
 279.000        0.3371
 280.000        0.3725
 281.000        0.3491
 282.000        0.3484
 283.000        0.3687
 284.000        0.3784
 285.000        0.3919
 286.000        0.4904
 287.000        0.7884
 290.000        0.6742
 291.000        0.4837
 292.000        0.4412
 293.000        0.3781
 294.000        0.3528
 295.000        0.3369
 296.000        0.3574
 297.000        0.3549
 298.000        0.3580
 299.000        0.3632
 300.000        0.3640
 301.000        0.3936
 302.000        0.5591
 303.000        0.9736
 306.000        0.7502
 307.000        0.5157
 308.000        0.4403
 309.000        0.3736
 310.000        0.3435
 311.000        0.3273
 312.000        0.3747
 313.000        0.3497
 314.000        0.3586
 315.000        0.3722
 316.000        0.3809
 317.000        0.4176
 318.000        0.6390
 319.000        1.1014
 322.000        1.0610
 323.000        0.5737
 324.000        0.4926
 325.000        0.4063
 326.000        0.3490
 327.000        0.3213
 328.000        0.3527
 329.000        0.3406
 330.000        0.3606
 331.000        0.3766
 332.000        0.3882
 333.000        0.4347
 334.000        0.7086
 335.000        1.4383
 338.000        1.2698
 339.000        0.6797
 340.000        0.6121
 341.000        0.4704
 342.000        0.3908
 343.000        0.3422
 344.000        0.3712
 345.000        0.3668
 346.000        0.3707
 347.000        0.4015
 348.000        0.4277
 349.000        0.4902
 350.000        0.7364
 351.000        1.2624
 354.000        1.5107
 355.000        0.7654
 356.000        0.6029
 357.000        0.5168
 358.000        0.4661
 359.000        0.4283
 360.000        0.3987
 361.000        0.4072
 362.000        0.4373
 363.000        0.4680
 364.000        0.4874
 365.000        0.6148
 366.000        0.9515
 367.000        1.5501
 370.000        1.5614
 371.000        0.8901
 372.000        0.7799
 373.000        0.7449
 374.000        0.6721
 375.000        0.6987
 376.000        0.5851
 377.000        0.6215
 378.000        0.6096
 379.000        0.6651
 380.000        0.6677
 381.000        0.8645
 382.000        1.2948
 383.000        2.1789
