0.00585387      0.00000000      0          0         
0.01201717      0.00000000      0          0         
0.01202985      0.00000000      0          0         
0.01827579      0.00000000      0          0         
0.01855776      0.00000000      0          0         
0.02490353      0.00000000      0          0         
0.02553469      0.00000000      0          0         
0.03200438      0.00000000      0          0         
0.03305978      0.00000000      0          0         
0.03958804      0.00000000      0          0         
0.04477272      0.00595238      0          4         
0.05136626      0.00000000      0          0         
0.05693481      0.00000000      0          0         
0.06360157      0.00000000      0          0         
0.07026834      0.00000000      0          0         
0.07380399      0.00000000      0          0         
0.08055370      0.00000000      0          0         
0.08730360      0.01785714      6          0         
0.09405331      0.01190476      0          8         
0.09577282      0.01190476      4          0         
0.10267825      0.01190476      0          6         
0.10958348      0.02976190      0          14        
0.11648892      0.02976190      4          2         
0.12339435      0.04464286      7          16        
0.13029979      0.04166667      0          24        
0.13720502      0.02380952      0          16        
0.14411046      0.06250000      7          22        
0.15101589      0.06250000      19         4         
0.15792133      0.09821429      27         14        
0.16482656      0.02083333      5          4         
0.17173200      0.01785714      6          0         
0.17863743      0.07142857      12         22        
0.18554266      0.06845238      7          13        
0.19244810      0.04166667      7          8         
0.19935353      0.11309524      32         4         
0.20625897      0.05952381      17         4         
0.21316420      0.09523810      17         13        
0.22006964      0.05952381      13         8         
0.22697507      0.05654762      6          18        
0.23388051      0.10714286      13         30        
0.24078574      0.11904762      30         31        
0.24769117      0.08630952      26         14        
0.25459661      0.09523810      12         40        
0.26150205      0.12202381      32         42        
0.26840728      0.16071429      47         27        
0.27531271      0.20238095      71         28        
0.28221815      0.09821429      28         16        
0.28912338      0.16964286      55         30        
0.29602881      0.16071429      56         36        
0.30293425      0.16071429      51         28        
0.30983969      0.20833333      69         28        
0.31674492      0.17857143      68         27        
0.32365035      0.22321429      69         33        
0.33055579      0.22321429      87         30        
0.33746123      0.26785714      101        21        
0.34436646      0.23214286      95         14        
0.35127189      0.27678571      109        22        
0.35817733      0.25000000      104        22        
0.36508256      0.26488095      123        18        
0.37198799      0.31250000      141        18        
0.37889343      0.25892857      125        16        
0.38579887      0.31845238      144        28        
0.39270410      0.34523810      148        31        
0.39960953      0.36011905      144        27        
0.40651497      0.30357143      137        18        
0.41342041      0.32142857      133        31        
0.42032563      0.35416667      140        46        
0.42723107      0.33928571      152        22        
0.43413651      0.36011905      170        24        
0.44104174      0.31250000      152        8         
0.44794717      0.35416667      195        8         
0.45485261      0.45535714      236        6         
0.46175805      0.41369048      211        4         
0.46866327      0.35714286      169        10        
0.47285046      0.37797619      166        10        
0.47975589      0.39583333      183        20        
0.48666112      0.38392857      187        8         
0.49356656      0.27678571      113        17        
0.50047199      0.34523810      182        14        
0.50737743      0.34226190      142        22        
0.51428266      0.34226190      159        22        
0.52118810      0.32440476      131        22        
0.52809353      0.27678571      120        24        
0.53499897      0.35416667      156        22        
0.54190420      0.35714286      130        25        
0.54880963      0.32738095      136        23        
0.55571507      0.34523810      148        19        
0.56262030      0.37500000      174        35        
0.56952574      0.34523810      141        19        
0.57643117      0.32440476      112        25        
0.58333661      0.39583333      159        26        
0.59024184      0.36904762      149        38        
0.59714728      0.53273810      229        51        
0.60405271      0.42857143      195        29        
0.61095815      0.49702381      224        40        
0.61786338      0.48511905      244        24        
0.62476881      0.45833333      241        16        
0.63167425      0.50297619      247        25        
0.63857969      0.47023810      220        26        
0.64548492      0.52083333      277        30        
0.65239035      0.48809524      234        23        
0.65929579      0.41071429      187        19        
0.66620102      0.42857143      193        33        
0.67310645      0.47321429      211        36        
0.68001189      0.48511905      216        46        
0.68691733      0.45238095      223        24        
0.69382256      0.43154762      187        30        
0.70072799      0.41666667      163        43        
0.70763343      0.47321429      203        31        
0.71453887      0.47916667      199        53        
0.72144409      0.42559524      181        37        
0.72834953      0.45535714      216        21        
0.73525497      0.50892857      218        33        
0.74216020      0.43452381      203        29        
0.74906563      0.38988095      178        23        
0.75597107      0.40178571      185        30        
0.76287651      0.46130952      166        34        
0.76978174      0.46130952      205        39        
0.77668717      0.39285714      192        37        
0.78359261      0.45238095      213        23        
0.79049805      0.46130952      194        39        
0.79740327      0.46428571      188        48        
0.80430871      0.44345238      190        47        
0.81121415      0.50000000      254        39        
0.81811938      0.50892857      248        31        
0.82502481      0.37500000      165        16        
0.83193025      0.39285714      166        19        
0.83883569      0.49702381      222        32        
0.84574091      0.48809524      226        30        
0.85075825      0.52976190      229        53        
0.85766368      0.49404762      240        25        
0.86456891      0.50297619      214        35        
0.87147435      0.53273810      231        26        
0.87837979      0.45833333      221        25        
0.88528522      0.47023810      210        34        
0.89219045      0.47916667      216        35        
0.89909589      0.44642857      199        28        
0.90600132      0.46130952      195        31        
0.91290676      0.52380952      233        40        
0.91981199      0.51190476      217        30        
0.92671743      0.53273810      226        42        
0.93362286      0.51785714      243        23        
0.94052809      0.46428571      224        18        
0.94743353      0.52678571      250        28        
0.95433896      0.51785714      252        32        
0.96124440      0.47619048      221        20        
0.96814963      0.46428571      210        28        
0.97505507      0.46428571      214        33        
0.98196050      0.47321429      206        26        
0.98886594      0.44940476      207        22        
0.99577117      0.51488095      241        25        
1.00267661      0.55654762      268        20        
1.00958204      0.55059524      254        26        
1.01648748      0.49404762      234        24        
1.02339271      0.52976190      252        32        
1.03029814      0.48214286      222        20        
1.03720358      0.46726190      222        20        
1.04410881      0.46428571      212        24        
1.05101425      0.46428571      213        24        
1.05791968      0.49107143      236        30        
1.06482512      0.49404762      225        27        
1.07173035      0.47321429      210        28        
1.07863578      0.42559524      208        16        
1.08554122      0.52380952      267        23        
1.09244666      0.53869048      264        30        
1.09935189      0.49702381      235        25        
1.10625732      0.50595238      255        18        
1.11316276      0.52976190      271        23        
1.12006799      0.50297619      249        14        
1.12697343      0.48214286      244        20        
1.13387886      0.46726190      226        24        
1.14078430      0.55357143      301        9         
1.14768953      0.55654762      247        15        
1.15459496      0.57738095      285        23        
1.16150040      0.57440476      290        20        
1.16840584      0.56250000      271        26        
1.17531107      0.52976190      264        20        
1.18221650      0.49702381      237        34        
1.18912194      0.53571429      257        20        
1.19602717      0.56547619      269        24        
1.20293260      0.58333333      314        16        
1.20983804      0.58035714      286        20        
1.21674348      0.53869048      264        19        
1.22364871      0.57142857      302        16        
1.22971115      0.55654762      267        22        
1.23661659      0.55654762      292        19        
1.24352181      0.54464286      272        16        
1.25042725      0.59226190      293        20        
1.25733269      0.58928571      311        26        
1.26423813      0.58035714      302        23        
1.27114335      0.58035714      298        18        
1.27804879      0.55059524      289        20        
1.28495423      0.48511905      236        20        
1.29185966      0.56250000      286        27        
1.29876489      0.60714286      313        21        
1.30567033      0.52380952      262        21        
1.31257577      0.59226190      301        24        
1.31948099      0.57440476      295        19        
1.32638643      0.49107143      245        15        
1.33329187      0.49107143      260        22        
1.34019730      0.48809524      225        24        
1.34710253      0.47916667      223        23        
1.35400797      0.52678571      233        23        
1.36091341      0.47023810      205        31        
1.36781884      0.46726190      224        20        
1.37472407      0.56845238      273        17        
1.38162951      0.46428571      220        23        
1.38853494      0.48809524      256        18        
1.39544038      0.50892857      247        19        
1.40234561      0.54464286      279        20        
1.40925105      0.56250000      272        18        
1.41615648      0.55357143      297        24        
1.42306171      0.59821429      310        25        
1.42996715      0.54464286      257        16        
1.43687259      0.53571429      280        16        
1.44377802      0.48511905      236        16        
1.45068325      0.50892857      257        17        
1.45758869      0.54761905      287        18        
1.46449412      0.57142857      289        28        
1.47139956      0.58928571      291        20        
1.47830479      0.49404762      241        24        
1.48521023      0.60416667      305        33        
1.49211566      0.59523810      308        28        
1.49902089      0.55357143      279        26        
1.50592633      0.56845238      279        26        
1.51283176      0.56845238      298        23        
1.51973720      0.61011905      325        19        
1.52664243      0.59523810      321        17        
1.53354787      0.56845238      290        19        
1.54045330      0.55059524      272        35        
1.54735874      0.50595238      236        20        
1.55426397      0.50297619      243        22        
1.56116940      0.50297619      257        24        
1.56807484      0.61011905      315        22        
1.57498007      0.54761905      289        21        
1.58188551      0.54166667      264        27        
1.58879094      0.53273810      264        23        
1.59569638      0.49404762      261        20        
1.60260161      0.58333333      297        20        
1.60857415      0.57440476      285        33        
1.61547959      0.61904762      322        25        
1.62238482      0.55654762      296        20        
1.62929025      0.60416667      325        20        
1.63619569      0.59523810      311        14        
1.64310113      0.62797619      334        18        
1.65000635      0.59226190      330        14        
1.65691179      0.63095238      365        16        
1.66381723      0.58928571      301        16        
1.67072267      0.57738095      277        16        
1.67762789      0.58928571      292        18        
1.68453333      0.65476190      360        20        
1.69143877      0.58333333      307        16        
1.69834399      0.60714286      309        28        
1.70524943      0.58035714      301        26        
1.71215487      0.58333333      315        12        
1.71906031      0.57142857      312        21        
1.72596553      0.57142857      273        23        
1.73287097      0.56250000      282        20        
1.73977641      0.59226190      279        37        
1.74668185      0.58035714      287        20        
1.75358707      0.57440476      294        16        
1.76049251      0.60416667      313        14        
1.76739795      0.63095238      315        12        
1.77430338      0.60119048      299        23        
1.78120861      0.59226190      296        13        
1.78811405      0.54464286      263        16        
1.79501949      0.54464286      258        24        
1.80192471      0.55059524      264        23        
1.80883015      0.64880952      340        19        
1.81573559      0.60714286      311        18        
1.82264103      0.57738095      278        20        
1.82954625      0.61011905      314        36        
1.83645169      0.62500000      306        21        
1.84335713      0.58035714      287        18        
1.85026256      0.58333333      286        16        
1.85716779      0.56845238      274        16        
1.86407323      0.61309524      308        19        
1.87097867      0.59821429      286        22        
1.87788389      0.58035714      294        16        
1.88478933      0.62202381      318        19        
1.89169477      0.65773810      340        16        
1.89860020      0.63095238      326        12        
1.90550543      0.63392857      332        16        
1.91241087      0.59821429      311        10        
1.91931631      0.58928571      299        18        
1.92622174      0.60416667      285        16        
1.93312697      0.62202381      326        19        
1.94003241      0.64880952      334        20        
1.94693784      0.68154762      351        20        
1.95384307      0.66964286      359        10        
1.96074851      0.63095238      325        8         
1.96765395      0.73214286      387        30        
1.97455938      0.67857143      361        12        
1.98146461      0.70238095      390        4         
1.98800203      0.68154762      370        4         
1.99490746      0.69047619      398        12        
2.00181269      0.64880952      352        8         
2.00871813      0.67261905      365        10        
2.01562357      0.68452381      374        10        
2.02252900      0.69642857      389        10        
2.02943423      0.72916667      385        12        
2.03633967      0.74404762      388        12        
2.04324511      0.75297619      391        12        
2.05015054      0.75595238      381        10        
2.05705577      0.71726190      392        14        
2.06396121      0.69047619      376        10        
2.07086664      0.74107143      410        10        
2.07777187      0.73214286      394        12        
2.08467731      0.66071429      359        16        
2.09158275      0.66369048      361        18        
2.09848818      0.69642857      380        16        
2.10539341      0.66964286      362        18        
2.11229885      0.68154762      356        16        
2.11920428      0.69345238      350        18        
2.12610972      0.69940476      353        22        
2.13301495      0.69047619      349        22        
2.13992039      0.68154762      366        8         
2.14682582      0.72023810      395        12        
2.15373126      0.80059524      442        18        
2.16063649      0.75000000      399        12        
2.16754192      0.73809524      387        26        
2.17444736      0.70535714      371        16        
2.18135259      0.70833333      374        14        
2.18825803      0.66666667      352        12        
2.19516346      0.72321429      378        16        
2.20206890      0.70238095      371        14        
2.20897413      0.71428571      383        16        
2.21587957      0.71428571      387        12        
2.22278500      0.76785714      404        17        
2.22969044      0.71130952      368        10        
2.23659567      0.65773810      377        10        
2.24350110      0.75000000      387        14        
2.25040654      0.68154762      374        16        
2.25731177      0.69940476      368        12        
2.26421721      0.66666667      352        8         
2.27112264      0.66666667      369        12        
2.27802808      0.72023810      391        16        
2.28493331      0.66369048      363        6         
2.29183874      0.64583333      347        8         
2.29874418      0.64583333      344        14        
2.30564962      0.65476190      347        23        
2.31255485      0.63988095      347        10        
2.31946028      0.69047619      359        16        
2.32636572      0.63690476      339        12        
2.33327095      0.68154762      358        18        
2.34017638      0.64880952      348        14        
2.34708182      0.68154762      353        14        
2.35398726      0.66071429      361        6         
2.36089249      0.68452381      347        22        
2.36779792      0.67857143      379        12        
2.36812678      0.66964286      352        10        
2.37503222      0.71130952      386        12        
2.38193745      0.68452381      345        14        
2.38884289      0.67857143      339        10        
2.39574832      0.69642857      342        20        
2.40265376      0.72321429      362        21        
2.40955899      0.66369048      346        8         
2.41646442      0.78571429      415        12        
2.42336986      0.75892857      387        12        
2.43027530      0.74404762      373        10        
2.43718053      0.75595238      392        16        
2.44408596      0.73511905      386        12        
2.45099140      0.69940476      360        8         
2.45789663      0.73511905      375        10        
2.46480206      0.74404762      383        16        
2.47170750      0.71726190      393        14        
2.47861294      0.70833333      381        16        
2.48551817      0.70833333      384        16        
2.49242360      0.74404762      394        14        
2.49932904      0.70535714      373        12        
2.50623448      0.69940476      369        16        
2.51313971      0.65773810      330        24        
2.52004514      0.68154762      363        16        
2.52695058      0.67857143      342        19        
2.53385602      0.67261905      357        8         
2.54076124      0.70833333      354        26        
2.54766668      0.73511905      362        28        
2.55457212      0.69345238      364        12        
2.56147735      0.68750000      344        24        
2.56838278      0.70833333      366        18        
2.57528822      0.69642857      356        16        
2.58219366      0.75000000      375        18        
2.58909888      0.70238095      359        11        
2.59600432      0.71130952      379        21        
2.60290976      0.72321429      370        33        
2.60981520      0.73214286      376        19        
2.61672042      0.77083333      420        10        
2.62362586      0.76190476      414        10        
2.63053130      0.72321429      388        10        
2.63743653      0.69642857      374        10        
2.64434196      0.75595238      419        12        
2.65124740      0.75595238      403        12        
2.65815284      0.73214286      388        16        
2.66505806      0.71130952      374        14        
2.67196350      0.70238095      388        8         
2.67886894      0.74404762      402        12        
2.68577438      0.74107143      390        12        
2.69267960      0.75892857      401        12        
2.69958504      0.75000000      416        12        
2.70649048      0.75000000      404        14        
2.71339570      0.77678571      427        10        
2.72030114      0.75297619      400        8         
2.72720658      0.75000000      410        12        
2.73411202      0.73511905      392        12        
2.74101724      0.77380952      404        18        
2.74792268      0.77678571      400        20        
2.74855366      0.77678571      412        16        
2.75545910      0.80654762      424        16        
2.76236433      0.75892857      404        18        
2.76926976      0.75297619      401        18        
2.77617520      0.72916667      394        11        
2.78308064      0.75595238      391        14        
2.78998587      0.72916667      397        10        
2.79689130      0.81250000      436        14        
2.80379674      0.79464286      434        18        
2.81070218      0.76190476      395        20        
2.81760741      0.73511905      397        16        
2.82451284      0.80952381      445        12        
2.83141828      0.76785714      405        14        
2.83832351      0.77678571      410        8         
2.84522894      0.76785714      419        15        
2.85213438      0.78571429      415        10        
2.85903982      0.73809524      377        14        
2.86594505      0.69047619      356        16        
2.87285048      0.74404762      395        20        
2.87975592      0.73511905      370        12        
2.88666136      0.73809524      392        8         
2.89356658      0.72619048      389        14        
2.90047202      0.75000000      385        10        
2.90737746      0.68154762      351        10        
2.91428290      0.72916667      392        12        
2.92118812      0.75297619      404        18        
2.92809356      0.75297619      410        10        
2.93499900      0.69345238      373        12        
2.94190422      0.78869048      427        10        
2.94880966      0.69047619      353        10        
2.95571510      0.63690476      335        10        
2.96262054      0.69642857      359        10        
2.96952576      0.70238095      378        10        
2.97643120      0.71130952      380        12        
2.98333664      0.72619048      380        14        
2.99024208      0.71130952      372        8         
2.99714730      0.72619048      395        10        
3.00405274      0.69940476      389        8         
3.01095818      0.69345238      372        8         
3.01786340      0.74702381      393        12        
3.02476884      0.74107143      369        12        
3.03167428      0.69345238      360        12        
3.03857972      0.69047619      355        22        
3.04548494      0.71130952      348        14        
3.05239038      0.70535714      371        19        
3.05929582      0.72619048      388        14        
3.06620125      0.75892857      389        12        
3.07310648      0.76488095      397        10        
3.08001192      0.70833333      381        10        
3.08691736      0.70238095      370        13        
3.09382258      0.77678571      385        30        
3.10072802      0.71726190      382        12        
3.10763346      0.73809524      369        10        
3.11453890      0.77083333      425        12        
3.12144412      0.78571429      428        16        
3.12834956      0.73809524      380        16        
3.12892201      0.73809524      395        12        
3.13582745      0.75892857      415        12        
3.14273268      0.71428571      370        12        
3.14963811      0.75297619      372        20        
3.15654355      0.74702381      405        20        
3.16344899      0.76488095      405        26        
3.17035422      0.73511905      406        12        
3.17725965      0.69940476      378        18        
3.18416509      0.76488095      405        26        
3.19107053      0.77976190      409        20        
3.19797575      0.76488095      407        18        
3.20488119      0.76785714      402        28        
3.21178663      0.77380952      408        20        
3.21869186      0.76785714      413        24        
3.22559729      0.75595238      403        20        
3.23250273      0.74404762      393        24        
3.23940817      0.75297619      397        18        
3.24631339      0.73511905      390        20        
3.25321883      0.77083333      418        18        
3.26012427      0.76190476      410        20        
3.26702971      0.70535714      361        18        
3.27393493      0.72619048      389        20        
3.28084037      0.76488095      426        16        
3.28774581      0.70535714      375        16        
3.29465125      0.73809524      408        12        
3.30155647      0.77083333      426        20        
3.30846191      0.77678571      444        18        
3.31536735      0.72619048      409        12        
3.32227257      0.75297619      420        14        
3.32917801      0.72321429      394        18        
3.33608345      0.77380952      422        20        
3.34298889      0.81845238      437        20        
3.34989411      0.75000000      409        16        
3.35679955      0.76190476      417        12        
3.36370499      0.78273810      431        12        
3.37061043      0.77678571      419        10        
3.37751565      0.71726190      379        16        
3.38442109      0.75595238      403        18        
3.39132653      0.73214286      391        18        
3.39823175      0.74702381      387        20        
3.40513719      0.78273810      419        18        
3.41204263      0.75595238      406        20        
3.41894807      0.72321429      396        16        
3.42585329      0.77678571      422        16        
3.43275873      0.73809524      409        10        
3.43966417      0.76785714      411        19        
3.44656960      0.75595238      404        24        
3.45347483      0.73214286      401        12        
3.46038027      0.77083333      423        10        
3.46728571      0.73809524      399        10        
3.47419093      0.74404762      403        12        
3.48109637      0.72619048      383        16        
3.48800181      0.74702381      404        16        
3.49490724      0.75000000      406        20        
3.50181247      0.77083333      405        31        
3.50871791      0.76785714      398        27        
3.50916088      0.75000000      388        27        
3.51606632      0.76785714      406        24        
3.52297155      0.76190476      413        16        
3.52987698      0.77976190      406        20        
3.53678242      0.75297619      408        37        
3.54368786      0.77976190      410        18        
3.55059308      0.80059524      436        20        
3.55749852      0.80357143      430        24        
3.56440396      0.79464286      423        24        
3.57130940      0.76190476      398        21        
3.57821462      0.79761905      413        30        
3.58512006      0.72321429      374        24        
3.59202550      0.74107143      382        24        
3.59893072      0.70535714      377        23        
3.60583616      0.73809524      372        31        
3.61274160      0.74702381      391        25        
3.61964704      0.75297619      393        27        
3.62655226      0.74404762      384        34        
3.63345770      0.73809524      363        32        
3.64036314      0.77083333      395        22        
3.64726858      0.79166667      410        36        
3.65417380      0.76190476      396        29        
3.66107924      0.73214286      386        29        
3.66798468      0.75000000      383        16        
3.67489011      0.73214286      364        24        
3.68179534      0.69642857      342        18        
3.68870078      0.72916667      361        30        
3.69560622      0.72321429      361        27        
3.70251144      0.71428571      358        28        
3.70941688      0.76190476      378        27        
3.71632232      0.71130952      375        17        
3.72322775      0.73809524      363        18        
3.73013298      0.74702381      391        12        
3.73703842      0.77083333      391        22        
3.74394386      0.73511905      390        21        
3.75084929      0.69940476      363        16        
3.75775452      0.71428571      361        16        
3.76465996      0.72321429      359        27        
3.77156540      0.69940476      345        33        
3.77847062      0.69345238      343        17        
3.78537606      0.72619048      370        18        
3.79228150      0.76488095      388        17        
3.79918693      0.76488095      410        17        
3.80609216      0.73214286      383        19        
3.81299760      0.73511905      398        8         
3.81990304      0.75595238      407        12        
3.82680847      0.71726190      381        16        
3.83371370      0.72023810      380        14        
3.84061914      0.71726190      379        18        
3.84752457      0.72321429      374        20        
3.85442980      0.73809524      396        20        
3.86133524      0.78571429      407        28        
3.86824068      0.75892857      397        26        
3.87514611      0.75297619      372        34        
3.88205134      0.73511905      381        22        
3.88895678      0.71130952      367        28        
3.88916500      0.73809524      376        28        
3.89607044      0.72916667      380        22        
3.90297566      0.71428571      375        12        
3.90988110      0.73511905      385        8         
3.91678654      0.73809524      395        14        
3.92369198      0.74404762      396        10        
3.93059720      0.72916667      387        20        
3.93750264      0.72916667      386        10        
3.94440808      0.73511905      385        12        
3.95131351      0.74404762      395        10        
3.95821874      0.79464286      416        12        
3.96512418      0.75297619      397        14        
3.97202962      0.72916667      381        10        
3.97893484      0.71428571      376        14        
3.98584028      0.72619048      391        12        
3.99274572      0.72916667      390        14        
3.99965116      0.75297619      420        17        
4.00655638      0.72916667      396        19        
4.01346182      0.75595238      417        15        
4.02036726      0.73214286      400        8         
4.02727269      0.75892857      394        24        
4.03417792      0.73214286      388        21        
4.04108336      0.72916667      391        22        
4.04798880      0.72916667      380        21        
4.05489423      0.72023810      379        19        
4.06179946      0.75297619      407        21        
4.06870490      0.70833333      365        15        
4.07561033      0.72023810      383        20        
4.08251556      0.66666667      347        23        
4.08942100      0.69940476      369        26        
4.09632644      0.72619048      393        25        
4.10323187      0.72023810      373        29        
4.11013710      0.76488095      414        26        
4.11704254      0.76190476      416        24        
4.12394797      0.77380952      404        36        
4.13085341      0.74107143      398        25        
4.13775864      0.79464286      434        23        
4.14466408      0.78869048      432        19        
4.15156951      0.76785714      406        29        
4.15847474      0.76785714      409        22        
4.16538018      0.75297619      403        14        
4.17228562      0.76488095      416        16        
4.17919105      0.77678571      413        19        
4.18609628      0.75297619      405        17        
4.19300172      0.75595238      407        21        
4.19990715      0.72321429      383        22        
4.20681259      0.77083333      401        20        
4.21371782      0.75595238      382        21        
4.22062326      0.73214286      387        18        
4.22752869      0.74107143      389        19        
4.23443392      0.75595238      391        25        
4.24133936      0.72023810      381        12        
4.24824479      0.75297619      395        10        
4.25515023      0.68452381      356        16        
4.26205546      0.72023810      374        14        
4.26896090      0.76190476      399        10        
4.26933881      0.73511905      380        12        
4.27624425      0.69642857      373        10        
4.28314948      0.76488095      388        16        
4.29005491      0.68452381      365        12        
4.29696035      0.72916667      398        8         
4.30386579      0.75297619      399        14        
4.31077101      0.74702381      399        8         
4.31767645      0.72321429      401        10        
4.32458189      0.77380952      423        10        
4.33148733      0.72916667      397        8         
4.33839255      0.74702381      407        12        
4.34529799      0.75297619      407        12        
4.35220343      0.74702381      408        10        
4.35910866      0.72916667      395        15        
4.36601409      0.74107143      411        13        
4.37291953      0.73511905      382        16        
4.37982497      0.70238095      358        17        
4.38673019      0.76190476      396        18        
4.39363563      0.71428571      390        10        
4.40054107      0.72321429      399        12        
4.40744651      0.72321429      388        12        
4.41435173      0.77678571      435        14        
4.42125717      0.76488095      403        20        
4.42816261      0.75000000      409        15        
4.43506805      0.72916667      394        21        
4.44197327      0.75000000      400        19        
4.44887871      0.72916667      374        24        
4.45578415      0.70833333      367        16        
4.46268937      0.71428571      376        28        
4.46959481      0.68452381      355        12        
4.47650025      0.68452381      361        20        
4.48340569      0.69642857      358        23        
4.49031091      0.69940476      365        22        
4.49721635      0.70238095      387        19        
4.50412179      0.69940476      377        22        
4.51102722      0.73511905      391        19        
4.51793245      0.71726190      379        34        
4.52483789      0.75297619      392        24        
4.53174333      0.71726190      388        14        
4.53864855      0.78571429      421        26        
4.54555399      0.74702381      403        26        
4.55245943      0.71726190      371        29        
4.55936486      0.73511905      395        26        
4.56627009      0.74107143      393        20        
4.57317553      0.77678571      413        18        
4.58008097      0.73809524      391        18        
4.58698640      0.70238095      372        14        
4.59389163      0.72916667      378        16        
4.60079707      0.71726190      385        14        
4.60770251      0.72023810      373        22        
4.61460773      0.72321429      390        24        
4.62151317      0.71726190      379        12        
4.62841861      0.72916667      388        12        
4.63532404      0.75892857      389        22        
4.64222927      0.80357143      421        14        
4.64913471      0.76488095      402        24        
4.64964821      0.72619048      382        24        
4.65655365      0.73214286      399        16        
4.66345887      0.81250000      418        18        
4.67036431      0.78273810      420        16        
4.67726975      0.80357143      417        26        
4.68417519      0.75000000      387        26        
4.69108041      0.80059524      412        28        
4.69798585      0.73511905      391        18        
4.70489129      0.77083333      406        20        
4.71179673      0.75595238      392        24        
4.71870195      0.77380952      412        20        
4.72560739      0.76190476      401        14        
4.73251283      0.77083333      404        18        
4.73941805      0.74107143      394        14        
4.74632349      0.75000000      395        16        
4.75322893      0.76785714      402        18        
4.76013437      0.77380952      411        14        
4.76703959      0.73809524      387        22        
4.77394503      0.78869048      415        18        
4.78085047      0.75892857      408        18        
4.78775591      0.74404762      401        12        
4.79466113      0.78869048      416        12        
4.80156657      0.76488095      412        12        
4.80847201      0.79166667      418        12        
4.81537744      0.78869048      414        14        
4.82228267      0.74702381      397        16        
4.82918811      0.80059524      420        12        
4.83609355      0.76785714      409        10        
4.84299877      0.82142857      468        12        
4.84990421      0.76785714      423        12        
4.85680965      0.75595238      407        12        
4.86371508      0.82738095      454        16        
4.87062031      0.81250000      456        16        
4.87752575      0.76785714      419        16        
4.88443119      0.81547619      438        18        
4.89133662      0.78273810      426        20        
4.89824185      0.78273810      414        20        
4.90514729      0.76190476      418        12        
4.91205272      0.77083333      426        12        
4.91895795      0.73511905      391        13        
4.92586339      0.74702381      385        12        
4.93276883      0.76785714      401        19        
4.93967426      0.77380952      399        28        
4.94657949      0.81250000      426        26        
4.95348493      0.73511905      373        27        
4.96039037      0.75000000      386        29        
4.96729580      0.77083333      396        26        
4.97420103      0.77380952      391        29        
4.98110647      0.78273810      405        31        
4.98801190      0.82738095      418        40        
4.99491713      0.75000000      387        25        
5.00182257      0.77976190      399        23        
5.00872801      0.75000000      390        20        
5.01563344      0.75595238      393        14        
5.02253867      0.77380952      409        16        
5.02944411      0.76488095      404        18        
5.03079976      0.77976190      416        16        
5.03770520      0.80654762      417        33        
5.04461043      0.80357143      411        29        
5.05151586      0.80357143      416        23        
5.05842130      0.86309524      449        26        
5.06532674      0.85714286      447        19        
5.07223196      0.83630952      436        17        
5.07913740      0.84821429      446        18        
5.08604284      0.84226190      448        16        
5.09294828      0.80357143      424        16        
5.09985350      0.84523810      436        21        
5.10675894      0.84226190      434        20        
5.11366438      0.83928571      426        35        
5.12056960      0.80952381      426        21        
5.12747504      0.81845238      427        16        
5.13438048      0.80952381      419        17        
5.14128592      0.84523810      442        21        
5.14819114      0.78273810      408        23        
5.15509658      0.81845238      427        19        
5.16200202      0.80654762      418        18        
5.16890746      0.79166667      423        16        
5.17581268      0.84523810      440        27        
5.18271812      0.84821429      440        21        
5.18962356      0.78273810      412        16        
5.19652899      0.80059524      418        20        
5.20343422      0.85416667      440        23        
5.21033966      0.79464286      422        21        
5.21724510      0.81250000      427        20        
5.22415032      0.84226190      444        26        
5.23105576      0.80059524      405        21        
5.23796120      0.79166667      413        26        
5.24486664      0.78571429      407        14        
5.25177186      0.83035714      431        23        
5.25867730      0.79464286      413        20        
5.26558274      0.82142857      458        19        
5.27248817      0.82738095      438        23        
5.27939340      0.77976190      419        26        
5.28629884      0.77678571      404        20        
5.29320428      0.75892857      398        21        
5.30010950      0.76785714      404        19        
5.30701494      0.77678571      412        19        
5.31392038      0.77976190      414        24        
5.32082581      0.80952381      437        18        
5.32773104      0.81547619      442        21        
5.33463648      0.85416667      448        18        
5.34154192      0.82142857      429        18        
5.34844735      0.80059524      433        18        
5.35535258      0.80357143      422        18        
5.36225802      0.77678571      413        19        
5.36916345      0.80357143      425        16        
5.37606868      0.76785714      405        14        
5.38297412      0.78273810      417        16        
5.38987956      0.80654762      424        20        
5.39678499      0.78273810      412        23        
5.40369022      0.75595238      399        24        
5.41059566      0.79464286      422        17        
5.41217890      0.78571429      421        14        
5.41908434      0.78571429      420        19        
5.42598957      0.82738095      440        14        
5.43289501      0.83928571      443        12        
5.43980044      0.80059524      429        8         
5.44670588      0.81845238      425        12        
5.45361111      0.82142857      433        12        
5.46051654      0.78273810      416        16        
5.46742198      0.80952381      434        10        
5.47432742      0.86607143      464        17        
5.48123265      0.83630952      437        14        
5.48813808      0.86607143      458        21        
5.49504352      0.84523810      452        12        
5.50194875      0.82738095      438        8         
5.50885418      0.83333333      451        10        
5.51575962      0.87202381      465        12        
5.52266506      0.85119048      454        12        
5.52957029      0.85416667      453        12        
5.53647572      0.87202381      464        12        
5.54338116      0.86904762      467        12        
5.55028660      0.86607143      464        8         
5.55719183      0.86309524      471        8         
5.56409726      0.85119048      463        10        
5.57100270      0.86011905      457        12        
5.57790814      0.90773810      473        12        
5.58481336      0.84226190      453        8         
5.59171880      0.83630952      450        10        
5.59862424      0.84226190      449        12        
5.60552947      0.86011905      454        12        
5.61243490      0.86904762      461        10        
5.61934034      0.84523810      460        8         
5.62624578      0.79464286      421        10        
5.63315100      0.84821429      453        8         
5.64005644      0.79166667      422        8         
5.64696188      0.83333333      439        12        
5.65386732      0.82738095      443        10        
5.66077254      0.83333333      452        10        
5.66767798      0.84523810      460        10        
5.67458342      0.80952381      431        10        
5.68148865      0.85416667      465        12        
5.68839408      0.82440476      438        10        
5.69529952      0.80059524      430        10        
5.70220496      0.78869048      414        16        
5.70911018      0.78869048      414        12        
5.71601562      0.79761905      428        12        
5.72292106      0.83035714      441        10        
5.72982650      0.80952381      429        12        
5.73673172      0.81250000      439        10        
5.74363716      0.81250000      435        10        
5.75054260      0.84821429      457        8         
5.75744782      0.80357143      431        10        
5.76435326      0.82440476      442        10        
5.77125870      0.80357143      426        15        
5.77816414      0.84226190      444        10        
5.78506936      0.83630952      444        10        
5.79197480      0.82738095      434        12        
5.79379469      0.83333333      435        12        
5.80070013      0.80357143      433        10        
5.80760536      0.85416667      455        12        
5.81451079      0.82440476      443        10        
5.82141623      0.80654762      431        10        
5.82832167      0.84523810      460        8         
5.83522689      0.85119048      460        10        
5.84213233      0.82440476      440        8         
5.84903777      0.83333333      449        6         
5.85594321      0.85119048      447        4         
5.86284843      0.84821429      447        10        
5.86975387      0.84523810      444        12        
5.87665931      0.81845238      433        6         
5.88356453      0.80952381      425        8         
5.89046997      0.83333333      448        8         
5.89737541      0.84226190      449        8         
5.90428085      0.82142857      442        4         
5.91118607      0.85416667      454        4         
5.91809151      0.82142857      420        10        
5.92499695      0.77083333      398        2         
5.93190239      0.76488095      405        8         
5.93880761      0.83630952      449        8         
5.94571305      0.87797619      462        14        
5.95261849      0.81547619      438        10        
5.95952392      0.80654762      428        12        
5.96642915      0.83333333      441        11        
5.97333459      0.81845238      446        10        
5.98024003      0.82738095      449        10        
5.98714525      0.81845238      440        8         
5.99405069      0.82738095      446        8         
6.00095613      0.82440476      452        4         
6.00786157      0.79761905      427        8         
6.01476679      0.81845238      438        10        
6.02167223      0.81547619      441        8         
6.02857767      0.82142857      436        14        
6.03548310      0.82440476      434        12        
6.04238833      0.77976190      409        8         
6.04929377      0.84226190      456        8         
6.05619921      0.85714286      463        8         
6.06310443      0.84226190      443        10        
6.07000987      0.83035714      444        10        
6.07691531      0.85416667      459        12        
6.08382074      0.88988095      477        8         
6.09072597      0.84821429      476        8         
6.09763141      0.84523810      454        10        
6.10453685      0.81547619      440        10        
6.11144228      0.84523810      452        8         
6.11834751      0.81547619      441        10        
6.12525295      0.83928571      450        12        
6.13215838      0.83928571      448        12        
6.13906361      0.84523810      452        10        
6.14596905      0.84226190      445        8         
6.15287449      0.83333333      442        10        
6.15977992      0.81845238      439        10        
6.16668515      0.82142857      447        8         
6.17359059      0.86904762      460        12        
6.17530374      0.84523810      457        8         
6.18220917      0.86309524      456        12        
6.18911440      0.82440476      446        10        
6.19601984      0.80059524      435        6         
6.20292527      0.81250000      437        6         
6.20983071      0.79761905      432        13        
6.21673594      0.80059524      424        8         
6.22364138      0.78869048      421        7         
6.23054681      0.78869048      420        12        
6.23745225      0.81250000      438        14        
6.24435748      0.80059524      426        14        
6.25126292      0.77976190      415        10        
6.25816835      0.82738095      439        10        
6.26507358      0.83630952      445        10        
6.27197902      0.84226190      444        16        
6.27888445      0.83630952      459        14        
6.28578989      0.81250000      430        22        
6.29269512      0.81547619      448        12        
6.29960056      0.80952381      450        10        
6.30650599      0.85416667      466        12        
6.31341143      0.80952381      428        12        
6.32031666      0.80357143      427        10        
6.32722209      0.78869048      412        12        
6.33412753      0.81845238      435        10        
6.34103297      0.83928571      458        12        
6.34793820      0.83928571      455        12        
6.35484363      0.82142857      437        18        
6.36174907      0.81547619      439        8         
6.36865430      0.83630952      461        10        
6.37555973      0.83928571      454        14        
6.38246517      0.85119048      443        13        
6.38937061      0.84226190      449        8         
6.39627584      0.83035714      439        10        
6.40318127      0.83035714      436        12        
6.41008671      0.84226190      447        14        
6.41699215      0.85416667      453        12        
6.42389738      0.86607143      459        15        
6.43080281      0.85714286      455        15        
6.43770825      0.83928571      442        13        
6.44461348      0.84226190      452        8         
6.45151891      0.85119048      447        10        
6.45842435      0.79761905      416        14        
6.46532979      0.86904762      449        14        
6.47223502      0.87797619      465        12        
6.47914045      0.85416667      451        11        
6.48604589      0.81547619      432        17        
6.49295133      0.79761905      419        12        
6.49985655      0.83035714      442        12        
6.50676199      0.82440476      436        12        
6.51366743      0.81547619      432        12        
6.52057266      0.80059524      431        6         
6.52747809      0.78273810      421        12        
6.53438353      0.79464286      425        12        
6.54128897      0.80654762      430        12        
6.54819420      0.82142857      433        17        
6.55509963      0.79464286      420        12        
6.55674351      0.79761905      423        12        
6.56364895      0.79166667      426        15        
6.57055418      0.84226190      444        12        
6.57745961      0.83035714      444        12        
6.58436505      0.80952381      443        12        
6.59127049      0.83928571      443        17        
6.59817572      0.80952381      430        12        
6.60508115      0.79761905      419        18        
6.61198659      0.81547619      438        14        
6.61889203      0.80357143      422        17        
6.62579726      0.81547619      429        16        
6.63270269      0.80357143      428        15        
6.63960813      0.78869048      419        10        
6.64651336      0.81250000      430        8         
6.65341879      0.80357143      438        12        
6.66032423      0.78273810      429        10        
6.66722967      0.78571429      426        12        
6.67413490      0.79464286      426        14        
6.68104033      0.80654762      422        12        
6.68794577      0.79166667      422        14        
6.69485121      0.80952381      429        16        
6.70175643      0.80952381      428        12        
6.70866187      0.80952381      431        14        
6.71556731      0.79464286      436        10        
6.72247275      0.76488095      405        12        
6.72937797      0.80952381      433        10        
6.73628341      0.79464286      429        10        
6.74318885      0.83333333      454        12        
6.75009408      0.80357143      436        12        
6.75699951      0.81547619      438        10        
6.76390495      0.84226190      454        15        
6.77081039      0.78571429      431        8         
6.77771561      0.81547619      436        12        
6.78462105      0.80357143      436        14        
6.79152649      0.79464286      429        12        
6.79843193      0.80059524      430        12        
6.80533715      0.78869048      416        21        
6.81224259      0.78869048      415        10        
6.81914803      0.78571429      419        18        
6.82605325      0.78273810      403        15        
6.83295869      0.83630952      446        17        
6.83986413      0.81845238      436        12        
6.84676957      0.81547619      433        15        
6.85367479      0.80059524      431        14        
6.86058023      0.84821429      453        12        
6.86748567      0.83035714      458        10        
6.87439111      0.79166667      422        12        
6.88129633      0.79761905      431        12        
6.88820177      0.77678571      415        12        
6.89510721      0.83035714      437        14        
6.90201243      0.80952381      439        10        
6.90891787      0.82440476      446        12        
6.91582331      0.79761905      422        12        
6.92272875      0.80059524      435        8         
6.92963397      0.74702381      407        8         
6.93653941      0.78571429      425        13        
6.93784517      0.81250000      440        11        
6.94475060      0.79761905      427        12        
6.95165583      0.79166667      421        6         
6.95856127      0.78273810      418        12        
6.96546671      0.76785714      409        12        
6.97237214      0.82142857      441        16        
6.97927737      0.79464286      419        16        
6.98618281      0.81547619      434        18        
6.99308824      0.81547619      421        14        
6.99999368      0.82142857      445        16        
7.00689891      0.83928571      448        16        
7.01380435      0.80357143      432        16        
7.02070978      0.80654762      435        14        
7.02761501      0.77976190      424        14        
7.03452045      0.80654762      444        14        
7.04142589      0.82738095      457        12        
7.04833132      0.81547619      451        12        
7.05523655      0.81250000      447        12        
7.06214199      0.82142857      435        12        
7.06904742      0.77083333      418        8         
7.07595286      0.78869048      419        10        
7.08285809      0.80654762      437        12        
7.08976353      0.78869048      419        14        
7.09666896      0.79464286      428        10        
7.10357440      0.77380952      404        8         
7.11047963      0.80357143      424        10        
7.11738506      0.80357143      433        8         
7.12429050      0.81547619      438        12        
7.13119573      0.79464286      433        13        
7.13810117      0.82738095      441        6         
7.14500660      0.79464286      433        12        
7.15191204      0.81250000      440        10        
7.15881727      0.77678571      419        12        
7.16572270      0.78273810      423        10        
7.17262814      0.76190476      402        14        
7.17953358      0.79166667      428        16        
7.18643881      0.80952381      430        10        
7.19334424      0.74702381      392        12        
7.20024968      0.77678571      416        12        
7.20715491      0.76785714      408        10        
7.21406035      0.79464286      428        14        
7.22096578      0.75892857      405        12        
7.22787122      0.75000000      408        10        
7.23477645      0.80357143      428        14        
7.24168188      0.73214286      383        12        
7.24858732      0.78869048      424        12        
7.25549276      0.77678571      401        26        
7.26239799      0.75000000      411        13        
7.26930342      0.77083333      413        10        
7.27620886      0.78571429      434        6         
7.28311409      0.79761905      429        14        
7.29001952      0.78869048      424        13        
7.29692496      0.79761905      416        12        
7.30383040      0.79761905      427        14        
7.31073563      0.82738095      440        15        
7.31764106      0.76488095      412        10        
7.31866091      0.81547619      431        14        
7.32556635      0.80357143      437        14        
7.33247157      0.81845238      437        15        
7.33937701      0.77083333      403        13        
7.34628245      0.78869048      421        15        
7.35318789      0.77678571      411        17        
7.36009311      0.78273810      423        12        
7.36699855      0.75892857      406        10        
7.37390399      0.79166667      424        18        
7.38080942      0.78571429      425        12        
7.38771465      0.82440476      436        12        
7.39462009      0.74702381      396        13        
7.40152553      0.85119048      443        26        
7.40843075      0.78869048      412        14        
7.41533619      0.80654762      417        20        
7.42224163      0.79464286      399        29        
7.42914707      0.79464286      415        21        
7.43605229      0.78869048      404        33        
7.44295773      0.78273810      398        25        
7.44986317      0.79166667      404        21        
7.45676860      0.76488095      396        21        
7.46367383      0.75595238      396        25        
7.47057927      0.79166667      416        18        
7.47748471      0.79464286      413        20        
7.48439014      0.80357143      409        24        
7.49129537      0.77380952      394        24        
7.49820081      0.76785714      397        12        
7.50510624      0.81547619      418        25        
7.51201147      0.80059524      420        16        
7.51891691      0.74107143      387        11        
7.52582235      0.80059524      414        20        
7.53272778      0.79761905      408        12        
7.53963301      0.77380952      408        17        
7.54653845      0.81547619      423        24        
7.55344388      0.79761905      415        16        
7.56034932      0.79761905      408        23        
7.56725455      0.80952381      422        20        
7.57415999      0.80059524      418        23        
7.58106542      0.79761905      418        23        
7.58797065      0.77380952      398        19        
7.59487609      0.78273810      410        22        
7.60178153      0.77976190      399        27        
7.60868696      0.80357143      420        20        
7.61559219      0.83333333      449        17        
7.62249763      0.78571429      412        23        
7.62940306      0.83630952      436        23        
7.63630850      0.82142857      427        28        
7.64321373      0.77380952      407        18        
7.65011917      0.77976190      404        20        
7.65702460      0.76488095      397        24        
7.66392983      0.81845238      425        20        
7.67083527      0.77678571      399        23        
7.67774070      0.80357143      413        19        
7.68464614      0.79761905      411        24        
7.69155137      0.77380952      413        12        
7.69845681      0.80059524      424        17        
7.70003479      0.80357143      422        26        
7.70694023      0.78273810      413        13        
7.71384545      0.78273810      408        9         
7.72075089      0.74702381      375        15        
7.72765633      0.77678571      390        34        
7.73456176      0.78273810      402        20        
7.74146699      0.82142857      420        18        
7.74837243      0.76785714      393        25        
7.75527787      0.81250000      420        24        
7.76218330      0.80357143      420        20        
7.76908853      0.79761905      403        21        
7.77599397      0.80059524      419        14        
7.78289941      0.83035714      462        14        
7.78980463      0.77380952      413        6         
7.79671007      0.75000000      386        26        
7.80361551      0.74702381      395        20        
7.81052094      0.74404762      380        20        
7.81742617      0.76785714      392        18        
7.82433161      0.77678571      404        24        
7.83123705      0.74702381      390        20        
7.83814248      0.78273810      400        25        
7.84504771      0.80654762      412        32        
7.85195315      0.78273810      397        35        
7.85885858      0.76785714      387        20        
7.86576402      0.83630952      430        20        
7.87266925      0.79761905      416        20        
7.87957469      0.82142857      438        18        
7.88648012      0.79761905      417        18        
7.89338535      0.75000000      377        26        
7.90029079      0.71130952      380        20        
7.90719623      0.76190476      396        26        
7.91410166      0.79464286      412        23        
7.92100689      0.80952381      418        25        
7.92791233      0.79761905      409        27        
7.93481776      0.75000000      388        18        
7.94172320      0.83630952      429        27        
7.94862843      0.81547619      420        23        
7.95553387      0.78571429      416        19        
7.96243930      0.84523810      440        25        
7.96934453      0.78273810      410        22        
7.97624997      0.76785714      407        22        
7.98315540      0.79166667      409        21        
7.99006084      0.77678571      403        12        
7.99696607      0.74107143      381        21        
8.00387151      0.77678571      379        22        
8.01077694      0.76190476      393        22        
8.01768238      0.74702381      395        18        
8.02458761      0.76190476      400        20        
8.03149304      0.76488095      399        22        
8.03839848      0.77083333      411        18        
8.04530371      0.80357143      423        22        
8.05220915      0.82738095      433        22        
8.05911458      0.79166667      414        20        
8.06602002      0.80357143      419        22        
8.07292525      0.78273810      423        18        
8.07983069      0.80059524      399        24        
8.08117497      0.79464286      416        20        
8.08808041      0.78571429      395        21        
8.09498563      0.77083333      410        21        
8.10189107      0.78869048      418        14        
8.10879651      0.78869048      417        16        
8.11570195      0.77678571      411        18        
8.12260717      0.77083333      406        18        
8.12951261      0.80654762      423        25        
8.13641805      0.75595238      374        14        
8.14332349      0.76488095      402        20        
8.15022871      0.75595238      378        25        
8.15713415      0.77678571      401        24        
8.16403959      0.73214286      375        19        
8.17094481      0.76190476      392        18        
8.17785025      0.75000000      383        19        
8.18475569      0.78273810      397        22        
8.19166113      0.76488095      389        18        
8.19856635      0.75297619      377        16        
8.20547179      0.76190476      397        21        
8.21237723      0.72916667      383        16        
8.21928267      0.73809524      379        18        
8.22618789      0.72619048      367        15        
8.23309333      0.75297619      387        22        
8.23999877      0.73809524      376        21        
8.24690420      0.76190476      386        20        
8.25380943      0.78571429      412        20        
8.26071487      0.73809524      389        26        
8.26762031      0.79761905      427        18        
8.27452553      0.80654762      438        20        
8.28143097      0.80357143      438        22        
8.28833641      0.78571429      411        30        
8.29524184      0.77380952      406        34        
8.30214707      0.77976190      408        24        
8.30905251      0.73511905      389        20        
8.31595795      0.73214286      380        22        
8.32286338      0.72619048      376        24        
8.32976861      0.74702381      386        20        
8.33667405      0.73809524      374        25        
8.34357948      0.73511905      388        19        
8.35048471      0.74107143      383        14        
8.35739015      0.80059524      405        25        
8.36429559      0.77380952      417        19        
8.37120102      0.74404762      386        20        
8.37810625      0.77380952      395        19        
8.38501169      0.76190476      395        16        
8.39191713      0.77678571      398        19        
8.39882256      0.80654762      422        19        
8.40572779      0.80952381      413        27        
8.41263323      0.74107143      390        17        
8.41953866      0.79166667      416        18        
8.42644389      0.82738095      426        17        
8.43334933      0.78571429      410        16        
8.44025477      0.82738095      433        19        
8.44716020      0.82142857      424        24        
8.45406543      0.84523810      446        20        
8.46097087      0.83928571      444        27        
8.46231178      0.80952381      430        21        
8.46921722      0.81250000      434        26        
8.47612245      0.79464286      423        23        
8.48302789      0.80654762      426        28        
8.48993332      0.81250000      440        20        
8.49683876      0.79166667      417        17        
8.50374399      0.83928571      442        21        
8.51064942      0.83630952      432        25        
8.51755486      0.82440476      436        17        
8.52446030      0.82440476      426        20        
8.53136553      0.80654762      430        16        
8.53827096      0.80952381      423        21        
8.54517640      0.81845238      424        23        
8.55208163      0.86011905      452        17        
8.55898706      0.82142857      426        28        
8.56589250      0.81547619      432        22        
8.57279794      0.79464286      422        25        
8.57970317      0.82440476      438        25        
8.58660860      0.81547619      423        21        
8.59351404      0.81250000      430        16        
8.60041948      0.83630952      435        16        
8.60732471      0.80654762      413        18        
8.61423014      0.82440476      421        21        
8.62113558      0.86011905      443        21        
8.62804102      0.84523810      444        21        
8.63494624      0.84226190      465        19        
8.64185168      0.81547619      433        17        
8.64875712      0.81547619      424        19        
8.65566235      0.82738095      440        18        
8.66256778      0.85416667      457        16        
8.66947322      0.80952381      424        21        
8.67637866      0.83630952      457        18        
8.68328388      0.86011905      468        23        
8.69018932      0.87797619      472        23        
8.69709476      0.85119048      472        23        
8.70400020      0.85416667      473        19        
8.71090542      0.83630952      461        18        
8.71781086      0.80654762      439        19        
8.72471630      0.80654762      423        21        
8.73162152      0.77083333      416        18        
8.73852696      0.83035714      430        20        
8.74543240      0.82142857      438        20        
8.75233784      0.80357143      419        20        
8.75924306      0.76785714      401        20        
8.76614850      0.81845238      420        22        
8.77305394      0.81250000      429        21        
8.77995938      0.85119048      444        23        
8.78686460      0.83333333      441        19        
8.79377004      0.79464286      421        21        
8.80067548      0.80357143      420        30        
8.80758070      0.80952381      441        21        
8.81448614      0.83928571      436        24        
8.82139158      0.83035714      437        21        
8.82829702      0.79166667      432        16        
8.83520224      0.83630952      446        16        
8.84210768      0.80654762      427        20        
8.84380272      0.80357143      412        22        
8.85070816      0.80654762      427        13        
8.85761339      0.79464286      417        20        
8.86451882      0.84523810      447        20        
8.87142426      0.82440476      444        20        
8.87832970      0.77678571      424        18        
8.88523493      0.80952381      428        16        
8.89214036      0.81250000      426        17        
8.89904580      0.77083333      401        20        
8.90595124      0.81547619      418        23        
8.91285646      0.83928571      435        21        
8.91976190      0.75595238      396        24        
8.92666734      0.83035714      429        14        
8.93357257      0.83630952      446        12        
8.94047800      0.79761905      439        10        
8.94738344      0.83630952      463        14        
8.95428888      0.83630952      450        12        
8.96119410      0.87797619      479        16        
8.96809954      0.86011905      469        14        
8.97500498      0.84226190      464        14        
8.98191042      0.84226190      456        17        
8.98881564      0.85119048      448        25        
8.99572108      0.84523810      456        10        
9.00262652      0.81547619      432        19        
9.00953196      0.79464286      426        10        
9.01643718      0.83630952      455        10        
9.02334262      0.86309524      452        23        
9.03024806      0.83333333      450        14        
9.03715328      0.82440476      439        14        
9.04405872      0.80654762      444        10        
9.05096416      0.79166667      446        12        
9.05786960      0.83630952      450        14        
9.06477482      0.83035714      441        14        
9.07168026      0.80059524      422        10        
9.07858570      0.81845238      430        17        
9.08549113      0.86607143      482        12        
9.09239636      0.80952381      445        14        
9.09930180      0.85416667      488        4         
9.10620724      0.84523810      449        14        
9.11311246      0.86309524      483        12        
9.12001790      0.83035714      448        10        
9.12692334      0.83035714      443        6         
9.13382878      0.84523810      466        17        
9.14073400      0.83928571      464        10        
9.14763944      0.86309524      476        14        
9.15454488      0.88095238      464        20        
9.16145031      0.88392857      474        15        
9.16835554      0.87500000      458        14        
9.17526098      0.84523810      446        10        
9.18216642      0.83333333      442        6         
9.18907164      0.87500000      467        14        
9.19597708      0.83035714      461        12        
9.20288252      0.88095238      491        14        
9.20978795      0.85119048      455        12        
9.21669318      0.83630952      461        16        
9.22359862      0.82738095      434        14        
9.22562863      0.84523810      450        10        
9.23253406      0.83928571      456        12        
9.23943929      0.85714286      468        14        
9.24634473      0.83928571      441        12        
9.25325017      0.82440476      461        18        
9.26015560      0.82142857      434        12        
9.26706083      0.85416667      456        14        
9.27396627      0.86309524      460        10        
9.28087170      0.86011905      460        12        
9.28777714      0.81547619      452        12        
9.29468237      0.79761905      435        10        
9.30158781      0.87500000      474        18        
9.30849324      0.83333333      445        18        
9.31539847      0.79761905      426        14        
9.32230391      0.82142857      440        12        
9.32920934      0.84226190      463        12        
9.33611478      0.83630952      450        16        
9.34302001      0.87202381      478        12        
9.34992545      0.85714286      465        10        
9.35683088      0.84821429      462        12        
9.36373632      0.87500000      461        10        
9.37064155      0.87202381      458        18        
9.37754699      0.89583333      470        8         
9.38445242      0.86904762      487        16        
9.39135786      0.88988095      472        12        
9.39826309      0.86011905      468        12        
9.40516852      0.86904762      465        14        
9.41207396      0.87500000      460        12        
9.41897919      0.86607143      458        12        
9.42588463      0.83035714      439        8         
9.43279006      0.85416667      462        14        
9.43969550      0.87202381      460        6         
9.44660073      0.84226190      440        16        
9.45350616      0.83035714      443        10        
9.46041160      0.87202381      459        16        
9.46731704      0.85119048      444        12        
9.47422227      0.83035714      445        8         
9.48112770      0.85416667      455        12        
9.48803314      0.81250000      433        14        
9.49493837      0.82142857      438        10        
9.50184380      0.84523810      444        8         
9.50874924      0.89285714      475        16        
9.51565468      0.85416667      452        10        
9.52255991      0.85119048      456        14        
9.52946534      0.88392857      475        18        
9.53637078      0.85416667      463        12        
9.54327622      0.83928571      446        16        
9.55018145      0.84523810      446        10        
9.55708688      0.83630952      460        16        
9.56399232      0.84523810      456        10        
9.57089755      0.83035714      452        12        
9.57780298      0.80952381      438        14        
9.58470842      0.83035714      466        12        
9.59161386      0.81250000      435        10        
9.59851909      0.80952381      441        10        
9.60542452      0.85714286      458        16        
9.60737074      0.87202381      470        14        
