   0.00593         0         0         0        0.00000
   0.01210         0         0         0        0.00000
   0.01217         0         0         0        0.00000
   0.01842         0         0         0        0.00000
   0.01878         0         0         0        0.00000
   0.02512         0         0         0        0.00000
   0.02584         0         0         0        0.00000
   0.03231         0         0         0        0.00000
   0.03348         0         0         0        0.00000
   0.04000         0         0         0        0.00000
   0.04533         0         0         0        0.00000
   0.05192         0         0         0        0.00000
   0.05763         0         0         0        0.00000
   0.06429         0         0         0        0.00000
   0.07096         0         0         0        0.00000
   0.07466         4         0         0        0.02083
   0.08141         0         0         0        0.04464
   0.08816         4         0         0        0.03869
   0.09491         0         0         0        0.01786
   0.09688         4         0         0        0.02679
   0.10375        24         0         0        0.15774
   0.11063         4         0         0        0.08333
   0.11751        11         6         0        0.10119
   0.12438        31         8         0        0.11012
   0.13126         0         0         0        0.09524
   0.13814        26         0         0        0.08929
   0.14501        24         0         0        0.08929
   0.15189         9         0         0        0.08929
   0.15877        26         4         3        0.12798
   0.16565        16         4         0        0.08929
   0.17252        15         6         0        0.05060
   0.17940        43         6         0        0.15476
   0.18628         8        38         0        0.12500
   0.19315        13        37         1        0.10714
   0.20003        25        19         0        0.09524
   0.20691        19        20         3        0.08631
   0.21378         8        46         0        0.10417
   0.22066        25        35         0        0.13095
   0.22754        10        68         0        0.15774
   0.23441        20        91         0        0.18750
   0.24129        31        65         0        0.19940
   0.24817        22        68         0        0.14881
   0.25504        28        55         1        0.16071
   0.26192        39        50         0        0.19940
   0.26880        11        95         3        0.18452
   0.27567        18       100         3        0.22321
   0.28255         2       131         0        0.27381
   0.28943         8       111         0        0.25000
   0.29630        12       113         0        0.25893
   0.30318        17       130         0        0.30655
   0.31006        37       162         1        0.34821
   0.31693        19       150         0        0.25595
   0.32381         7       123         0        0.26488
   0.33069        13       130         0        0.26786
   0.33756        16       130         0        0.34524
   0.34444         7       152         0        0.29167
   0.35132        15       203         0        0.40774
   0.35819        19       163         0        0.33333
   0.36507         5       147         0        0.34226
   0.37195        20       151         0        0.28571
   0.37882        24       184         3        0.32143
   0.38570        24       271         0        0.40774
   0.39258         0       155         0        0.28274
   0.39945         7       223         0        0.35417
   0.40633        19       242         0        0.35714
   0.41321        14       193         0        0.33631
   0.42008        36       182         2        0.35417
   0.42696         6       164         0        0.34226
   0.43384        16       234         1        0.39286
   0.44071        11       211         0        0.36310
   0.44759         4       204         0        0.34821
   0.45447         0       225         0        0.43452
   0.46134        43       167         0        0.33036
   0.46822        10       193         0        0.33929
   0.47335        23       226         0        0.37500
   0.48022        10       194         0        0.36012
   0.48710         0       210         0        0.36607
   0.49398         9       209         0        0.34524
   0.50085        16       234         0        0.35714
   0.50773         0       167         0        0.29167
   0.51461         0       182         0        0.33333
   0.52148         7       200         0        0.36012
   0.52836         7       269         0        0.41071
   0.53524         8       226         0        0.41667
   0.54211        20       218         1        0.38988
   0.54899         4       209         0        0.35714
   0.55587         8       242         0        0.38988
   0.56274        12       229         0        0.38988
   0.56962         0       242         0        0.35714
   0.57650        26       214         0        0.35417
   0.58337        21       227         0        0.37202
   0.59025        16       241         0        0.38988
   0.59713         0       223         0        0.36310
   0.60400        12       229         0        0.38988
   0.61088         1       222         0        0.38095
   0.61776        11       232         0        0.40476
   0.62463         4       253         0        0.38690
   0.63151        10       262         0        0.41369
   0.63839         5       261         0        0.38690
   0.64527        19       220         0        0.38988
   0.65214        30       248         0        0.40179
   0.65902         6       234         0        0.36310
   0.66590        14       198         0        0.34821
   0.67277         5       252         0        0.39583
   0.67965        14       281         0        0.45238
   0.68653        20       283         0        0.42857
   0.69340        31       284         0        0.41667
   0.70028        14       242         0        0.38690
   0.70716        26       261         0        0.43155
   0.71403         5       303         0        0.43452
   0.72091        24       306         0        0.43155
   0.72779        54       282         3        0.51488
   0.73466        22       291         0        0.47321
   0.74154         0       254         0        0.40774
   0.74842         8       274         0        0.41369
   0.75529         8       291         0        0.36905
   0.76217         0       278         0        0.47917
   0.76905        30       259         0        0.47321
   0.77592        40       286         1        0.51488
   0.78280        14       319         0        0.50893
   0.78968        33       267         0        0.46726
   0.79655        22       334         0        0.51190
   0.80343        28       306         0        0.53869
   0.81031        16       299         0        0.49405
   0.81718        32       281         0        0.52083
   0.82406        26       353         0        0.52679
   0.83094        12       328         0        0.53274
   0.83781        34       310         0        0.52083
   0.84469        18       326         0        0.53274
   0.84904         8       294         0        0.46429
   0.85591        11       299         0        0.44345
   0.86279        10       367         0        0.54167
   0.86967        24       314         0        0.54464
   0.87654        22       362         1        0.52679
   0.88342        15       360         1        0.51488
   0.89030        10       411         0        0.59226
   0.89718         8       336         0        0.53274
   0.90405        13       343         0        0.54464
   0.91093        11       334         0        0.51488
   0.91781        22       349         0        0.59226
   0.92468         8       342         0        0.56548
   0.93156        17       312         0        0.55060
   0.93844         4       326         0        0.56845
   0.94531        16       341         0        0.57738
   0.95219        24       292         0        0.55060
   0.95907        27       332         0        0.56845
   0.96594        34       328         0        0.53869
   0.97282        23       285         0        0.53571
   0.97970        41       357         0        0.59524
   0.98657        24       368         0        0.58333
   0.99345        33       362         0        0.60417
   1.00033        34       394         0        0.57440
   1.00720        42       298         0        0.55655
   1.01408        28       362         0        0.55655
   1.02096        42       338         0        0.54464
   1.02783        56       324         0        0.56845
   1.03471        48       362         0        0.56548
   1.04159        29       342         0        0.52083
   1.04846        67       317         0        0.55060
   1.05534        52       309         2        0.55655
   1.06222        56       343         0        0.54464
   1.06909        48       355         0        0.55060
   1.07597        37       367         0        0.56548
   1.08285        44       350         0        0.60714
   1.08972        46       399         0        0.63690
   1.09660        40       330         0        0.57440
   1.10348        65       394         0        0.65476
   1.11035        62       328         0        0.61310
   1.11723        39       388         0        0.58929
   1.12411        56       380         0        0.60417
   1.13098       106       412         0        0.65476
   1.13786        83       369         0        0.61905
   1.14474        71       376         0        0.65476
   1.15161        57       362         0        0.66369
   1.15849        77       384         0        0.64881
   1.16537        68       357         0        0.61012
   1.17224        65       426         0        0.63690
   1.17912        51       384         0        0.56548
   1.18600        75       446         0        0.67560
   1.19287        40       415         0        0.63095
   1.19975        67       413         0        0.63393
   1.20663        27       412         0        0.62798
   1.21350        38       404         0        0.63988
   1.22038        55       423         0        0.61310
   1.22505        60       432         0        0.64881
   1.23193        59       389         0        0.62798
   1.23880        34       335         0        0.56845
   1.24568        65       444         0        0.67262
   1.25256        56       430         0        0.64881
   1.25944        36       440         0        0.65476
   1.26631        40       346         0        0.57738
   1.27319        42       389         0        0.63988
   1.28007        18       391         0        0.60417
   1.28694        17       445         0        0.63988
   1.29382        25       410         0        0.57440
   1.30070        42       427         0        0.63690
   1.30757        29       404         0        0.58929
   1.31445        17       435         0        0.66667
   1.32133        25       445         0        0.66369
   1.32820        15       405         0        0.61310
   1.33508        60       395         0        0.61012
   1.34196        22       390         0        0.57440
   1.34883        37       393         0        0.57143
   1.35571        35       403         0        0.60119
   1.36259        38       442         0        0.60714
   1.36946        32       358         0        0.59821
   1.37634        58       375         0        0.58333
   1.38322        51       367         0        0.60417
   1.39009        36       360         0        0.59821
   1.39697        13       330         0        0.53571
   1.40385        30       372         0        0.60714
   1.41072        31       365         0        0.61607
   1.41760        29       400         0        0.54167
   1.42448        54       327         0        0.58333
   1.43135        20       394         0        0.59821
   1.43823        16       410         0        0.62202
   1.44511        18       396         0        0.58333
   1.45198        30       356         0        0.59226
   1.45886        43       383         0        0.60714
   1.46574        28       434         0        0.66369
   1.47261        46       430         0        0.66071
   1.47949        45       424         0        0.63690
   1.48637        33       440         0        0.68750
   1.49324        35       420         0        0.69048
   1.50012        33       407         0        0.65476
   1.50700        28       379         0        0.58036
   1.51387        39       428         0        0.67560
   1.52075        24       448         0        0.64881
   1.52763        38       436         0        0.70238
   1.53450        26       373         0        0.67560
   1.54138        22       419         0        0.65774
   1.54826        28       372         0        0.66964
   1.55513        47       414         0        0.64583
   1.56201        18       432         0        0.57738
   1.56889        22       479         0        0.64583
   1.57576        27       429         0        0.63690
   1.58264        45       368         0        0.61012
   1.58952        39       400         0        0.69345
   1.59639        31       382         0        0.66369
   1.60104        18       394         0        0.61607
   1.60791        26       394         0        0.63690
   1.61479        25       364         0        0.65476
   1.62167        23       358         0        0.63393
   1.62854        18       381         0        0.64881
   1.63542        31       370         0        0.65179
   1.64230        25       395         0        0.68750
   1.64917        25       388         0        0.59226
   1.65605        29       393         0        0.63988
   1.66293        37       324         0        0.61607
   1.66980        21       376         0        0.63095
   1.67668        40       327         0        0.65476
   1.68356        60       368         4        0.66071
   1.69043        41       336         0        0.60714
   1.69731        66       333         2        0.61310
   1.70419        44       415         0        0.66667
   1.71106        42       387         0        0.63690
   1.71794        35       371         0        0.66071
   1.72482        47       411         0        0.62500
   1.73170        37       388         0        0.65179
   1.73857        37       404         0        0.63690
   1.74545        28       402         0        0.58929
   1.75233        30       376         0        0.63690
   1.75920        27       406         0        0.62202
   1.76608        41       367         0        0.61905
   1.77296        33       322         0        0.62798
   1.77983        39       391         0        0.66071
   1.78671        36       359         2        0.64286
   1.79359        42       396         0        0.62500
   1.80046        32       428         0        0.62798
   1.80734        29       364         0        0.64881
   1.81422        35       341         0        0.58333
   1.82109        57       363         1        0.64583
   1.82797        29       397         0        0.62500
   1.83485        30       395         0        0.65774
   1.84172        39       394         0        0.69048
   1.84860        35       411         0        0.65179
   1.85548        42       418         0        0.70238
   1.86235        34       401         0        0.67262
   1.86923        35       401         0        0.68452
   1.87611        38       415         0        0.67262
   1.88298        58       408         0        0.69345
   1.88986        39       379         0        0.66667
   1.89674        38       421         0        0.67560
   1.90361        27       412         0        0.66071
   1.91049        36       459         0        0.72321
   1.91737        41       413         0        0.68452
   1.92424        30       438         0        0.66964
   1.93112        36       441         0        0.66667
   1.93800        61       436         0        0.67560
   1.94487        33       426         0        0.60119
   1.95175        49       477         0        0.69048
   1.95863        33       408         0        0.66369
   1.96550        37       476         0        0.67262
   1.97238        34       449         0        0.65179
   1.97755        30       422         0        0.63988
   1.98443        67       398         1        0.65774
   1.99131        18       361         0        0.61012
   1.99818        35       398         0        0.68750
   2.00506        62       437         1        0.71726
   2.01194        28       449         0        0.68155
   2.01881        80       370         3        0.66964
   2.02569        55       342         0        0.65476
   2.03257        63       369         2        0.69940
   2.03944        55       392         0        0.69345
   2.04632        61       370         0        0.69048
   2.05320        49       429         0        0.71726
   2.06007        41       383         0        0.66071
   2.06695        38       393         0        0.67262
   2.07383        54       339         0        0.63988
   2.08070        70       346         2        0.67857
   2.08758        75       391         2        0.66071
   2.09446        41       394         0        0.66964
   2.10133        50       406         0        0.70536
   2.10821        42       388         0        0.63988
   2.11509        31       387         0        0.68155
   2.12196        28       443         0        0.67262
   2.12884        30       383         0        0.61905
   2.13572        30       428         0        0.60417
   2.14259        32       337         0        0.60714
   2.14947        34       412         0        0.65179
   2.15635        30       416         0        0.63095
   2.16322        28       407         0        0.60417
   2.17010        28       431         0        0.61607
   2.17698        36       356         0        0.58631
   2.18385        31       400         0        0.60417
   2.19073        41       391         0        0.60119
   2.19761        39       420         0        0.62202
   2.20448        34       409         0        0.62500
   2.21136        22       370         0        0.57738
   2.21824        39       396         0        0.61012
   2.22511        34       384         0        0.58333
   2.23199        43       404         0        0.59524
   2.23887        46       408         0        0.63393
   2.24574        45       380         0        0.58333
   2.25262        28       384         0        0.57143
   2.25950        35       320         0        0.52976
   2.26637        43       351         0        0.62500
   2.27325        36       366         0        0.58631
   2.28013        44       381         0        0.57143
   2.28700        39       376         0        0.56548
   2.29388        67       443         2        0.61905
   2.30076        21       407         0        0.61607
   2.30764        43       455         0        0.63988
   2.31451        45       429         0        0.66667
   2.32139        30       489         0        0.64286
   2.32827        22       416         0        0.62500
   2.33514        20       431         0        0.63690
   2.34202        28       457         0        0.58929
   2.34890        34       372         0        0.56548
   2.35365        40       459         0        0.61012
   2.36052        26       400         0        0.59524
   2.36740        41       421         0        0.59821
   2.37428        26       397         0        0.61012
   2.38115        38       465         1        0.63988
   2.38803        38       476         0        0.63095
   2.39491        36       468         0        0.63988
   2.40178        27       390         0        0.66964
   2.40866        39       473         0        0.67262
   2.41554        29       454         0        0.63095
   2.42241        24       459         0        0.65179
   2.42929        42       481         0        0.60119
   2.43617        23       440         0        0.63095
   2.44304        19       482         0        0.65476
   2.44992        35       448         0        0.66667
   2.45680        35       439         0        0.63095
   2.46367        28       383         0        0.61012
   2.47055        32       450         0        0.62798
   2.47743        38       444         0        0.64583
   2.48430        27       398         0        0.63393
   2.49118        39       381         0        0.65476
   2.49806        31       452         0        0.64583
   2.50493        45       420         0        0.67857
   2.51181        35       389         0        0.64583
   2.51869        49       510         0        0.67262
   2.52556        19       362         0        0.58929
   2.53244        25       395         0        0.60417
   2.53932        12       420         0        0.62798
   2.54619        18       419         0        0.55952
   2.55307        21       405         0        0.63988
   2.55995        28       431         0        0.64583
   2.56682        26       449         0        0.62500
   2.57370        28       424         0        0.62202
   2.58058        42       449         0        0.69048
   2.58745        55       380         3        0.59226
   2.59433        30       386         0        0.63393
   2.60121        26       385         0        0.61012
   2.60808        37       470         0        0.64583
   2.61496        45       410         0        0.61905
   2.62184        43       415         0        0.63393
   2.62871        40       421         0        0.62202
   2.63559        43       393         0        0.61012
   2.64247        47       443         0        0.66369
   2.64934        75       457         3        0.67857
   2.65622        52       404         2        0.62500
   2.66310        37       424         0        0.66964
   2.66997        56       402         0        0.63095
   2.67685        26       451         0        0.63988
   2.68373        35       395         0        0.64286
   2.69060        47       417         0        0.61607
   2.69748        32       449         0        0.66369
   2.70436        25       415         0        0.60119
   2.71124        22       433         0        0.62798
   2.71811        44       369         0        0.61905
   2.72499        37       453         0        0.61012
   2.72983        34       481         0        0.63393
   2.73671        29       430         0        0.59821
   2.74359        37       377         0        0.63393
   2.75046        47       395         2        0.60714
   2.75734        30       421         0        0.61905
   2.76422        45       399         3        0.60714
   2.77109        30       446         0        0.64583
   2.77797        43       429         0        0.61905
   2.78485        45       374         3        0.60119
   2.79173        48       365         0        0.61607
   2.79860        19       410         0        0.59226
   2.80548        38       430         0        0.62500
   2.81236        35       441         0        0.61905
   2.81923        27       379         0        0.55060
   2.82611        33       390         0        0.58631
   2.83299        35       437         0        0.61905
   2.83986        50       430         2        0.61310
   2.84674        28       461         0        0.61905
   2.85362        45       392         0        0.64583
   2.86049        36       401         0        0.62202
   2.86737        40       437         0        0.61607
   2.87425        33       381         0        0.58036
   2.88112        23       397         0        0.57440
   2.88800        38       453         0        0.61310
   2.89488        39       433         0        0.66369
   2.90175        35       392         0        0.57440
   2.90863        39       438         0        0.63690
   2.91551        34       401         0        0.65774
   2.92238        42       338         0        0.60417
   2.92926        47       437         0        0.63095
   2.93614        40       384         0        0.61607
   2.94301        52       367         3        0.63393
   2.94989        50       397         2        0.62202
   2.95677        51       406         0        0.62500
   2.96364        38       446         0        0.67857
   2.97052        29       442         0        0.64583
   2.97740        52       507         0        0.67262
   2.98427        43       440         3        0.62798
   2.99115        39       411         0        0.63095
   2.99803        49       366         0        0.61607
   3.00490        27       494         0        0.65179
   3.01178        53       396         0        0.61607
   3.01866        41       455         0        0.68155
   3.02553        51       491         0        0.66071
   3.03241        23       453         0        0.61310
   3.03929        20       413         0        0.57738
   3.04616        33       424         0        0.58929
   3.05304        51       416         0        0.62798
   3.05992        15       502         0        0.60119
   3.06679        42       528         0        0.64286
   3.07367        37       535         0        0.66964
   3.08055        52       454         0        0.63690
   3.08742        44       360         0        0.61310
   3.09430        18       404         0        0.55952
   3.10118        15       416         0        0.58631
   3.10586        22       466         0        0.60119
   3.11274        38       438         3        0.61012
   3.11962        46       419         1        0.64881
   3.12649        48       376         0        0.61905
   3.13337        44       401         0        0.61607
   3.14025        52       388         0        0.64583
   3.14712        63       475         3        0.64286
   3.15400        39       443         0        0.62202
   3.16088        42       376         0        0.63095
   3.16775        37       438         0        0.63988
   3.17463        29       504         0        0.64881
   3.18151        41       372         0        0.56845
   3.18838        37       404         0        0.60714
   3.19526        26       357         0        0.54762
   3.20214        27       475         0        0.59821
   3.20901        41       468         0        0.61905
   3.21589        37       387         0        0.61310
   3.22277        57       458         4        0.61310
   3.22964        31       475         0        0.58929
   3.23652        36       444         0        0.61905
   3.24340        35       412         0        0.59821
   3.25027        28       410         0        0.58333
   3.25715        50       399         0        0.61012
   3.26403        53       338         4        0.60119
   3.27090        30       437         0        0.60417
   3.27778        42       489         0        0.65179
   3.28466        25       389         0        0.57143
   3.29153        23       410         0        0.59226
   3.29841        42       414         0        0.60417
   3.30529        36       478         2        0.63988
   3.31216        56       419         4        0.62202
   3.31904        46       444         0        0.60714
   3.32592        49       444         0        0.64881
   3.33279        52       422         0        0.63393
   3.33967        44       471         0        0.62202
   3.34655        29       422         0        0.63690
   3.35342        38       412         2        0.67560
   3.36030        63       458         3        0.65476
   3.36718        32       349         0        0.53869
   3.37405        49       367         0        0.60417
   3.38093        26       382         0        0.63095
   3.38781        57       399         0        0.61310
   3.39468        36       446         0        0.65179
   3.40156        30       378         0        0.59821
   3.40844        52       405         0        0.63690
   3.41531        34       458         0        0.63690
   3.42219        40       391         0        0.67262
   3.42907        38       488         0        0.66369
   3.43594        46       433         0        0.59524
   3.44282        51       419         0        0.61310
   3.44970        30       431         0        0.62500
   3.45657        22       447         1        0.57738
   3.46345        23       418         0        0.53571
   3.47033        24       431         0        0.56548
   3.47721        20       437         0        0.61310
   3.48180        30       463         0        0.60714
   3.48867        26       443         0        0.59524
   3.49555        17       439         0        0.57143
   3.50243        27       433         0        0.59226
   3.50930        37       440         1        0.60119
   3.51618        48       425         0        0.59524
   3.52306        39       481         0        0.60714
   3.52993        32       458         0        0.59821
   3.53681        28       380         0        0.55655
   3.54369        35       430         0        0.59524
   3.55056        31       434         0        0.58929
   3.55744        28       411         0        0.60119
   3.56432        57       465         0        0.66964
   3.57119        34       441         0        0.61012
   3.57807        31       449         0        0.62500
   3.58495        40       472         0        0.65476
   3.59182        41       393         0        0.66667
   3.59870        36       401         0        0.61607
   3.60558        33       452         0        0.65179
   3.61245        25       454         1        0.58929
   3.61933        23       415         0        0.60119
   3.62621        21       477         0        0.63393
   3.63308        33       443         0        0.62798
   3.63996        20       446         0        0.61607
   3.64684        24       406         0        0.63393
   3.65371        19       392         0        0.58631
   3.66059        34       422         0        0.66667
   3.66747        32       378         0        0.58929
   3.67434        17       477         0        0.63690
   3.68122        31       468         0        0.63393
   3.68810        27       413         0        0.56548
   3.69497        24       462         0        0.57143
   3.70185        19       377         0        0.57440
   3.70873        15       425         0        0.53571
   3.71561        16       473         0        0.56845
   3.72248        28       403         0        0.60714
   3.72936        39       428         0        0.66369
   3.73624        29       393         0        0.60417
   3.74311        34       426         0        0.61012
   3.74999        27       421         0        0.60714
   3.75687        25       450         0        0.61905
   3.76374        26       490         0        0.64583
   3.77062        34       377         0        0.61310
   3.77750        40       361         0        0.58036
   3.78437        42       444         0        0.61905
   3.79125        30       455         0        0.63988
   3.79813        35       459         0        0.61905
   3.80500        43       457         0        0.63690
   3.81188        24       393         0        0.58036
   3.81876        26       455         0        0.61607
   3.82563        19       493         0        0.62202
   3.83251        38       510         0        0.60119
   3.83939        26       507         0        0.63690
   3.84626        35       525         0        0.63690
   3.85314        43       442         0        0.59524
   3.85741        36       384         0        0.58631
   3.86429        25       395         0        0.63393
   3.87116        40       421         0        0.55952
   3.87804        23       463         0        0.64286
   3.88492        26       427         0        0.63690
   3.89179        21       468         0        0.62798
   3.89867        27       483         0        0.68750
   3.90555        26       465         0        0.66964
   3.91242        34       448         0        0.65476
   3.91930        31       463         0        0.64286
   3.92618        38       497         0        0.71429
   3.93305        39       506         0        0.66964
   3.93993        27       416         0        0.60714
   3.94681        23       438         0        0.59821
   3.95368        36       473         0        0.66071
   3.96056        30       418         0        0.61607
   3.96744        41       477         0        0.65774
   3.97431        31       382         0        0.59821
   3.98119        35       441         0        0.66667
   3.98807        46       403         0        0.63690
   3.99494        36       423         0        0.63095
   4.00182        33       426         0        0.62798
   4.00870        30       396         0        0.62202
   4.01557        33       388         0        0.61607
   4.02245        38       456         0        0.63690
   4.02933        21       495         0        0.61310
   4.03620        28       455         0        0.63690
   4.04308        36       483         0        0.64286
   4.04996        38       442         0        0.58631
   4.05683        35       443         0        0.67560
   4.06371        29       434         0        0.64286
   4.07059        31       438         0        0.62202
   4.07747        34       496         0        0.63690
   4.08434        37       452         3        0.66667
   4.09122        28       441         0        0.61607
   4.09810        35       432         0        0.61905
   4.10497        30       434         0        0.60714
   4.11185        23       457         0        0.61012
   4.11873        32       466         0        0.63690
   4.12560        39       483         0        0.64583
   4.13248        50       433         4        0.66071
   4.13936        30       461         0        0.63690
   4.14623        35       486         0        0.65476
   4.15311        31       436         0        0.63690
   4.15999        25       518         0        0.64286
   4.16686        28       471         0        0.61607
   4.17374        29       425         0        0.65179
   4.18062        22       479         0        0.63988
   4.18749        20       438         0        0.60417
   4.19437        24       425         0        0.60417
   4.20125        26       468         0        0.64583
   4.20812        53       446         2        0.65476
   4.21500        23       451         0        0.60417
   4.22188        39       404         0        0.64286
   4.22875        26       461         0        0.63988
   4.23316        35       477         0        0.66369
   4.24003        30       472         0        0.63988
   4.24691        22       471         0        0.66964
   4.25379        37       488         0        0.68750
   4.26066        33       465         1        0.64881
   4.26754        28       504         0        0.66071
   4.27442        31       503         0        0.69940
   4.28129        38       447         0        0.66369
   4.28817        17       431         0        0.61310
   4.29505        44       442         3        0.64286
   4.30192        34       517         0        0.69345
   4.30880        22       458         0        0.64286
   4.31568        21       544         0        0.63690
   4.32255        29       522         0        0.66071
   4.32943        49       496         3        0.72619
   4.33631        14       486         0        0.66369
   4.34318        31       499         0        0.67857
   4.35006        45       461         0        0.69048
   4.35694        27       472         0        0.68452
   4.36381        24       446         0        0.65179
   4.37069        26       539         0        0.65774
   4.37757        22       446         0        0.64881
   4.38444        25       475         0        0.63690
   4.39132        32       498         0        0.66667
   4.39820        43       450         0        0.67857
   4.40507        38       511         0        0.71131
   4.41195        20       501         0        0.70238
   4.41883        30       512         0        0.70833
   4.42570        30       500         0        0.66369
   4.43258        33       460         0        0.69940
   4.43946        23       458         0        0.70536
   4.44633        29       465         0        0.67262
   4.45321        38       472         0        0.68750
   4.46009        26       469         0        0.65476
   4.46696        22       440         0        0.66964
   4.47384        25       448         0        0.67262
   4.48072        37       450         0        0.65774
   4.48759        28       463         0        0.63988
   4.49447        28       463         0        0.68155
   4.50135        22       495         0        0.68452
   4.50822        54       450         3        0.70833
   4.51510        38       454         0        0.71429
   4.52198        27       426         0        0.67262
   4.52885        35       522         0        0.71131
   4.53573        44       541         0        0.71131
   4.54261        41       478         0        0.70536
   4.54948        60       452         4        0.69345
   4.55636        26       455         0        0.66964
   4.56324        37       456         0        0.72024
   4.57011        29       458         0        0.68750
   4.57699        25       493         0        0.67857
   4.58387        41       501         0        0.74702
   4.59075        48       516         0        0.71726
   4.59762        27       453         0        0.69048
   4.60450        27       437         0        0.72917
   4.60919        34       499         0        0.71429
   4.61607        22       471         0        0.67560
   4.62294        26       432         0        0.68750
   4.62982        18       454         0        0.67560
   4.63670        26       468         0        0.66667
   4.64358        20       495         0        0.66071
   4.65045        39       525         0        0.66667
   4.65733        30       494         0        0.67262
   4.66421        38       489         0        0.67560
   4.67108        35       420         0        0.66071
   4.67796        57       391         3        0.67857
   4.68484        45       431         0        0.69345
   4.69171        21       476         0        0.68155
   4.69859        25       468         0        0.67857
   4.70547        30       440         0        0.65774
   4.71234        23       464         0        0.71131
   4.71922        26       467         0        0.71726
   4.72610        40       475         0        0.73810
   4.73297        19       527         0        0.75298
   4.73985        18       420         0        0.66369
   4.74673        58       455         2        0.67262
   4.75360        32       479         0        0.68452
   4.76048        27       461         0        0.71429
   4.76736        33       500         0        0.72321
   4.77423        24       421         0        0.67560
   4.78111        20       468         0        0.66667
   4.78799        31       440         0        0.69940
   4.79486        35       458         0        0.75595
   4.80174        29       439         0        0.66071
   4.80862        34       514         0        0.69940
   4.81549        25       416         0        0.68155
   4.82237        30       445         0        0.70238
   4.82925        18       424         0        0.63095
   4.83612        40       484         0        0.69048
   4.84300        28       407         0        0.63690
   4.84988        17       422         0        0.66964
   4.85675        34       460         0        0.64881
   4.86363        28       415         0        0.65179
   4.87051        22       442         0        0.68155
   4.87738        27       414         0        0.65774
   4.88426        31       447         0        0.68452
   4.89114        36       513         0        0.69345
   4.89801        28       397         0        0.65774
   4.90489        31       466         0        0.69048
   4.91177        31       500         0        0.68155
   4.91864        29       394         0        0.68452
   4.92552        21       457         0        0.66667
   4.93240        29       473         0        0.69643
   4.93927        32       470         0        0.70536
   4.94615        26       452         0        0.68155
   4.95303        31       457         0        0.68155
   4.95990        25       440         0        0.63988
   4.96678        33       432         0        0.63095
   4.97366        36       430         0        0.65774
   4.98053        27       489         0        0.68452
   4.98526        28       487         0        0.68452
   4.99214        39       569         0        0.75000
   4.99902        42       459         0        0.71726
   5.00589        35       450         0        0.67262
   5.01277        36       463         0        0.67560
   5.01965        24       484         0        0.69048
   5.02652        30       492         0        0.67857
   5.03340        27       411         0        0.64583
   5.04028        34       438         0        0.69643
   5.04715        29       406         0        0.63988
   5.05403        27       462         0        0.71131
   5.06091        36       439         0        0.73214
   5.06778        32       422         0        0.68452
   5.07466        33       448         0        0.67262
   5.08154        37       467         0        0.70833
   5.08841        24       461         0        0.68452
   5.09529        28       483         0        0.68750
   5.10217        25       454         0        0.66369
   5.10904        28       385         0        0.66964
   5.11592        33       480         0        0.66667
   5.12280        26       413         0        0.65179
   5.12967        36       467         0        0.70536
   5.13655        21       427         0        0.66369
   5.14343        22       421         0        0.66369
   5.15030        17       435         0        0.59821
   5.15718        30       452         0        0.66667
   5.16406        29       489         0        0.69940
   5.17093        24       505         0        0.68155
   5.17781        24       465         0        0.68452
   5.18469        52       503         0        0.74702
   5.19156        22       533         0        0.69345
   5.19844        25       455         0        0.69048
   5.20532        40       439         0        0.68750
   5.21220        47       468         2        0.67560
   5.21907        29       494         0        0.72024
   5.22595        41       443         2        0.70238
   5.23283        21       406         0        0.66667
   5.23970        28       432         0        0.66964
   5.24658        21       461         0        0.68750
   5.25346        33       459         0        0.68452
   5.26033        28       461         0        0.66667
   5.26721        26       435         0        0.65179
   5.27409        29       423         0        0.63988
   5.28096        27       516         0        0.69345
   5.28784        33       540         0        0.68750
   5.29472        35       465         0        0.72321
   5.30159        28       479         0        0.66667
   5.30847        25       464         0        0.66369
   5.31535        32       451         0        0.67857
   5.32222        22       487         0        0.64881
   5.32910        29       436         0        0.67857
   5.33598        26       512         0        0.68155
   5.34285        21       489         0        0.68155
   5.34973        23       478         0        0.66964
   5.35661        27       497         0        0.67857
   5.36105        28       452         0        0.68750
   5.36793        28       452         0        0.68155
   5.37481        56       442         3        0.72024
   5.38168        22       440         0        0.66071
   5.38856        23       462         0        0.67560
   5.39544        29       429         0        0.69048
   5.40231        15       499         0        0.66964
   5.40919        27       432         0        0.65179
   5.41607        17       439         0        0.69345
   5.42294        15       471         0        0.66667
   5.42982        36       445         0        0.66964
   5.43670        33       498         0        0.69940
   5.44357        34       464         0        0.65476
   5.45045        43       416         0        0.66667
   5.45733        24       480         0        0.69940
   5.46420        24       473         0        0.66964
   5.47108        26       496         0        0.67560
   5.47796        24       507         0        0.72917
   5.48483        30       459         0        0.67560
   5.49171        31       508         0        0.67857
   5.49859        32       500         0        0.68452
   5.50546        34       455         0        0.71429
   5.51234        23       515         0        0.72619
   5.51922        26       507         0        0.68750
   5.52609        30       463         0        0.66369
   5.53297        18       493         0        0.69940
   5.53985        24       534         0        0.71429
   5.54672        23       507         0        0.69048
   5.55360        29       421         0        0.68155
   5.56048        22       477         0        0.70536
   5.56736        26       525         0        0.66964
   5.57423        31       454         0        0.69048
   5.58111        28       456         0        0.66667
   5.58799        30       543         0        0.70238
   5.59486        29       504         0        0.68452
   5.60174        31       501         0        0.69048
   5.60862        44       406         0        0.64881
   5.61549        20       426         0        0.65476
   5.62237        27       453         0        0.64583
   5.62925        37       455         0        0.72024
   5.63612        50       441         0        0.67857
   5.64300        33       492         0        0.66964
   5.64988        27       461         0        0.69048
   5.65675        26       440         0        0.65476
   5.66363        30       398         0        0.65179
   5.67051        26       463         0        0.67560
   5.67738        21       435         0        0.65774
   5.68426        43       438         0        0.63690
   5.69114        32       434         0        0.68452
   5.69801        54       480         0        0.71131
   5.70489        33       444         0        0.70536
   5.71177        25       396         0        0.64881
   5.71864        38       457         0        0.71429
   5.72552        19       474         0        0.64286
   5.73240        19       350         0        0.58929
   5.73605        23       429         0        0.66071
   5.74293        18       443         0        0.65774
   5.74980        24       436         0        0.61607
   5.75668        23       456         0        0.67560
   5.76356        32       417         0        0.66071
   5.77043        37       436         0        0.65774
   5.77731        25       448         0        0.62500
   5.78419        31       402         0        0.66964
   5.79106        27       443         0        0.63988
   5.79794        15       459         0        0.62798
   5.80482        13       445         0        0.61012
   5.81169        23       463         0        0.64286
   5.81857        22       395         0        0.65476
   5.82545        28       422         0        0.66369
   5.83232        31       411         0        0.63690
   5.83920        26       429         0        0.65476
   5.84608        30       441         0        0.66667
   5.85296        26       436         0        0.63393
   5.85983        10       430         0        0.60417
   5.86671        27       387         0        0.60417
   5.87359        32       399         0        0.65774
   5.88046        24       423         0        0.64583
   5.88734        28       489         0        0.68750
   5.89422        29       442         0        0.69345
   5.90109        32       426         0        0.66964
   5.90797        28       428         0        0.65179
   5.91485        31       427         0        0.68155
   5.92172        27       417         0        0.62202
   5.92860        28       482         0        0.65774
   5.93548        29       498         0        0.68452
   5.94235        37       466         0        0.65179
   5.94923        20       460         0        0.65774
   5.95611        37       490         0        0.71131
   5.96298        19       496         0        0.69048
   5.96986        23       441         0        0.65476
   5.97674        31       488         0        0.67857
   5.98361        48       465         0        0.65179
   5.99049        32       487         0        0.70238
   5.99737        37       489         0        0.66964
   6.00424        16       423         0        0.64583
   6.01112        28       487         0        0.66369
   6.01800        17       506         0        0.68750
   6.02487        26       460         0        0.64286
   6.03175        40       543         0        0.67857
   6.03863        40       501         0        0.70238
   6.04550        18       477         0        0.66964
   6.05238        33       459         0        0.61905
   6.05926        26       503         0        0.65774
   6.06613        43       532         0        0.70536
   6.07301        20       509         0        0.71726
   6.07989        23       432         0        0.66667
   6.08676        24       453         0        0.68155
   6.09364        26       426         0        0.65774
   6.10052        26       486         0        0.67262
   6.10739        18       488         0        0.70536
   6.11064        33       473         0        0.70238
   6.11752        32       525         0        0.70833
   6.12440        37       451         0        0.68155
   6.13127        25       440         0        0.67857
   6.13815        22       552         0        0.68452
   6.14503        28       471         0        0.65476
   6.15190        23       418         0        0.63988
   6.15878        24       518         0        0.68155
   6.16566        19       469         0        0.68452
   6.17253        33       498         0        0.68155
   6.17941        26       526         0        0.69345
   6.18629        19       513         0        0.69048
   6.19316        22       491         0        0.73512
   6.20004        24       465         0        0.68155
   6.20692        24       533         0        0.73512
   6.21379        17       463         0        0.69643
   6.22067        30       521         0        0.71131
   6.22755        25       504         0        0.69048
   6.23442        21       518         0        0.68750
   6.24130        24       493         0        0.71429
   6.24818        30       455         0        0.63690
   6.25505        42       505         0        0.68750
   6.26193        31       523         0        0.65774
   6.26881        33       493         0        0.63393
   6.27568        29       533         0        0.66071
   6.28256        38       434         0        0.61012
   6.28944        31       433         0        0.65774
   6.29632        22       452         0        0.61607
   6.30319        41       464         0        0.67262
   6.31007        48       454         0        0.63393
   6.31695        28       456         0        0.69345
   6.32382        24       451         0        0.65774
   6.33070        24       485         0        0.65476
   6.33758        27       443         0        0.64286
   6.34445        30       458         0        0.61905
   6.35133        29       465         0        0.65476
   6.35821        33       501         0        0.65476
   6.36508        15       423         0        0.55952
   6.37196        29       363         0        0.59226
   6.37884        36       478         0        0.68155
   6.38571        41       512         0        0.63095
   6.39259        62       480         0        0.66369
   6.39947        58       379         0        0.63690
   6.40634        34       486         0        0.64583
   6.41322        37       439         0        0.64286
   6.42010        45       460         0        0.63988
   6.42697        48       403         0        0.59524
   6.43385        49       448         0        0.62798
   6.44073        55       464         0        0.66964
   6.44760        38       449         0        0.62798
   6.45448        48       485         0        0.64583
   6.46136        30       448         0        0.66964
   6.46823        21       423         0        0.64583
   6.47511        28       455         0        0.66667
   6.48199        29       435         0        0.64583
   6.48513        25       414         0        0.64286
   6.49201        40       496         0        0.70536
   6.49888        20       450         0        0.69048
   6.50576        21       486         0        0.66369
   6.51264        30       481         0        0.69643
   6.51951        31       464         0        0.66964
   6.52639        28       445         0        0.66667
   6.53327        44       483         0        0.67262
   6.54014        37       491         0        0.69643
   6.54702        29       500         0        0.68452
   6.55390        27       476         0        0.69940
   6.56078        17       470         0        0.68452
   6.56765        22       441         0        0.69048
   6.57453        31       402         0        0.66071
   6.58141        18       474         0        0.64881
   6.58828        31       451         0        0.66964
   6.59516        11       429         0        0.62500
   6.60204        22       418         0        0.64583
   6.60891        11       480         0        0.66071
   6.61579        25       488         0        0.67560
   6.62267        33       472         0        0.69345
   6.62954        30       452         0        0.66369
   6.63642        40       476         0        0.73214
   6.64330        25       485         0        0.68452
   6.65017        15       450         0        0.66964
   6.65705        11       501         0        0.65774
   6.66393         8       488         0        0.68155
   6.67080        13       484         0        0.64583
   6.67768        41       453         0        0.67560
   6.68456        15       517         0        0.67262
   6.69143        21       491         0        0.67560
   6.69831        25       453         0        0.66369
   6.70519        29       441         0        0.67262
   6.71206        32       477         0        0.63988
   6.71894        18       429         0        0.65179
   6.72582        26       450         0        0.66667
   6.73269        26       476         0        0.67262
   6.73957        25       458         0        0.65774
   6.74645        17       443         0        0.65476
   6.75332        22       433         0        0.65476
   6.76020        19       444         0        0.67857
   6.76708        21       415         0        0.67857
   6.77395        18       476         0        0.66071
   6.78083        31       515         0        0.66369
   6.78771        32       458         0        0.68750
   6.79458        32       504         0        0.66071
   6.80146        30       546         0        0.65179
   6.80834        31       501         0        0.66667
   6.81521        17       464         0        0.63690
   6.82209        21       489         0        0.69345
   6.82897        22       467         0        0.65774
   6.83584        32       544         0        0.70238
   6.84272        29       587         0        0.69940
   6.84960        43       444         0        0.65476
   6.85647        48       434         0        0.63690
   6.85992        40       496         0        0.68452
   6.86679        35       580         0        0.71726
   6.87367        23       548         0        0.70536
   6.88055        25       472         0        0.66071
   6.88742        23       481         0        0.69345
   6.89430        22       473         0        0.67262
   6.90118        25       472         0        0.68452
   6.90805        23       475         0        0.66964
   6.91493        33       448         0        0.69940
   6.92181        20       495         0        0.65476
   6.92868        29       494         0        0.69048
   6.93556        28       499         0        0.65179
   6.94244        24       480         0        0.65774
   6.94931        32       484         0        0.66964
   6.95619        34       493         0        0.69048
   6.96307        17       482         0        0.67262
   6.96994        31       497         0        0.71726
   6.97682        27       453         0        0.70238
   6.98370        30       486         0        0.72024
   6.99057        16       493         0        0.68750
   6.99745        27       470         0        0.67262
   7.00433        22       474         0        0.65476
   7.01121        31       433         0        0.69643
   7.01808        16       511         0        0.69345
   7.02496        35       492         0        0.72024
   7.03184        34       462         0        0.69048
   7.03871        15       490         0        0.68750
   7.04559        30       470         0        0.67262
   7.05247        22       451         0        0.66071
   7.05934        21       476         0        0.67857
   7.06622        48       430         4        0.64286
   7.07310        37       448         0        0.65476
   7.07997        29       475         0        0.66964
   7.08685        26       470         0        0.67262
   7.09373        26       462         0        0.66667
   7.10060        27       412         0        0.65774
   7.10748        24       432         0        0.68750
   7.11436        35       479         0        0.68452
   7.12123        14       441         0        0.65179
   7.12811        29       437         0        0.68155
   7.13499        28       490         0        0.73214
   7.14186        18       462         0        0.71429
   7.14874        40       482         0        0.72917
   7.15562        16       464         0        0.68452
   7.16249        17       473         0        0.72619
   7.16937        19       454         0        0.65179
   7.17625        17       554         0        0.70238
   7.18312        14       494         0        0.64881
   7.19000        29       475         0        0.69048
   7.19688        28       474         0        0.65476
   7.20375        32       378         0        0.66667
   7.21063        35       467         0        0.66667
   7.21751        22       481         0        0.66964
   7.22438        21       511         0        0.68155
   7.23126        33       438         0        0.67262
   7.23504        17       376         0        0.66071
   7.24192        38       472         0        0.70238
   7.24879        30       469         0        0.67857
   7.25567        25       453         0        0.69048
   7.26255        19       420         0        0.68155
   7.26942        26       459         0        0.68750
   7.27630        13       472         0        0.68452
   7.28318        33       564         0        0.73810
   7.29005        39       498         0        0.71726
   7.29693        26       442         0        0.65476
   7.30381        33       459         0        0.68155
   7.31068        41       458         0        0.67857
   7.31756        35       448         0        0.66667
   7.32444        26       451         0        0.67560
   7.33131        25       475         0        0.69345
   7.33819        31       452         0        0.65774
   7.34507        19       477         0        0.66964
   7.35194        21       445         0        0.65476
   7.35882        37       486         0        0.67560
   7.36570        20       521         0        0.68750
   7.37257        32       484         0        0.71131
   7.37945        16       483         0        0.69345
   7.38633        36       481         0        0.69345
   7.39320        30       465         0        0.66369
   7.40008        27       395         0        0.63690
   7.40696        20       433         0        0.69048
   7.41383        29       463         0        0.65179
   7.42071        23       424         0        0.63095
   7.42759        30       504         0        0.68750
   7.43447        19       459         0        0.68750
   7.44134        18       456         0        0.64881
   7.44822        28       444         0        0.69940
   7.45510        19       500         0        0.70833
   7.46197        28       496         0        0.69940
   7.46885        26       458         0        0.69940
   7.47573        27       476         0        0.69940
   7.48260        23       521         0        0.68155
   7.48948        25       467         0        0.69345
   7.49636        30       476         0        0.66369
   7.50323        30       438         0        0.66071
   7.51011        26       470         0        0.63393
   7.51699        29       488         0        0.70238
   7.52386        22       472         0        0.63095
   7.53074        32       447         0        0.69048
   7.53762        31       425         0        0.65179
   7.54449         9       478         0        0.62500
   7.55137        24       448         0        0.66667
   7.55825        24       462         0        0.65179
   7.56512        32       526         0        0.66964
   7.57200        30       418         0        0.60119
   7.57888        26       436         0        0.63690
   7.58575        30       460         0        0.63095
   7.59263        20       418         0        0.65476
   7.59951        30       432         0        0.66964
   7.60638        22       490         0        0.71131
   7.61052        38       490         0        0.71131
   7.61740        47       463         0        0.69048
   7.62428        37       471         0        0.66369
   7.63115        33       492         0        0.70238
   7.63803        27       457         0        0.69048
   7.64491        48       503         0        0.73810
   7.65178        44       443         0        0.72024
   7.65866        38       430         0        0.69048
   7.66554        36       495         0        0.66667
   7.67241        32       479         0        0.64881
   7.67929        26       446         0        0.65774
   7.68617        22       402         0        0.66369
   7.69304        35       463         0        0.68452
   7.69992        20       379         0        0.60119
   7.70680        26       412         0        0.67857
   7.71367        34       484         0        0.66964
   7.72055        40       458         0        0.70833
   7.72743        39       419         0        0.67560
   7.73430        44       414         0        0.66667
   7.74118        30       442         0        0.66369
   7.74806        29       380         0        0.65179
   7.75493        33       395         0        0.65179
   7.76181        26       439         0        0.66071
   7.76869        35       423         0        0.68155
   7.77556        32       431         0        0.68750
   7.78244        25       374         0        0.61012
   7.78932        18       462         0        0.62798
   7.79619        31       452         0        0.69048
   7.80307        31       420         0        0.64286
   7.80995        26       391         0        0.63095
   7.81682        33       499         0        0.69643
   7.82370        30       464         0        0.66071
   7.83058        12       419         0        0.64583
   7.83745        37       482         0        0.62798
   7.84433        47       411         0        0.63393
   7.85121        30       467         0        0.70238
   7.85808        38       468         0        0.65179
   7.86496        44       506         0        0.70238
   7.87184        37       498         0        0.70536
   7.87871        30       429         0        0.65476
   7.88559        37       513         0        0.66071
   7.89247        33       455         0        0.66369
   7.89935        21       440         0        0.66369
   7.90622        37       518         0        0.67560
   7.91310        44       448         0        0.66667
   7.91998        47       453         0        0.68155
   7.92685        24       494         0        0.66964
   7.93373        37       550         0        0.69940
   7.94061        23       519         0        0.69643
   7.94748        18       464         0        0.64583
   7.95436        20       457         0        0.67262
   7.96124        18       507         0        0.70536
   7.96811        30       425         0        0.67262
   7.97499        26       403         0        0.63393
   7.98187        23       432         0        0.67857
   7.98641        22       458         0        0.67262
   7.99329        23       470         0        0.66071
   8.00016        23       427         0        0.63393
   8.00704        21       436         0        0.67262
   8.01392        24       417         0        0.66369
   8.02079        20       460         0        0.66667
   8.02767        32       479         0        0.63988
   8.03455        32       476         0        0.61012
   8.04142        24       455         0        0.64286
   8.04830        29       428         0        0.63095
   8.05518        17       509         0        0.64583
   8.06205        25       425         0        0.61607
   8.06893        28       428         0        0.61310
   8.07581        21       478         0        0.64881
   8.08268        22       431         0        0.64881
   8.08956        32       427         1        0.62798
   8.09644        12       469         0        0.64583
   8.10331        16       442         0        0.68155
   8.11019        29       459         1        0.66667
   8.11707        23       496         1        0.72917
   8.12394        25       420         0        0.63690
   8.13082        36       491         0        0.65476
   8.13770        29       445         1        0.61607
   8.14457        29       492         1        0.68750
   8.15145        22       457         0        0.68155
   8.15833        26       487         0        0.65774
   8.16520        20       502         0        0.66667
   8.17208        18       453         0        0.64583
   8.17896        17       421         0        0.63393
   8.18583        21       437         0        0.67262
   8.19271        21       413         0        0.64583
   8.19959        26       418         0        0.62202
   8.20646        14       452         0        0.60714
   8.21334        29       415         0        0.66369
   8.22022        30       402         0        0.66964
   8.22709        28       417         0        0.66071
   8.23397        24       460         0        0.67560
   8.24085        24       398         0        0.66667
   8.24772        26       439         0        0.65476
   8.25460        24       449         0        0.67262
   8.26148        35       430         0        0.64583
   8.26835        36       468         0        0.67560
   8.27523        31       379         0        0.65179
   8.28211        44       462         0        0.70238
   8.28898        33       487         0        0.64881
   8.29586        25       414         0        0.62202
   8.30274        20       473         0        0.66667
   8.30962        21       442         0        0.66369
   8.31649        35       418         0        0.63095
   8.32337        19       457         0        0.71726
   8.33025        24       456         0        0.67857
   8.33712        32       397         0        0.64583
   8.34400        34       346         0        0.63393
   8.35088        32       375         0        0.64881
   8.35775        35       400         1        0.61607
   8.36235        26       400         0        0.68155
   8.36922        34       466         0        0.67857
   8.37610        27       411         0        0.60417
   8.38298        46       390         0        0.67560
   8.38985        23       443         0        0.65774
   8.39673        34       399         0        0.69048
   8.40361        26       429         0        0.66071
   8.41048        18       381         0        0.65179
   8.41736        28       382         0        0.65179
   8.42424        30       444         0        0.66369
   8.43111        29       481         0        0.70536
   8.43799        32       423         0        0.71131
   8.44487        39       443         0        0.72321
   8.45175        10       458         0        0.65774
   8.45862        24       404         0        0.67262
   8.46550        14       424         0        0.66369
   8.47238        27       432         0        0.65179
   8.47925        27       464         0        0.65774
   8.48613        13       432         0        0.67262
   8.49301        20       367         0        0.62798
   8.49988        27       412         0        0.65179
   8.50676        29       414         0        0.63988
   8.51364        34       424         0        0.66964
   8.52051        30       432         0        0.70833
   8.52739        27       419         0        0.61012
   8.53427        27       428         0        0.70238
   8.54114        38       436         0        0.69048
   8.54802        30       435         0        0.66369
   8.55490        30       396         0        0.65476
   8.56177        26       374         0        0.63690
   8.56865        30       431         0        0.63690
   8.57553        17       456         0        0.66667
   8.58240        33       473         0        0.65179
   8.58928        36       413         0        0.64881
   8.59616        26       459         0        0.66964
   8.60303        33       469         0        0.67857
   8.60991        28       457         0        0.67857
   8.61679        28       469         0        0.68750
   8.62366        27       465         0        0.65179
   8.63054        23       413         0        0.63988
   8.63742        25       458         0        0.65774
   8.64429        22       448         0        0.61905
   8.65117        28       455         0        0.66071
   8.65805        34       393         0        0.60714
   8.66492        32       432         0        0.63095
   8.67180        37       434         0        0.64583
   8.67868        26       461         0        0.64881
   8.68555        32       422         0        0.67560
   8.69243        26       376         0        0.64286
   8.69931        15       436         0        0.62798
   8.70618        29       438         0        0.65179
   8.71306        29       406         0        0.66964
   8.71994        26       418         0        0.64583
   8.72681        24       408         0        0.61012
   8.73369        37       437         0        0.61607
   8.73837        24       417         0        0.63690
   8.74524        22       436         0        0.62500
   8.75212        37       392         0        0.66964
   8.75900        26       422         0        0.64583
   8.76587        30       491         0        0.69048
   8.77275        22       406         0        0.64583
   8.77963        24       466         0        0.67560
   8.78650        23       413         0        0.61012
   8.79338        36       389         0        0.63095
   8.80026        42       417         0        0.66071
   8.80713        27       513         0        0.69345
   8.81401        52       429         0        0.67857
   8.82089        40       434         0        0.66667
   8.82776        28       411         0        0.69048
   8.83464        25       452         0        0.65774
   8.84152        39       405         0        0.69345
   8.84839        24       416         0        0.67560
   8.85527        22       397         0        0.66369
   8.86215        29       428         0        0.67560
   8.86902        28       447         0        0.66071
   8.87590        30       405         0        0.64286
   8.88278        47       410         0        0.66667
   8.88966        25       436         0        0.65774
   8.89653        34       432         0        0.69940
   8.90341        36       407         0        0.65774
   8.91029        30       425         0        0.66071
   8.91716        27       419         0        0.64583
   8.92404        27       407         0        0.63393
   8.93092        32       413         0        0.65179
   8.93779        29       367         0        0.59821
   8.94467        32       406         0        0.66369
   8.95155        40       415         0        0.63988
   8.95842        36       410         0        0.63690
   8.96530        27       401         0        0.63988
   8.97218        26       412         0        0.64286
   8.97905        45       405         0        0.62500
   8.98593        30       408         0        0.67262
   8.99281        42       400         0        0.64286
   8.99968        47       399         0        0.63988
   9.00656        63       450         0        0.66369
   9.01344        49       440         0        0.67857
   9.02031        27       444         0        0.63988
   9.02719        59       431         0        0.67560
   9.03407        31       395         0        0.62500
   9.04094        26       399         0        0.63393
   9.04782        22       405         0        0.64286
   9.05470        33       407         0        0.64881
   9.06157        24       417         0        0.68155
   9.06845        38       399         3        0.64881
   9.07533        30       382         0        0.65179
   9.08220        23       441         0        0.68750
   9.08908        36       399         0        0.64583
   9.09596        24       407         0        0.69048
   9.10283        31       404         0        0.66369
   9.10971        22       415         0        0.61012
   9.11440        28       453         0        0.63988
   9.12127        37       420         0        0.63988
   9.12815        22       462         0        0.68452
   9.13503        16       423         0        0.64286
   9.14190        22       399         0        0.65179
   9.14878        21       427         0        0.63690
   9.15566        16       473         0        0.65774
   9.16253        14       397         0        0.68155
   9.16941        23       421         0        0.67262
   9.17629        21       440         0        0.68452
   9.18316        25       414         0        0.69345
   9.19004        30       416         0        0.62798
   9.19692        14       428         0        0.65179
   9.20379        32       389         0        0.62798
   9.21067        31       415         0        0.65179
   9.21755        24       467         0        0.64881
   9.22442        24       405         0        0.64881
   9.23130        22       465         0        0.66369
   9.23818        38       440         0        0.64286
   9.24505        29       442         0        0.70238
   9.25193        22       441         0        0.66071
   9.25881        26       425         0        0.67560
   9.26568        36       467         0        0.67857
   9.27256        28       403         0        0.66071
   9.27944        20       475         0        0.68452
   9.28631        22       447         0        0.61905
   9.29319        17       458         0        0.65476
   9.30007        25       399         0        0.63690
   9.30694        30       421         0        0.62500
   9.31382        35       424         0        0.66071
   9.32070        23       416         0        0.66667
   9.32757        35       438         0        0.64286
   9.33445        30       437         0        0.62500
   9.34133        25       447         0        0.66964
   9.34820        16       453         0        0.65774
   9.35508        38       409         0        0.68452
   9.36196        29       428         0        0.61905
   9.36883        27       487         0        0.64583
   9.37571        30       474         0        0.65179
   9.38259        39       480         0        0.67857
   9.38946        35       471         0        0.62798
   9.39634        35       469         0        0.66667
   9.40322        17       504         0        0.66667
   9.41009        27       452         0        0.64583
   9.41697        15       437         0        0.65179
   9.42385        32       454         0        0.64881
   9.43072        31       411         0        0.64881
   9.43760        20       424         0        0.62500
   9.44448        32       434         0        0.66071
   9.45136        37       397         0        0.67560
   9.45823        44       413         0        0.65476
   9.46511        21       427         0        0.64881
   9.47199        41       438         0        0.63988
   9.47886        26       428         0        0.63988
   9.48574        31       411         0        0.62500
   9.48982        42       445         0        0.63988
