   0.00586         0         0   0.00000
   0.01202         0         0   0.00000
   0.01202         0         0   0.00000
   0.01827         0         0   0.00000
   0.01856         0         0   0.00000
   0.02491         0         0   0.00000
   0.02556         0         0   0.00000
   0.03203         0         0   0.00000
   0.03310         0         0   0.00000
   0.03963         0         0   0.00000
   0.04483         0         0   0.00000
   0.05143         0         0   0.01190
   0.05700         0         0   0.00000
   0.06367         0         0   0.00000
   0.07034         0         0   0.00000
   0.07389         0         0   0.00000
   0.08064         0         0   0.00000
   0.08739         4         0   0.00595
   0.09414         0         0   0.00000
   0.09591        14         0   0.02083
   0.10276        12         0   0.02976
   0.10961         4         0   0.02976
   0.11646        16         0   0.02976
   0.12331         4         4   0.03571
   0.13016         8        18   0.06548
   0.13700         4         0   0.01786
   0.14385        12         4   0.02976
   0.15070        24         0   0.03571
   0.15755        12         0   0.01786
   0.16440        12         0   0.04762
   0.17125         0         4   0.01786
   0.17810        16         0   0.05655
   0.18495         0         0   0.02083
   0.19180        12         0   0.01786
   0.19865         8         0   0.01190
   0.20550        15         0   0.03571
   0.21235        18         6   0.04464
   0.21920         8         0   0.02679
   0.22604         8         0   0.02679
   0.23289        20         0   0.04762
   0.23974         2         8   0.02976
   0.24659         4         0   0.00595
   0.25344         4         0   0.04167
   0.26029         0        16   0.05357
   0.26714        16         9   0.08036
   0.27399        16         7   0.06845
   0.28084         0         4   0.02381
   0.28769        20         0   0.04464
   0.29454        12         8   0.02976
   0.30139        22         0   0.04167
   0.30823         4         0   0.01786
   0.31508         8         0   0.03869
   0.32193         0         0   0.02083
   0.32878        14         0   0.04464
   0.33563        16         0   0.02976
   0.34248        12         0   0.05060
   0.34933         8         0   0.02976
   0.35618        24         0   0.06548
   0.36303         8         0   0.02679
   0.36988         0         0   0.00000
   0.37673         4         0   0.01786
   0.38358         0         0   0.00000
   0.39043         4         0   0.00595
   0.39727        14         0   0.02083
   0.40412         0         6   0.06548
   0.41097         4         0   0.00595
   0.41782         0         0   0.01786
   0.42467         0         0   0.03571
   0.43152         0         0   0.01190
   0.43837        12         0   0.01786
   0.44522         8         0   0.06250
   0.45207         4         4   0.03274
   0.45892        12         0   0.02381
   0.46509        34         0   0.07143
   0.47194        18         0   0.03869
   0.47879        14         0   0.02083
   0.48564         4         0   0.02083
   0.49249         4         0   0.08036
   0.49934         0        12   0.03571
   0.50619         4         4   0.01786
   0.51303         0         0   0.02381
   0.51988         4         0   0.01190
   0.52673         8         4   0.03869
   0.53358        22         0   0.03274
   0.54043         4         0   0.00595
   0.54728         4         0   0.02381
   0.55413         8         0   0.01190
   0.56098        16         4   0.05952
   0.56783        16         0   0.02381
   0.57468         4         4   0.03274
   0.58153        10         0   0.05357
   0.58838         8         0   0.01190
   0.59523         4         0   0.03571
   0.60207         4         0   0.02083
   0.60892        16         0   0.04167
   0.61577         8        10   0.04167
   0.62262         0         0   0.02381
   0.62947         0         0   0.02083
   0.63632        10         0   0.02381
   0.64317        12         0   0.04167
   0.65002         4         0   0.03571
   0.65687        18         8   0.08333
   0.66372         0         0   0.00000
   0.67057         0         0   0.00000
   0.67742        10         0   0.07738
   0.68427         8         0   0.01190
   0.69111        12         8   0.02976
   0.69796        16         6   0.05357
   0.70481        20         8   0.04167
   0.71166         8        10   0.05357
   0.71851        14         0   0.05060
   0.72536         8         0   0.01190
   0.73221         0         0   0.00000
   0.73906         8         0   0.02976
   0.74591         4         0   0.00595
   0.75276        14         8   0.05357
   0.75961         4         0   0.02083
   0.76646         4         0   0.04167
   0.77330         0         0   0.01190
   0.78015        10         0   0.02976
   0.78700        24         0   0.03571
   0.79385        12         0   0.05060
   0.80070        22         0   0.03274
   0.80755         8         0   0.05655
   0.81440        12         0   0.04762
   0.82125        20         0   0.04464
   0.82810         0         0   0.00000
   0.83416         4         0   0.00595
   0.84101         8         0   0.02976
   0.84786         8         0   0.01190
   0.85471         4         4   0.01786
   0.86156        16         0   0.02976
   0.86841        12         0   0.03571
   0.87526         4         4   0.03869
   0.88211         0         0   0.01190
   0.88896         0         0   0.01190
   0.89581         0         4   0.02381
   0.90265         4         0   0.01786
   0.90950        16         0   0.03571
   0.91635         2         0   0.00595
   0.92320        14        10   0.05357
   0.93005        12         4   0.04464
   0.93690         4         0   0.05357
   0.94375         4         0   0.01786
   0.95060        16         0   0.05952
   0.95745         2         0   0.01786
   0.96430         0         0   0.02679
   0.97115        12         0   0.03274
   0.97800         2         0   0.03274
   0.98485         4         0   0.02083
   0.99169         4         0   0.04464
   0.99854         8         0   0.01786
   1.00539         8         0   0.01190
   1.01224        12         0   0.02381
   1.01909         4        12   0.03571
   1.02594         4         0   0.00595
   1.03279         8         0   0.03869
   1.03964        24         0   0.04762
   1.04649        12         0   0.03274
   1.05334         8         0   0.02679
   1.06019        16         0   0.02381
   1.06704         8         0   0.01190
   1.07388         0         0   0.00000
   1.08073        14         0   0.02976
   1.08758        22        12   0.07738
   1.09443         0         7   0.03274
   1.10128         4         0   0.02679
   1.10813        14        12   0.04762
   1.11498         0         8   0.05060
   1.12183         8         0   0.03869
   1.12868         4         0   0.02083
   1.13553         0         0   0.01190
   1.14238        12        16   0.07143
   1.14923        12         0   0.03274
   1.15608        12         4   0.08333
   1.16292         8         0   0.02679
   1.16977        12         0   0.01786
   1.17662         4         4   0.01786
   1.18347         4         4   0.02381
   1.19032         8         8   0.02976
   1.19717         0         0   0.01488
   1.20331         0         0   0.00595
   1.21016        12         0   0.04167
   1.21701         8         0   0.02679
   1.22386         4         0   0.00595
   1.23071         4         8   0.02976
   1.23756         4         4   0.03274
   1.24441         6         4   0.02381
   1.25125         4        15   0.04167
   1.25810         4         8   0.03571
   1.26495        10         0   0.02976
   1.27180        18         0   0.02679
   1.27865         8         0   0.02679
   1.28550        12         0   0.05357
   1.29235         8         0   0.01190
   1.29920        16         0   0.03571
   1.30605        18         0   0.06845
   1.31290         4         0   0.02083
   1.31975         4         0   0.01786
   1.32660         0         0   0.03869
   1.33345         4         0   0.02083
   1.34029        20         0   0.04167
   1.34714         6         0   0.02381
   1.35399        16         0   0.02976
   1.36084         4         4   0.02381
   1.36769        24         0   0.05952
   1.37454        12         4   0.02976
   1.38139         4         0   0.03571
   1.38824         0         0   0.00000
   1.39509        12         0   0.01786
   1.40194         4         0   0.01190
   1.40879         8         0   0.01786
   1.41564        14         4   0.05655
   1.42248        10         0   0.03571
   1.42933        12        10   0.03869
   1.43618        16         0   0.02976
   1.44303         4         0   0.04167
   1.44988        18         8   0.05060
   1.45673         4         8   0.08036
   1.46358        12         0   0.03869
   1.47043         4         0   0.00595
   1.47728        12         4   0.08631
   1.48413         4         0   0.00595
   1.49098         4         0   0.02083
   1.49783         8         0   0.04464
   1.50467        28         0   0.06845
   1.51152         4         3   0.02381
   1.51837         0        18   0.07143
   1.52522         4         4   0.01786
   1.53207         6        22   0.07440
   1.53892         8        18   0.06845
   1.54577        12        40   0.12500
   1.55262         8        18   0.07440
   1.55947         8        45   0.09821
   1.56632         4        48   0.13095
   1.57251        12        30   0.12798
   1.57936        12        54   0.12500
   1.58621         4        46   0.08929
   1.59306         4        51   0.11310
   1.59991         0        22   0.08333
   1.60676         8        27   0.07440
   1.61361         6        31   0.09821
   1.62046        12        32   0.10119
   1.62730         0        65   0.13988
   1.63415        10        31   0.11607
   1.64100         4        22   0.08036
   1.64785         0        11   0.04464
   1.65470        18        18   0.06250
   1.66155         0         0   0.00000
   1.66840         8         0   0.01786
   1.67525         8         0   0.05357
   1.68210        12         0   0.03274
   1.68895        28         0   0.04167
   1.69580         4         6   0.04167
   1.70265         4         0   0.02679
   1.70949         4         4   0.04464
   1.71634         0         0   0.02381
   1.72319        16         0   0.03869
   1.73004         4        12   0.02381
   1.73689        18         0   0.03571
   1.74374         4         0   0.02083
   1.75059        12         0   0.08036
   1.75744         4        16   0.04167
   1.76429         8         0   0.01190
   1.77114         4         8   0.06548
   1.77799        14         0   0.02083
   1.78484         8         6   0.03571
   1.79169         8         0   0.03274
   1.79853        12         0   0.03571
   1.80538         4        12   0.04167
   1.81223         0        22   0.07143
   1.81908         0        10   0.05952
   1.82593        14        14   0.06548
   1.83278         7         6   0.03869
   1.83963         8         9   0.04464
   1.84648         4        10   0.04167
   1.85333         4        11   0.05357
   1.86018         8         0   0.02976
   1.86703        22         4   0.05952
   1.87388         0        10   0.04762
   1.88073         4         4   0.02381
   1.88757         4         4   0.05655
   1.89442         4         0   0.01190
   1.90127         4         0   0.01786
   1.90812        14         0   0.05655
   1.91497         4         0   0.04167
   1.92182         4        12   0.03571
   1.92867        40         0   0.08333
   1.93552         0         6   0.05655
   1.94165         8         0   0.01190
   1.94850        12         4   0.05357
   1.95535         8         0   0.07143
   1.96220         0        14   0.04167
   1.96905        12         8   0.04762
   1.97590         8        12   0.04762
   1.98275        26         0   0.04167
   1.98960         8         4   0.03869
   1.99645        24         0   0.06548
   2.00330         8         0   0.05060
   2.01015        14         0   0.02976
   2.01700        16         6   0.05655
   2.02384         8         0   0.01190
   2.03069         0         0   0.01786
   2.03754        14         0   0.05952
   2.04439        12         8   0.06548
   2.05124         0         0   0.00595
   2.05809         4         0   0.02381
   2.06494        16         0   0.02381
   2.07179         4         0   0.02679
   2.07864        12         4   0.02976
   2.08549        12         0   0.04762
   2.09234         6         6   0.04464
   2.09919        20         0   0.02976
   2.10604        16         0   0.04464
   2.11288        12         0   0.03274
   2.11973         4         0   0.03274
   2.12658         8         0   0.01786
   2.13343         4         0   0.02679
   2.14028        10         0   0.03274
   2.14713         0         0   0.00595
   2.15398        10         0   0.02381
   2.16083        12         0   0.03274
   2.16768        14         0   0.03571
   2.17453         4         0   0.00595
   2.18138         8         0   0.01190
   2.18823        18         0   0.08631
   2.19507        12         0   0.03274
   2.20192        20         0   0.04762
   2.20877         2         4   0.02381
   2.21562         0         4   0.01190
   2.22247         8         9   0.04762
   2.22932         8         4   0.02381
   2.23617         4         0   0.01190
   2.24302         4         0   0.00595
   2.24987         4         0   0.00595
   2.25672        22         0   0.04464
   2.26357         4         0   0.03274
   2.27042         4         0   0.00595
   2.27727         0         0   0.05655
   2.28411         8         0   0.02976
   2.29096         4         4   0.01786
   2.29781         6         0   0.01190
   2.30466        18        20   0.10119
   2.31081         0         0   0.01786
   2.31766         4         0   0.00595
   2.32451        18         4   0.04464
   2.33136        24         0   0.06845
   2.33821         0        10   0.02976
   2.34506         0         8   0.02381
   2.35191         8         0   0.01786
   2.35875         8        18   0.05357
   2.36560        18         0   0.02679
   2.37245         0         0   0.03869
   2.37930         8         0   0.02976
   2.38615         0         0   0.00595
   2.39300         6         0   0.02976
   2.39985        16        16   0.08333
   2.40670         6         6   0.04762
   2.41355        12         0   0.04464
   2.42040        10        10   0.04762
   2.42725         8         9   0.05357
   2.43410         8        12   0.04762
   2.44095         4         0   0.05060
   2.44779        12         4   0.02976
   2.45464        10         0   0.01786
   2.46149         8         0   0.02679
   2.46834        18         0   0.02679
   2.47519         4         0   0.01190
   2.48204         8         0   0.01190
   2.48889         4         4   0.01786
   2.49574         0         0   0.02083
   2.50259        10         4   0.02679
   2.50944         4         4   0.01786
   2.51629         0         0   0.01786
   2.52314         6         4   0.02381
   2.52999         8         0   0.01786
   2.53683        22         4   0.05952
   2.54368        12         8   0.05357
   2.55053        24         0   0.03869
   2.55738         4         4   0.03869
   2.56423         0         0   0.04167
   2.57108        20         8   0.06548
   2.57793         0         0   0.02976
   2.58478         8         6   0.06250
   2.59163         0         0   0.02679
   2.59848        14         0   0.02083
   2.60533         8         0   0.03274
   2.61218        16         8   0.06845
   2.61902        12         0   0.01786
   2.62587         4        10   0.04167
   2.63272         4         4   0.05060
   2.63957        16        17   0.07143
   2.64642         6        25   0.08333
   2.65327         8         4   0.03869
   2.66012         8         0   0.01190
   2.66697         8        11   0.10119
   2.67382        16         8   0.04762
   2.68006         4         0   0.02083
   2.68691         8         0   0.03869
   2.69376         8         0   0.01190
   2.70060         0         4   0.01786
   2.70745         6         0   0.02381
   2.71430        30         7   0.08036
   2.72115        42         4   0.09821
   2.72800        20         4   0.05952
   2.73485         0         0   0.01786
   2.74170         4         8   0.03571
   2.74855        12        44   0.11905
   2.75540        10        11   0.04762
   2.76225         8        11   0.07738
   2.76910        27         0   0.05655
   2.77595         6        11   0.06548
   2.78279         0        31   0.08929
   2.78964         8        11   0.05060
   2.79649         8        15   0.07143
   2.80334         6         0   0.03274
   2.81019        10         6   0.06548
   2.81704        12         6   0.06845
   2.82389        18         0   0.05060
   2.83074        18         4   0.03869
   2.83759        14         8   0.05357
   2.84444         4         0   0.03571
   2.85129         2         0   0.03869
   2.85814        10         6   0.05952
   2.86499        39         4   0.05952
   2.87183         6        12   0.08036
   2.87868         8        14   0.07738
   2.88553         4         8   0.05357
   2.89238         4         0   0.00595
   2.89923         0         4   0.04762
   2.90608        12         0   0.01786
   2.91293        12         0   0.03274
   2.91978         8         4   0.05060
   2.92663         0         0   0.02679
   2.93348         8         0   0.02976
   2.94033         0         4   0.03274
   2.94718         8        19   0.07143
   2.95402         2         8   0.05655
   2.96087         8         6   0.04464
   2.96772         4         0   0.05357
   2.97457        16         6   0.04167
   2.98142        12         0   0.01786
   2.98827        10         0   0.05952
   2.99512         4         0   0.00595
   3.00197         0         0   0.00000
   3.00882        12         0   0.01786
   3.01567         8         0   0.04464
   3.02252        10         0   0.02083
   3.02937         8         0   0.02679
   3.03622         4         0   0.02083
   3.04306         4         0   0.00595
   3.04890         8         0   0.03274
   3.05575         8         0   0.02976
   3.06260        22         0   0.06845
   3.06945         0         0   0.01488
   3.07630         8         8   0.03571
   3.08315         0        12   0.05357
   3.09000         8         4   0.03869
   3.09685         4         8   0.07738
   3.10370         6         4   0.03274
   3.11055         8         6   0.04762
   3.11739         4         0   0.00595
   3.12424        10         0   0.02083
   3.13109         0         0   0.00000
   3.13794         0         0   0.01786
   3.14479         4         4   0.02976
   3.15164         0         4   0.01786
   3.15849         0         0   0.01488
   3.16534        10         0   0.02976
   3.17219        21         9   0.07738
   3.17904         6         0   0.01190
   3.18589         8         0   0.05060
   3.19274        18        10   0.07738
   3.19958         0         0   0.02976
   3.20643        18         0   0.04762
   3.21328        12         6   0.04167
   3.22013        36         0   0.05357
   3.22698        14         0   0.02083
   3.23383        12         4   0.02976
   3.24068        10         0   0.03869
   3.24753         2         0   0.01786
   3.25438        20         0   0.05952
   3.26123         4         0   0.02381
   3.26808         0         0   0.01786
   3.27493         8         0   0.01190
   3.28178         8         0   0.01190
   3.28862         4         0   0.01786
   3.29547        18         6   0.08333
   3.30232         4         0   0.00595
   3.30917         2         0   0.03869
   3.31602         8         0   0.05655
   3.32287         8         8   0.06845
   3.32972        12         0   0.05357
   3.33657         8         0   0.01190
   3.34342        10         0   0.01488
   3.35027        24         0   0.03571
   3.35712         8         6   0.03869
   3.36397        24         0   0.03869
   3.37081         4         0   0.02679
   3.37766        28         0   0.04464
   3.38451        12         8   0.02976
   3.39136         6         8   0.03571
   3.39821         4        12   0.07738
   3.40506         8         0   0.03869
   3.41191        12         4   0.04464
   3.41789         4         0   0.00595
   3.42474         4         0   0.00595
   3.43159         4         0   0.01190
   3.43843        18         0   0.06250
   3.44528        14         4   0.04762
   3.45213         4         4   0.01786
   3.45898         4         0   0.04167
   3.46583        22         0   0.03274
   3.47268         8         0   0.02679
   3.47953         0         0   0.01488
   3.48638         2         0   0.04167
   3.49323        12         0   0.04762
   3.50008         0         0   0.05060
   3.50693         0         0   0.02679
   3.51378         6         0   0.01786
   3.52062         0         0   0.00000
   3.52747         8         0   0.01190
   3.53432         0         0   0.01786
   3.54117         0         0   0.01786
   3.54802         4         0   0.02083
   3.55487         4         0   0.01190
   3.56172         0         0   0.01190
   3.56857         4         4   0.01786
   3.57542         0         0   0.01786
   3.58227         8         8   0.04762
   3.58912         0         0   0.00000
   3.59597        14         4   0.03274
   3.60282         8         0   0.01190
   3.60966         8         4   0.04167
   3.61651         4         0   0.00595
   3.62336        16         0   0.03869
   3.63021         4         0   0.03571
   3.63706        12         0   0.01786
   3.64391        14         0   0.03869
   3.65076         0         0   0.00000
   3.65761        20         0   0.06548
   3.66446         8         0   0.01190
   3.67131        20         4   0.06845
   3.67816        14         0   0.02976
   3.68501        22         0   0.04762
   3.69185        12         4   0.03571
   3.69870         4         0   0.00595
   3.70555        12         0   0.01786
   3.71240         0         0   0.02679
   3.71925         4         0   0.00595
   3.72610        34        13   0.11607
   3.73295         4         0   0.02083
   3.73980         8         0   0.01786
   3.74665         4         0   0.07440
   3.75350        10         0   0.03869
   3.76035         8         0   0.01786
   3.76720         8         0   0.01190
   3.77405         0         0   0.02679
   3.78089         4         0   0.03571
   3.78712        12         0   0.02381
   3.79397        24         0   0.04167
   3.80082         0         0   0.02976
   3.80767         4         0   0.06845
   3.81451         4         6   0.05060
   3.82136         2         0   0.00595
   3.82821         8         0   0.03571
   3.83506        12         0   0.03571
   3.84191        12         0   0.02381
   3.84876        12        12   0.08631
   3.85561         0         0   0.01190
   3.86246         4         6   0.02381
   3.86931         0         0   0.03274
   3.87616        12         4   0.02976
   3.88301        10         6   0.05060
   3.88986         2         0   0.00595
   3.89670        20         0   0.09226
   3.90355        24         0   0.05655
   3.91040         4         0   0.02083
   3.91725        18         0   0.04167
   3.92410        18         0   0.04762
   3.93095         8         0   0.03274
   3.93780        18         0   0.02679
   3.94465         4         0   0.00595
   3.95150         0         0   0.01190
   3.95835         4         0   0.00595
   3.96520        12         0   0.01786
   3.97205        12         4   0.02976
   3.97890        14         0   0.02083
   3.98574        21         8   0.07440
   3.99259        12        10   0.09524
   3.99944         8         4   0.06548
   4.00629         4         6   0.02381
   4.01314         4         0   0.03869
   4.01999        12         0   0.01786
   4.02684         4         6   0.03869
   4.03369         0         0   0.00000
   4.04054         8         0   0.02679
   4.04739         0         0   0.01488
   4.05424         4         8   0.04762
   4.06109         0         0   0.02679
   4.06793         4         4   0.03274
   4.07478         4         0   0.00595
   4.08163        10         0   0.04167
   4.08848         0         0   0.06548
   4.09533         4         0   0.00595
   4.10218         8         0   0.02083
   4.10903         4         0   0.02083
   4.11588        16         0   0.06548
   4.12273         4         8   0.03571
   4.12958        26         9   0.06250
   4.13643         5         6   0.03571
   4.14328         6         4   0.02381
   4.15013         4        15   0.06250
   4.15622        12         0   0.04762
   4.16307        28         0   0.04762
   4.16991         0         0   0.00000
   4.17676        12         4   0.04167
   4.18361        12         0   0.01786
   4.19046         4         0   0.02679
   4.19731         4         0   0.02976
   4.20416         8         9   0.03869
   4.21101        12         4   0.02976
   4.21786        44         0   0.09524
   4.22471         4         0   0.03274
   4.23156         8        12   0.04762
   4.23841        12         0   0.03869
   4.24526         8         0   0.01190
   4.25210        12         0   0.01786
   4.25895        22         0   0.04762
   4.26580        12         0   0.05655
   4.27265        24         0   0.06250
   4.27950         8         0   0.01190
   4.28635        14         0   0.03571
   4.29320         0         0   0.00000
   4.30005         4         0   0.02679
   4.30690         8         0   0.02679
   4.31375         4         4   0.01786
   4.32060        12         0   0.04167
   4.32745        12         4   0.07440
   4.33430        20         0   0.05952
   4.34114        14         0   0.02679
   4.34799        14         4   0.03274
   4.35484         4         0   0.03274
   4.36169         4         0   0.01190
   4.36854         4         0   0.02381
   4.37539         8         0   0.05357
   4.38224         0         0   0.02083
   4.38909         8         0   0.01786
   4.39594         0         0   0.00595
   4.40279        14         0   0.02083
   4.40964         4         0   0.01190
   4.41649         4         0   0.02083
   4.42333         8         0   0.02679
   4.43018         6         0   0.01786
   4.43703         8         0   0.01190
   4.44388         4         0   0.00595
   4.45073        12         0   0.01786
   4.45758        18         0   0.02679
   4.46443         0         6   0.01786
   4.47128         8         0   0.01190
   4.47813         8         0   0.01190
   4.48498         4         0   0.01190
   4.49183        12         8   0.05952
   4.49868         4         0   0.01786
   4.50553         0         0   0.02976
   4.51237         8         8   0.02381
   4.51922        14         0   0.03571
   4.52540        12         0   0.02976
   4.53224        26         0   0.07440
   4.53909         6         0   0.04167
   4.54594         4         0   0.00595
   4.55279         4         0   0.00595
   4.55964        28         0   0.04167
   4.56649         8         0   0.03571
   4.57334        12         0   0.03274
   4.58019         4         0   0.00595
   4.58704        16         0   0.02381
   4.59389         0         0   0.00000
   4.60074        12         0   0.07440
   4.60759        24         0   0.06548
   4.61444        12         0   0.01786
   4.62128        14         0   0.04167
   4.62813        12         0   0.03869
   4.63498         8         0   0.02381
   4.64183         4         0   0.01190
   4.64868         8         0   0.01190
   4.65553        12         0   0.01786
   4.66238         8         0   0.01190
   4.66923        12         8   0.05952
   4.67608         4         0   0.00595
   4.68293         0        10   0.02976
   4.68978         0        14   0.03571
   4.69663         6        17   0.06548
   4.70347         4         0   0.02679
   4.71032         0         0   0.00000
   4.71717         8         0   0.01190
   4.72402         0         4   0.02679
   4.73087        14         6   0.03869
   4.73772        14        10   0.06845
   4.74457        12         0   0.06250
   4.75142         0         0   0.00000
   4.75827         0         0   0.00000
   4.76512         8         6   0.06548
   4.77197        12         4   0.05952
   4.77882         0         0   0.02381
   4.78567         8         0   0.03869
   4.79251         2         0   0.00595
   4.79936         0         8   0.01190
   4.80621        18         0   0.03274
   4.81306        14         0   0.03869
   4.81991         8        12   0.04167
   4.82676        12         0   0.01786
   4.83361        18         4   0.03869
   4.84046         0         0   0.00595
   4.84731        16         6   0.06250
   4.85416         4         0   0.01190
   4.86101         8         0   0.02679
   4.86786        16         4   0.05655
   4.87470         8         9   0.03869
   4.88155         8         0   0.02679
   4.88840        16         0   0.02381
   4.89445        10         0   0.01786
   4.90130        14         0   0.02083
   4.90815        12         0   0.01786
   4.91500         8         0   0.02679
   4.92185         8         0   0.03869
   4.92870        12         4   0.03869
   4.93555         4         6   0.05952
   4.94240         4         0   0.01190
   4.94925         0         0   0.01488
   4.95610         8         0   0.03869
   4.96295        20         0   0.04167
   4.96980        16         8   0.06548
   4.97665         4         0   0.00595
   4.98349         8         0   0.02679
   4.99034         2         0   0.00595
   4.99719         0         0   0.02083
   5.00404         0         0   0.00000
   5.01089         8         0   0.01190
   5.01774        30         0   0.05060
   5.02459        48         0   0.09821
   5.03144        14         6   0.06250
   5.03829         0        12   0.05060
   5.04514        10         0   0.04762
   5.05199        16         0   0.02381
   5.05884        12         0   0.04762
   5.06568        12         8   0.04167
   5.07253         4         4   0.03571
   5.07938         2         0   0.00595
   5.08623        16         0   0.02381
   5.09308         4         0   0.01786
   5.09993         0         0   0.00000
   5.10678        12         0   0.01786
   5.11363        10         0   0.02381
   5.12048         8         0   0.03571
   5.12733         4         0   0.02381
   5.13418        20         0   0.02976
   5.14103         4         0   0.00595
   5.14788         8         0   0.01190
   5.15472        23         0   0.05655
   5.16157         8         0   0.02976
   5.16842         0         0   0.00000
   5.17527         8         0   0.01190
   5.18212        10         8   0.02679
   5.18897         4         0   0.02381
   5.19582        12         0   0.01786
   5.20267        24         0   0.07143
   5.20952         8         0   0.01190
   5.21637         0         0   0.01488
   5.22322        10         0   0.03274
   5.23007        10         0   0.02381
   5.23691         8         0   0.01190
   5.24376        16         0   0.02381
   5.25061         6         0   0.02381
   5.25746         8         0   0.01190
   5.26361         4         0   0.01786
   5.27046         4         0   0.00595
   5.27731         8         0   0.01786
   5.28416        16         0   0.03869
   5.29101         8         0   0.01190
   5.29786        16         0   0.03274
   5.30471         0         0   0.01488
   5.31156         4         0   0.00595
   5.31840         4         0   0.01190
   5.32525         0         0   0.01488
   5.33210         8         0   0.01190
   5.33895         0         0   0.00000
   5.34580         2         0   0.02083
   5.35265        18         6   0.05060
   5.35950        12         0   0.05952
   5.36635        14         0   0.02083
   5.37320         0         0   0.00000
   5.38005         8         0   0.05952
   5.38690        10         0   0.01786
   5.39375        10         0   0.01786
   5.40060         0         8   0.01786
   5.40744        16         0   0.03869
   5.41429         8         0   0.01190
   5.42114        14         0   0.04762
   5.42799         0         0   0.00595
   5.43484        10         0   0.04762
   5.44169         4         0   0.00595
   5.44854         8         0   0.01190
   5.45539        12         0   0.01786
   5.46224         2         0   0.02083
   5.46909         4         0   0.01190
   5.47594         8         6   0.04762
   5.48279         5         0   0.03571
   5.48963         8         0   0.05655
   5.49648        12         7   0.06845
   5.50333         6         0   0.03274
   5.51018        14         0   0.03274
   5.51703        16         0   0.03571
   5.52388        10         0   0.01488
   5.53073         8        12   0.02976
   5.53758         4         4   0.03571
   5.54443        12         0   0.01786
   5.55128        14         0   0.08929
   5.55813        24         0   0.05357
   5.56498         4         0   0.00595
   5.57183        30         0   0.04464
   5.57867        10         6   0.04762
   5.58552        12         8   0.04167
   5.59237         8         0   0.01786
   5.59922        14         0   0.06250
   5.60607         4         4   0.03274
   5.61292        28         4   0.08929
   5.61977         0         0   0.03274
   5.62662         0         0   0.00000
   5.63284         0         0   0.03274
   5.63969        14         0   0.06250
   5.64654        12         0   0.02976
   5.65338        20         0   0.03571
   5.66023        30         0   0.08631
   5.66708        16         0   0.04762
   5.67393        18         0   0.05357
   5.68078         8         0   0.01786
   5.68763         0         0   0.00595
   5.69448         0         0   0.01190
   5.70133        20        12   0.05357
   5.70818        10         8   0.04167
   5.71503        12         0   0.01786
   5.72188         8         8   0.04167
   5.72873         8         0   0.03571
   5.73558         0         0   0.01786
   5.74242         0         0   0.01488
   5.74927         0         0   0.00000
   5.75612        22         0   0.03274
   5.76297         4         4   0.05060
   5.76982         4         6   0.03571
   5.77667        46        10   0.11905
   5.78352         6         0   0.02679
   5.79037         4         4   0.05060
   5.79722         0         0   0.00000
   5.80407        22         0   0.04762
   5.81092        14         0   0.03274
   5.81777        12         0   0.03571
   5.82461        16         0   0.03869
   5.83146         4         4   0.01786
   5.83831         8         6   0.05655
   5.84516         0         0   0.03274
   5.85201        18        27   0.10417
   5.85886         8        26   0.09821
   5.86571        17        28   0.13690
   5.87256        16        12   0.09524
   5.87941        20        11   0.05655
   5.88626        14        10   0.08333
   5.89311         8        23   0.08333
   5.89996        14         6   0.06845
   5.90681         9         9   0.06845
   5.91365        41         8   0.09821
   5.92050        10        40   0.12202
   5.92735         6        45   0.12202
   5.93420         7        52   0.15179
   5.94105         7        60   0.15179
   5.94790         4         9   0.05357
   5.95475        12        20   0.07143
   5.96160         4         6   0.02381
   5.96845         0        20   0.04167
   5.97530         4         8   0.01786
   5.98215        20        12   0.06250
   5.98900        12         8   0.04167
   5.99584         4         4   0.04464
   6.00169         8         4   0.03571
   6.00854         4         0   0.00595
   6.01539         8         0   0.02381
   6.02224        12         0   0.02976
   6.02909         4         0   0.03571
   6.03594         4         0   0.02381
   6.04279         8         0   0.02976
   6.04964        22         0   0.05952
   6.05649         8         0   0.02976
   6.06334         4         0   0.03274
   6.07019         8         0   0.02679
   6.07704        16         0   0.03571
   6.08388        12         0   0.01786
   6.09073         6         4   0.02381
   6.09758         4         4   0.02976
   6.10443         4         0   0.00595
   6.11128         0         4   0.04167
   6.11813        12         6   0.04762
   6.12498        12         8   0.05655
   6.13183         8         0   0.01190
   6.13868        12         0   0.03274
   6.14553         0         8   0.01190
   6.15238         4         0   0.02083
   6.15923         0         0   0.01488
   6.16607         8         0   0.02679
   6.17292         8         8   0.04167
   6.17977         0         0   0.00000
   6.18662         4         0   0.00595
   6.19347        16         4   0.05952
   6.20032         0         4   0.01190
   6.20717         4         0   0.00595
   6.21402         4         0   0.00595
   6.22087         8         4   0.04464
   6.22772         8         0   0.01190
   6.23457         6         6   0.04167
   6.24142         0         8   0.01190
   6.24827        16         0   0.04167
   6.25511         4         0   0.00595
   6.26196         8         8   0.03571
   6.26881         6         0   0.03274
   6.27566         0         8   0.02381
   6.28251        16         0   0.02381
   6.28936        10         0   0.01786
   6.29621         0         0   0.01786
   6.30306         4         0   0.04464
   6.30991         0         0   0.00000
   6.31676         4         0   0.01190
   6.32361         4         0   0.00595
   6.33046        18         0   0.02679
   6.33731        12         0   0.03869
   6.34415         0         6   0.03274
   6.35100         4         0   0.02083
   6.35785         4         0   0.02381
   6.36470        12         0   0.02976
   6.37075         4         0   0.00595
   6.37759         8         0   0.01190
   6.38444         4         8   0.04464
   6.39129         0         0   0.01488
   6.39814         4         0   0.02976
   6.40499        10         0   0.01786
   6.41184         4         0   0.03274
   6.41869         4         0   0.05060
   6.42554         8         0   0.01190
   6.43239        15         0   0.02976
   6.43924         8         0   0.01190
   6.44609         0         0   0.00000
   6.45294         0         0   0.02976
   6.45979         4         0   0.01786
   6.46663         8         0   0.01190
   6.47348         4         4   0.01786
   6.48033         0         0   0.00000
   6.48718        14         0   0.03571
   6.49403        14         0   0.02083
   6.50088        26         0   0.07143
   6.50773         4         0   0.00595
   6.51458         4         0   0.01786
   6.52143         4         0   0.00595
   6.52828        12         0   0.03274
   6.53513         0         0   0.01786
   6.54198        42         6   0.10119
   6.54882         8         0   0.01190
   6.55567         0         8   0.01190
   6.56252         8         0   0.02679
   6.56937        14         0   0.03571
   6.57622         6         0   0.03869
   6.58307        20         0   0.04167
   6.58992         4         0   0.00595
   6.59677         4         0   0.02083
   6.60362         8         0   0.03571
   6.61047         4         0   0.03274
   6.61732         4         0   0.00595
   6.62417         8         0   0.01786
   6.63102         4         0   0.02679
   6.63786         4         4   0.02381
   6.64471        12         0   0.01786
   6.65156         8         6   0.03571
   6.65841         8         0   0.01190
   6.66526         4         0   0.02083
   6.67211        12         0   0.01786
   6.67896         0         8   0.04464
   6.68581        14         0   0.02976
   6.69266        12         0   0.03274
   6.69951        16         0   0.05060
   6.70636         4         6   0.02381
   6.71321        12         0   0.05952
   6.72005         0         4   0.04464
   6.72690        12         4   0.04464
   6.73375         4         0   0.00595
   6.73994        12         4   0.02976
   6.74679         8         0   0.02679
   6.75364         4         0   0.00595
   6.76049        16         4   0.03869
   6.76734         4        13   0.04762
   6.77419         4         0   0.02083
   6.78104         4         0   0.05655
   6.78788        22         0   0.04762
   6.79473        16         0   0.04167
   6.80158         8         0   0.03869
   6.80843         2         0   0.00595
   6.81528         4         0   0.01786
   6.82213        16         0   0.02381
   6.82898         6         0   0.01190
   6.83583         8         6   0.04464
   6.84268         0         0   0.00000
   6.84953        16         0   0.02381
   6.85638         0         0   0.04167
   6.86323         4         0   0.00595
   6.87008         4         0   0.05655
   6.87692        14         0   0.02976
   6.88377         0         4   0.04167
   6.89062         0        17   0.05060
   6.89747        30         9   0.08929
   6.90432        18         0   0.06250
   6.91117         4         0   0.06548
   6.91802        12         0   0.03274
   6.92487        12         0   0.03274
   6.93172        20         0   0.04762
   6.93857        14         0   0.02083
   6.94542         8         0   0.03869
   6.95227         0         0   0.01190
   6.95911         4         0   0.00595
   6.96596         4         4   0.07143
   6.97281        18         0   0.04167
   6.97966         8         0   0.01190
   6.98651         8         0   0.02679
   6.99336         0         0   0.01488
   7.00021         4         0   0.00595
   7.00706        22         0   0.03274
   7.01391        14         0   0.04167
   7.02076         8         0   0.01190
   7.02761         4         0   0.00595
   7.03446        14         0   0.03571
   7.04131         0         0   0.01190
   7.04815         4         0   0.00595
   7.05500        10         0   0.03274
   7.06185         4         0   0.00595
   7.06870         0         0   0.03869
   7.07555         4         0   0.01190
   7.08240        10         0   0.01786
   7.08925         8         0   0.01786
   7.09610         8         0   0.02381
   7.10295         0         0   0.02679
   7.10892         0         0   0.05952
   7.11577         8         0   0.01190
   7.12262         0         0   0.01488
   7.12947         8         0   0.02381
   7.13632         4         4   0.02976
   7.14317        14         0   0.02976
   7.15001         0        12   0.03571
   7.15686         8         0   0.05952
   7.16371         4        12   0.08929
   7.17056        10         6   0.04167
   7.17741        12        15   0.06250
   7.18426         4         4   0.01786
   7.19111        12         0   0.03274
   7.19796         4         0   0.00595
   7.20481         0         8   0.01190
   7.21166         0         0   0.00000
   7.21851         4         0   0.03869
   7.22536         2         4   0.01786
   7.23220        12         0   0.01786
   7.23905         4         0   0.00595
   7.24590         8         0   0.04762
   7.25275         0         0   0.01190
   7.25960         8         4   0.02381
   7.26645        16         0   0.03571
   7.27330        16         0   0.05060
   7.28015        20         0   0.04464
   7.28700         4         0   0.01786
   7.29385         4         0   0.01190
   7.30070         8         6   0.02976
   7.30755         4         0   0.08333
   7.31440         0         0   0.00000
   7.32124         0        13   0.05060
   7.32809         0         0   0.00000
   7.33494         8         0   0.01786
   7.34179         8         0   0.08631
   7.34864         8         4   0.02381
   7.35549        16         4   0.03571
   7.36234        12         0   0.02976
   7.36919        16         0   0.02381
   7.37604         8         0   0.02976
   7.38289        12         8   0.05655
   7.38974         0         0   0.00000
   7.39659         4        10   0.05060
   7.40343         0         6   0.01786
   7.41028        16        21   0.09524
   7.41713         4         0   0.00595
   7.42398        12         9   0.06548
   7.43083         0         0   0.00000
   7.43768        12         0   0.05060
   7.44453         0         0   0.01488
   7.45138        18         0   0.02679
   7.45823         4         0   0.02381
   7.46508        16         0   0.04167
   7.47193        16         4   0.03571
   7.47818         4         0   0.02679
   7.48503        12         0   0.03869
   7.49188         4         0   0.01190
   7.49873         8         4   0.04167
   7.50558         8         0   0.01190
   7.51243        12        22   0.08333
   7.51927         4         4   0.01786
   7.52612         0         0   0.00000
   7.53297        12         0   0.03571
   7.53982        14         0   0.03571
   7.54667         0         0   0.02679
   7.55352        12         0   0.03274
   7.56037         4         0   0.02083
   7.56722         8         0   0.01190
   7.57407         4         0   0.03869
   7.58092         8         8   0.08631
   7.58777         4         0   0.02083
   7.59462         4         0   0.00595
   7.60147        12         0   0.03274
   7.60831        18         0   0.05060
   7.61516         8         8   0.05357
   7.62201         8         7   0.05357
   7.62886         4         9   0.03274
   7.63571        20         0   0.02976
   7.64256        16         0   0.02381
   7.64941        12         0   0.01786
   7.65626        12         0   0.02381
   7.66311         8         0   0.01190
   7.66996         4         0   0.03869
   7.67681         8         0   0.02976
   7.68366        10         4   0.02976
   7.69050         0         8   0.03571
   7.69735        15         8   0.05060
   7.70420         8         6   0.03274
   7.71105         4         7   0.02679
   7.71790        14         9   0.05655
   7.72475        12         0   0.02381
   7.73160        16         0   0.02381
   7.73845         8         0   0.01190
   7.74530         4        18   0.03869
   7.75215        12         0   0.03571
   7.75900         8         4   0.05060
   7.76585        20         0   0.02976
   7.77270         0         0   0.01488
   7.77954         8         0   0.01786
   7.78639         4         0   0.03571
   7.79324         0         0   0.00000
   7.80009         8         0   0.02679
   7.80694         4         0   0.02381
   7.81379         0         0   0.00000
   7.82064         4         4   0.01786
   7.82749        14         0   0.03869
   7.83434         4         8   0.03274
   7.84119        12         0   0.01786
   7.84734         8         8   0.03274
   7.85419        12         4   0.05952
   7.86104         4         0   0.02381
   7.86789         0         0   0.02679
   7.87473         0         0   0.00595
   7.88158        18         0   0.06845
   7.88843         8        16   0.05952
   7.89528         4        10   0.04464
   7.90213         4         0   0.00595
   7.90898         4         0   0.02679
   7.91583        10         0   0.03571
   7.92268        18         0   0.02679
   7.92953        14         8   0.07440
   7.93638         8         0   0.02381
   7.94323        18         8   0.08333
   7.95008        12         0   0.04464
   7.95692         4         0   0.01786
   7.96377         8         0   0.03274
   7.97062         8         0   0.05357
   7.97747        12         0   0.03274
   7.98432        12         0   0.01786
   7.99117        12         0   0.05357
   7.99802         0         0   0.01190
   8.00487        22         0   0.03274
   8.01172         8         0   0.02381
   8.01857        12         0   0.02381
   8.02542         4        21   0.04762
   8.03227        14         0   0.02083
   8.03912         8         0   0.03274
   8.04596         8        13   0.05060
   8.05281        28         0   0.04762
   8.05966        20         0   0.05655
   8.06651         8         0   0.03274
   8.07336        12         0   0.04762
   8.08021        24         0   0.04167
   8.08706        12         0   0.03869
   8.09391         0         4   0.02976
   8.10076        20         0   0.02976
   8.10761        28         0   0.05357
   8.11446         0         0   0.05357
   8.12131         8        13   0.05952
   8.12815         2         0   0.01190
   8.13500         0         0   0.01786
   8.14185        12         0   0.04167
   8.14870        16         4   0.03571
   8.15555         4         0   0.04167
   8.16240         8        10   0.06548
   8.16925         4         0   0.02381
   8.17610        12         8   0.06845
   8.18295        12         0   0.03869
   8.18980         0         0   0.04464
   8.19665         0         0   0.02976
   8.20350        16         0   0.02381
   8.21035         0         4   0.05357
   8.21645        14         0   0.04167
   8.22330         4        10   0.05952
   8.23015         0         4   0.03571
   8.23700        36         0   0.06845
   8.24385         8         0   0.04464
   8.25070        18         0   0.04167
   8.25755         8         0   0.03869
   8.26440         8         0   0.02381
   8.27125         8         0   0.01190
   8.27810         6         4   0.03869
   8.28494         6         4   0.03571
   8.29179        26        10   0.07738
   8.29864         0         4   0.02679
   8.30549         6         0   0.02381
   8.31234        10         0   0.01786
   8.31919        12         0   0.01786
   8.32604        12         0   0.02976
   8.33289        14         9   0.04464
   8.33974         0         0   0.03869
   8.34659        26         0   0.05952
   8.35344        24         0   0.04762
   8.36029         4         0   0.02083
   8.36713         0         0   0.01488
   8.37398        16         6   0.05060
   8.38083        12         6   0.06250
   8.38768        20         0   0.03869
   8.39453         0         0   0.00000
   8.40138         0         0   0.02679
   8.40823         4         0   0.00595
   8.41508        12         0   0.01786
   8.42193        12         4   0.05655
   8.42878         2         4   0.02976
   8.43563         4         0   0.00595
   8.44248         9         4   0.06845
   8.44933        22         0   0.05655
   8.45617         4         0   0.00595
   8.46302        18         4   0.04167
   8.46987        16         0   0.07440
   8.47672        36         8   0.09821
   8.48357         0        12   0.04167
   8.49042        12        10   0.06250
   8.49727        16         9   0.07143
   8.50412         8         0   0.02679
   8.51097        10         4   0.06548
   8.51782        14         0   0.03571
   8.52467         8         8   0.03571
   8.53152        10        10   0.07738
   8.53836         4         0   0.01786
   8.54521         6         0   0.05060
   8.55206        18         6   0.06845
   8.55891        12         4   0.02679
   8.56576         0         0   0.02083
   8.57261         8         6   0.02976
   8.57946         4         0   0.00595
   8.58549         4         4   0.05655
   8.59234         8         4   0.04464
   8.59919         8         0   0.03274
   8.60604         4         0   0.00595
   8.61289        12         0   0.04464
   8.61974        26         0   0.05060
   8.62659        14         0   0.02083
   8.63344        12         8   0.05357
   8.64029         8         0   0.03869
   8.64713        12         0   0.01786
   8.65398        10         0   0.07440
   8.66083         8         0   0.01190
   8.66768         4         0   0.00595
   8.67453         4         0   0.01786
   8.68138        16         0   0.04167
   8.68823         4         0   0.00595
   8.69508         4         6   0.04464
   8.70193         8         0   0.02976
   8.70878         0         0   0.01190
   8.71563         8         0   0.01190
   8.72248        18        16   0.07440
   8.72933         8         9   0.03869
   8.73617        10         0   0.01488
   8.74302         8        13   0.04167
   8.74987         4         0   0.01190
   8.75672         4        10   0.03571
   8.76357         8         8   0.04762
   8.77042         4         0   0.01190
   8.77727         6         0   0.01190
   8.78412        11         0   0.02381
   8.79097        17         0   0.05060
   8.79782        16         0   0.03869
   8.80467        12         0   0.01786
   8.81152        18         0   0.04167
   8.81836         8         0   0.02976
   8.82521        20         0   0.02976
   8.83206        10         0   0.04167
   8.83891         0         0   0.00000
   8.84576        20         4   0.04167
   8.85261        12         0   0.02381
   8.85946         4         0   0.02381
   8.86631         8         4   0.04762
   8.87316        12         0   0.01786
   8.88001         4         0   0.00595
   8.88686        14         0   0.02083
   8.89371         4         0   0.02976
   8.90056         4         0   0.00595
   8.90740         8         0   0.02381
   8.91425         4         4   0.01786
   8.92110         8         0   0.03274
   8.92795         8         4   0.05655
   8.93480         4         0   0.02679
   8.94165        12         0   0.05357
   8.94850         8         0   0.05357
   8.95459         6         0   0.01190
   8.96144         8         0   0.01190
   8.96829        10         0   0.02976
   8.97514         0         0   0.00000
   8.98199         2         8   0.04167
   8.98884         4        12   0.05357
   8.99568         4         0   0.01786
   9.00253         6         0   0.01786
   9.00938        10         0   0.04464
   9.01623         4         4   0.01786
   9.02308         4         0   0.01190
   9.02993         8         0   0.01190
   9.03678        10        17   0.05060
   9.04363         4         0   0.00595
   9.05048         0         8   0.02679
   9.05733         0         2   0.01190
   9.06418         4         0   0.02083
   9.07103         8         0   0.01190
   9.07787        14         0   0.04464
   9.08472         9         4   0.04167
   9.09157        22         0   0.05655
   9.09842         8         0   0.01190
   9.10527         0         0   0.02083
   9.11212        12         0   0.01786
   9.11897        12         0   0.01786
   9.12582         4         0   0.00595
   9.13267         0         8   0.03571
   9.13952        18         0   0.03274
   9.14637        12         0   0.01786
   9.15322         8         0   0.01190
   9.16006         8         0   0.01190
   9.16691         4         0   0.00595
   9.17376         8         0   0.01786
   9.18061         8         6   0.02381
   9.18746        28         0   0.04762
   9.19431         8         0   0.02381
   9.20116         4         0   0.01786
   9.20801         6         0   0.01190
   9.21486         0         0   0.00000
   9.22171         0         0   0.05060
   9.22856        12         0   0.02381
   9.23541         4         0   0.02976
   9.24226        14         0   0.03571
   9.24910        12         0   0.01786
   9.25595        12         0   0.01786
   9.26280         4         0   0.02679
   9.26965         8         0   0.02381
   9.27650        12        10   0.05952
   9.28335         4         0   0.03274
   9.29020        12         0   0.05655
   9.29705         8         0   0.02976
   9.30390         4         0   0.04464
   9.31075         8         0   0.01190
   9.31760        12         0   0.04762
   9.32367        12         0   0.05655
