   0.00586         0         0   0.00000
   0.01202         0         0   0.00000
   0.01827         0         0   0.00000
   0.01856         0         0   0.00000
   0.02491         0         0   0.00000
   0.02557         0         0   0.00000
   0.03204         0         0   0.00000
   0.03313         0         0   0.00000
   0.03966         0         0   0.00000
   0.04486         0         0   0.00000
   0.05145         0         0   0.00000
   0.05703         0         0   0.00000
   0.06369         0         0   0.00000
   0.07036         0         0   0.00000
   0.07389         0         0   0.00000
   0.08064         0         0   0.00595
   0.08739        14         0   0.02083
   0.09414         0         0   0.00000
   0.09589         4         0   0.00595
   0.10280         8         0   0.05060
   0.10970         8         8   0.07143
   0.11661        18         8   0.07440
   0.12351         8        12   0.07143
   0.13042         8        15   0.11310
   0.13732        12        25   0.09524
   0.14423        26        21   0.13393
   0.15114         4        25   0.08333
   0.15804        14        26   0.12202
   0.16495        24        10   0.10714
   0.17185        16        25   0.09524
   0.17876        34        17   0.09524
   0.18566        16        16   0.08631
   0.19257         0        36   0.10417
   0.19947        12        42   0.13393
   0.20638        20        78   0.25595
   0.21328         6        73   0.19048
   0.22019         8        85   0.23810
   0.22709         4        62   0.16369
   0.23400         8        70   0.19643
   0.24091        10        91   0.22321
   0.24781         8       101   0.17262
   0.25472         8        90   0.17560
   0.26162         4        89   0.18155
   0.26853        26       108   0.29762
   0.27543         4        83   0.18452
   0.28234        12       102   0.23810
   0.28924        20        82   0.21131
   0.29615         8       114   0.21131
   0.30305         8       112   0.24107
   0.30996        20        92   0.20238
   0.31686        22        66   0.20238
   0.32377        26        98   0.23214
   0.33068         0        82   0.15476
   0.33758        12        70   0.16667
   0.34449        10        73   0.16071
   0.35139         4        82   0.16071
   0.35830        12        60   0.14286
   0.36520         6       103   0.20238
   0.37211         4        80   0.18750
   0.37901        32       112   0.29167
   0.38592        30        84   0.20833
   0.39282        16        83   0.22024
   0.39973         4       101   0.24107
   0.40663         4        94   0.19643
   0.41354         6        90   0.20238
   0.42045         4       115   0.27381
   0.42735         4        83   0.24107
   0.43426         0       107   0.20536
   0.44116        12       133   0.33929
   0.44807        20       126   0.26488
   0.45497        12       120   0.27381
   0.46188        20       123   0.25298
   0.46878        12       120   0.25595
   0.47450         4       140   0.30357
   0.48141         8       133   0.31250
   0.48831        17       117   0.27381
   0.49522        20       133   0.31250
   0.50212        10       147   0.30952
   0.50903         0       182   0.37798
   0.51593        22       170   0.36012
   0.52284        22       155   0.31845
   0.52974         6       152   0.32143
   0.53665        18       150   0.31845
   0.54355         8       155   0.36310
   0.55046        10       177   0.36905
   0.55736        23       164   0.39286
   0.56427        20       152   0.33929
   0.57118        31       152   0.37202
   0.57808        23       149   0.36310
   0.58499        23       142   0.36905
   0.59189        20       128   0.32143
   0.59880         9       171   0.33333
   0.60570        16       144   0.30952
   0.61261        12       171   0.36012
   0.61951         4       168   0.37798
   0.62642        32       163   0.43750
   0.63332        22       131   0.32440
   0.64023        30       112   0.30357
   0.64713        23       128   0.32738
   0.65404        16       137   0.33036
   0.66095        19       143   0.34524
   0.66785        14       122   0.28571
   0.67476        42       125   0.32738
   0.68166        34       124   0.33036
   0.68857        36       120   0.32143
   0.69547        30       173   0.42560
   0.70238        24       169   0.36607
   0.70928        30       159   0.37500
   0.71619        28       167   0.38988
   0.72309        29       160   0.39583
   0.73000        35       150   0.37798
   0.73690        34       153   0.36310
   0.74381        28       139   0.36310
   0.75071        17       150   0.37202
   0.75762        12       139   0.30060
   0.76453        15       134   0.32143
   0.77143        26       176   0.40179
   0.77834         8       143   0.31548
   0.78524         3       113   0.24405
   0.79215         4       155   0.31845
   0.79905        14       161   0.34821
   0.80596        10       157   0.36310
   0.81286        12       139   0.37500
   0.81977        18       158   0.40774
   0.82667         6       157   0.36310
   0.83358        18       158   0.37798
   0.84049        22       159   0.39286
   0.84739        17       174   0.41071
   0.85357        36       169   0.45536
   0.86047        22       179   0.43155
   0.86738        35       157   0.41964
   0.87428        32       162   0.36905
   0.88119        17       150   0.35119
   0.88809        28       154   0.37798
   0.89500        25       177   0.38988
   0.90190        25       165   0.43155
   0.90881        20       186   0.43750
   0.91571        14       176   0.41071
   0.92262         7       173   0.38095
   0.92953         6       221   0.47917
   0.93643        10       205   0.42262
   0.94334        20       198   0.47024
   0.95024        16       215   0.45833
   0.95715        20       232   0.49702
   0.96405        24       195   0.44345
   0.97096        22       201   0.42857
   0.97786        14       240   0.49702
   0.98477        12       229   0.44940
   0.99167         8       239   0.50000
   0.99858        10       264   0.48512
   1.00548        10       234   0.48810
   1.01239        10       220   0.48214
   1.01930         6       257   0.52381
   1.02620        16       247   0.50893
   1.03311         8       270   0.56845
   1.04001        11       273   0.57440
   1.04692        10       279   0.56845
   1.05382        10       285   0.58333
   1.06073        10       290   0.62202
   1.06763         6       248   0.52381
   1.07454         6       271   0.59524
   1.08144        18       263   0.55952
   1.08835        10       259   0.55060
   1.09525         6       228   0.52381
   1.10216        12       230   0.49107
   1.10907        17       251   0.52976
   1.11597        11       282   0.56845
   1.12288        17       264   0.55060
   1.12978        17       267   0.56250
   1.13669        14       249   0.52083
   1.14359        18       298   0.62202
   1.15050        10       267   0.57143
   1.15740        20       274   0.56845
   1.16431        10       281   0.55655
   1.17121        10       278   0.58333
   1.17812        14       288   0.58929
   1.18502        10       290   0.61012
   1.19193         8       253   0.53869
   1.19884         8       247   0.50893
   1.20574        16       272   0.59821
   1.21265        16       292   0.58036
   1.21955        22       295   0.62202
   1.22646        14       266   0.57738
   1.23334        18       302   0.64583
   1.24025        26       305   0.66964
   1.24715        26       281   0.61310
   1.25406        14       290   0.61607
   1.26096        20       283   0.60119
   1.26787        17       293   0.62500
   1.27478        22       288   0.63095
   1.28168        16       292   0.63095
   1.28859        17       291   0.62798
   1.29549        14       317   0.66964
   1.30240        20       288   0.61607
   1.30930        26       289   0.61012
   1.31621        22       295   0.61310
   1.32311        19       253   0.53571
   1.33002        29       267   0.58333
   1.33692        31       250   0.55357
   1.34383        23       282   0.60417
   1.35073        31       246   0.53869
   1.35764        30       255   0.58631
   1.36455        28       251   0.55357
   1.37145        29       264   0.56548
   1.37836        17       312   0.59524
   1.38526        21       267   0.54762
   1.39217        17       290   0.60417
   1.39907        20       292   0.61607
   1.40598        17       278   0.58333
   1.41288        23       298   0.60714
   1.41979        16       279   0.57738
   1.42669        19       263   0.54464
   1.43360        19       286   0.58036
   1.44050        30       277   0.56250
   1.44741        16       275   0.57440
   1.45432        23       273   0.58333
   1.46122        26       272   0.55952
   1.46813        22       286   0.62202
   1.47503        26       294   0.59226
   1.48194        29       288   0.61905
   1.48884        20       289   0.58333
   1.49575        18       293   0.58036
   1.50265        12       322   0.59524
   1.50956        11       349   0.63690
   1.51646         8       314   0.56845
   1.52337         5       295   0.58333
   1.53027         2       288   0.55952
   1.53718         9       306   0.58929
   1.54409         2       311   0.57440
   1.55099        13       317   0.61012
   1.55790        11       344   0.66369
   1.56480        21       330   0.65476
   1.57171        19       322   0.67560
   1.57861         0       324   0.60714
   1.58552         4       312   0.57738
   1.59242        10       301   0.58631
   1.59933        10       315   0.60714
   1.60623        12       313   0.60417
   1.61314        10       333   0.63690
   1.61396         8       335   0.62500
   1.62086         8       324   0.63988
   1.62777        18       305   0.61905
   1.63467        18       306   0.62500
   1.64158        16       319   0.62798
   1.64848        14       321   0.64286
   1.65539        16       336   0.67857
   1.66229         2       322   0.59821
   1.66920        10       346   0.68750
   1.67610        16       317   0.62500
   1.68301         2       344   0.64583
   1.68991         2       340   0.64881
   1.69682        12       330   0.66964
   1.70373        10       350   0.68452
   1.71063        16       346   0.68155
   1.71754        14       327   0.63690
   1.72444         2       355   0.67262
   1.73135         4       357   0.67857
   1.73825         4       351   0.66964
   1.74516         2       342   0.66964
   1.75206         0       359   0.68155
   1.75897         0       370   0.71726
   1.76587         0       356   0.66667
   1.77278         4       364   0.68452
   1.77968         0       392   0.72024
   1.78659         4       364   0.70833
   1.79350         4       387   0.72024
   1.80040         0       403   0.72024
   1.80731         0       376   0.71429
   1.81421         6       358   0.72917
   1.82112         3       353   0.65476
   1.82802         8       351   0.66964
   1.83493         2       356   0.69940
   1.84183         0       393   0.73214
   1.84874         6       350   0.68750
   1.85564         6       360   0.71131
   1.86255        10       389   0.74107
   1.86945        10       364   0.71131
   1.87636        11       362   0.72024
   1.88327        10       350   0.67560
   1.89017         6       382   0.74405
   1.89708         8       384   0.73512
   1.90398         2       359   0.69643
   1.91089        16       371   0.70536
   1.91779         8       398   0.76488
   1.92470         2       359   0.67560
   1.93160         2       392   0.74107
   1.93851         4       401   0.73512
   1.94541         0       379   0.72024
   1.95232         0       380   0.70833
   1.95922         6       403   0.75000
   1.96613         2       366   0.70536
   1.97304        14       378   0.71429
   1.97994         6       375   0.70833
   1.98685         4       390   0.73214
   1.99375         6       376   0.70536
   1.99549        10       364   0.68155
   2.00240         0       376   0.69345
   2.00930         0       400   0.74405
   2.01621         4       375   0.69345
   2.02311         0       381   0.71726
   2.03002         0       364   0.66964
   2.03692         4       384   0.71429
   2.04383         4       362   0.69048
   2.05073         8       420   0.76190
   2.05764         4       383   0.70536
   2.06454         2       377   0.71726
   2.07145         4       384   0.72917
   2.07836         8       381   0.72024
   2.08526         4       399   0.72619
   2.09217         8       392   0.72917
   2.09907         6       398   0.74107
   2.10598         6       389   0.71429
   2.11288         2       385   0.72619
   2.11979         2       387   0.69345
   2.12669         4       362   0.67262
   2.13360        10       358   0.70833
   2.14050        13       396   0.71726
   2.14741         2       406   0.75000
   2.15431         2       377   0.70238
   2.16122        10       398   0.75893
   2.16812         2       388   0.70833
   2.17503         4       404   0.74107
   2.18194         4       368   0.69940
   2.18884        14       401   0.77083
   2.19575         7       417   0.77083
   2.20265         5       414   0.75298
   2.20956        10       408   0.76190
   2.21646         6       397   0.75000
   2.22337         4       408   0.75298
   2.23027         4       402   0.76190
   2.23718         8       401   0.74107
   2.24408         2       415   0.76786
   2.25099         4       395   0.76786
   2.25789         2       383   0.71131
   2.26480         6       377   0.73214
   2.27171         4       402   0.74405
   2.27861         6       421   0.78571
   2.28552         6       403   0.76190
   2.29242         4       413   0.77083
   2.29933         6       425   0.80655
   2.30623         6       423   0.79167
   2.31314         4       431   0.79464
   2.32004         6       415   0.79762
   2.32695         4       404   0.77381
   2.33385         6       378   0.71726
   2.34076         6       385   0.75000
   2.34766         8       390   0.75893
   2.35457         2       382   0.72917
   2.36148        10       383   0.76786
   2.36838         9       384   0.75298
   2.37529         6       381   0.75893
   2.37706         4       390   0.76786
   2.38396        18       377   0.75893
   2.39087        12       385   0.75000
   2.39777        10       373   0.73214
   2.40468        12       366   0.75298
   2.41159         8       376   0.74702
   2.41849         8       382   0.74107
   2.42540         4       370   0.72619
   2.43230         8       406   0.77976
   2.43921         9       379   0.76190
   2.44611         4       367   0.72619
   2.45302         6       409   0.78869
   2.45992         2       358   0.72321
   2.46683        14       380   0.79167
   2.47373         6       387   0.76786
   2.48064         2       389   0.74107
   2.48754        16       385   0.79762
   2.49445        13       340   0.67857
   2.50136        16       378   0.75298
   2.50826        14       381   0.75000
   2.51517        11       368   0.74107
   2.52207         9       372   0.72619
   2.52898        10       373   0.73810
   2.53588         4       401   0.77976
   2.54279         8       405   0.78571
   2.54969         6       384   0.74702
   2.55660        13       381   0.76786
   2.56350        12       358   0.70833
   2.57041        10       384   0.75595
   2.57731         4       398   0.78571
   2.58422         2       404   0.77381
   2.59113         6       372   0.73810
   2.59803         6       417   0.79762
   2.60494         4       390   0.77083
   2.61184         4       401   0.77976
   2.61875         6       402   0.78869
   2.62565         2       393   0.76786
   2.63256        12       389   0.77679
   2.63946         6       378   0.73810
   2.64637         4       383   0.74405
   2.65327         4       402   0.79464
   2.66018         2       374   0.72321
   2.66708         2       380   0.75000
   2.67399         4       379   0.73512
   2.68090        10       387   0.75000
   2.68780         4       395   0.74702
   2.69471         4       388   0.75595
   2.70161         4       401   0.78274
   2.70852         6       385   0.76488
   2.71542         6       395   0.79167
   2.72233         2       393   0.77976
   2.72923         2       392   0.75893
   2.73614         4       360   0.69940
   2.74304         6       414   0.80655
   2.74995         4       400   0.76488
   2.75685         6       407   0.79167
   2.75891         2       407   0.78869
   2.76581         6       377   0.74107
   2.77272         6       400   0.79464
   2.77962         4       399   0.77679
   2.78653         2       376   0.73810
   2.79343         4       398   0.77381
   2.80034         4       388   0.75893
   2.80724         2       399   0.75000
   2.81415         4       392   0.75000
   2.82106         6       401   0.78274
   2.82796        12       401   0.78869
   2.83487         4       400   0.77976
   2.84177         4       401   0.76488
   2.84868         7       391   0.76488
   2.85558         7       398   0.77381
   2.86249        11       400   0.79167
   2.86939         6       386   0.76190
   2.87630         6       385   0.76190
   2.88320         4       395   0.75893
   2.89011        12       383   0.75000
   2.89701         4       380   0.74405
   2.90392         4       385   0.74107
   2.91083         6       428   0.84821
   2.91773         4       398   0.78571
   2.92464         6       401   0.78869
   2.93154         4       394   0.77381
   2.93845         2       397   0.77976
   2.94535         2       407   0.80357
   2.95226         3       416   0.80357
   2.95916         2       411   0.79167
   2.96607        24       407   0.81250
   2.97297        17       394   0.78571
   2.97988        10       385   0.76786
   2.98678         7       393   0.76786
   2.99369        18       390   0.77976
   3.00060        24       384   0.75893
   3.00750        27       380   0.77381
   3.01441        27       381   0.77381
   3.02131        20       379   0.77679
   3.02822        26       401   0.80357
   3.03512        30       391   0.79167
   3.04203        24       378   0.77381
   3.04893        24       376   0.76786
   3.05584        21       390   0.77679
   3.06274        18       371   0.74702
   3.06965        17       380   0.77679
   3.07655        24       390   0.78274
   3.08346        18       384   0.76488
   3.09037        26       385   0.77083
   3.09727        25       378   0.76488
   3.10418        29       378   0.76190
   3.11108        22       370   0.71726
   3.11799        18       378   0.73512
   3.12489        19       389   0.77679
   3.13180        23       396   0.78869
   3.13870        23       397   0.78274
   3.14138         6       378   0.74107
   3.14829        18       394   0.78274
   3.15519        10       387   0.76488
   3.16210         2       389   0.75000
   3.16900         6       382   0.75298
   3.17591         2       396   0.76786
   3.18281         2       415   0.79167
   3.18972         4       393   0.77083
   3.19662         4       368   0.72917
   3.20353         7       401   0.78869
   3.21044         7       405   0.80357
   3.21734         4       418   0.81845
   3.22425         2       403   0.80060
   3.23115         2       398   0.79167
   3.23806         4       418   0.80952
   3.24496         2       412   0.81250
   3.25187         2       391   0.76786
   3.25877         4       397   0.79762
   3.26568         6       386   0.76786
   3.27258         2       402   0.79167
   3.27949         4       402   0.78571
   3.28639         4       388   0.75000
   3.29330         2       411   0.82440
   3.30021         4       387   0.76190
   3.30711         4       411   0.79762
   3.31402         9       405   0.81250
   3.32092         4       411   0.82143
   3.32783         6       377   0.74702
   3.33473         6       390   0.78274
   3.34164         4       403   0.79167
   3.34854         5       396   0.77083
   3.35545         4       415   0.83631
   3.36235         6       412   0.81845
   3.36926         6       386   0.76786
   3.37616         6       395   0.78869
   3.38307         2       412   0.81548
   3.38998         6       409   0.81250
   3.39688         7       413   0.81548
   3.40379         4       388   0.76190
   3.41069         9       401   0.80357
   3.41760         7       404   0.81845
   3.42450         6       426   0.84821
   3.43141         2       408   0.79464
   3.43831         5       407   0.80357
   3.44522         4       420   0.85119
   3.45212         6       420   0.83631
   3.45903         4       396   0.78274
   3.46593         6       413   0.81250
   3.47284         6       410   0.81548
   3.47975         5       412   0.82440
   3.48665         4       390   0.77976
   3.49356         6       374   0.73512
   3.50046         4       401   0.79464
   3.50737         2       384   0.76786
   3.51427         9       406   0.80655
   3.52118         0       377   0.73214
   3.52418         4       403   0.79167
   3.53108        10       384   0.76488
   3.53799        15       396   0.78274
   3.54489        23       380   0.76786
   3.55180         9       388   0.75298
   3.55870         2       400   0.77679
   3.56561        11       384   0.79464
   3.57251         5       403   0.78869
   3.57942         5       406   0.79464
   3.58632         5       381   0.77381
   3.59323         4       391   0.78274
   3.60014         4       388   0.77381
   3.60704         9       420   0.83631
   3.61395         4       412   0.82440
   3.62085         4       425   0.83036
   3.62776         7       403   0.78869
   3.63466         7       399   0.77976
   3.64157         2       398   0.76786
   3.64847         4       407   0.80060
   3.65538         2       389   0.75893
   3.66228        12       415   0.78274
   3.66919        12       430   0.84226
   3.67609         2       390   0.75893
   3.68300        15       403   0.77976
   3.68991        11       411   0.79762
   3.69681         8       399   0.77083
   3.70372         2       397   0.75893
   3.71062         2       392   0.75298
   3.71753         6       414   0.82143
   3.72443         7       411   0.81845
   3.73134        17       411   0.81548
   3.73824         4       422   0.82143
   3.74515         0       389   0.74405
   3.75205         0       399   0.77381
   3.75896         0       388   0.73512
   3.76586         2       414   0.78571
   3.77277         0       420   0.80655
   3.77968         0       397   0.75595
   3.78658         3       411   0.79762
   3.79349         8       409   0.80952
   3.80039         2       381   0.74107
   3.80730         8       382   0.73810
   3.81420         0       401   0.77083
   3.82111         0       388   0.76488
   3.82801         0       402   0.77679
   3.83492         4       375   0.72917
   3.84182         2       399   0.78571
   3.84873         4       401   0.78274
   3.85563         2       387   0.75298
   3.86254         0       394   0.76488
   3.86945         0       384   0.74405
   3.87635         2       394   0.76488
   3.88326         0       419   0.81548
   3.89016         4       413   0.80655
   3.89707         4       424   0.81845
   3.90397        17       400   0.80060
   3.90664         0       392   0.76190
   3.91355         4       411   0.79762
   3.92045         4       387   0.75298
   3.92736         0       409   0.79464
   3.93426         0       424   0.81250
   3.94117         0       407   0.80060
   3.94807         0       410   0.80060
   3.95498         4       411   0.81250
   3.96188         1       403   0.79167
   3.96879         0       409   0.78571
   3.97570         6       385   0.76488
   3.98260         0       397   0.77976
   3.98951         0       407   0.78274
   3.99641         0       400   0.78571
   4.00332         2       423   0.81250
   4.01022         2       404   0.77976
   4.01713         0       385   0.74107
   4.02403         4       403   0.78571
   4.03094         4       407   0.79464
   4.03784         4       401   0.78571
   4.04475         2       394   0.77381
   4.05165         2       418   0.81845
   4.05856         2       398   0.77679
   4.06547         2       397   0.76190
   4.07237         2       392   0.75298
   4.07928         3       393   0.76488
   4.08618         2       411   0.79464
   4.09309         5       413   0.81548
   4.09999         2       388   0.74405
   4.10690         3       405   0.78571
   4.11380         5       418   0.83036
   4.12071         5       427   0.83036
   4.12761         6       420   0.80952
   4.13452        10       423   0.80952
   4.14142         2       404   0.77083
   4.14833         0       426   0.81548
   4.15524         2       414   0.80060
   4.16214         0       397   0.76786
   4.16905         5       413   0.81250
   4.17595         2       409   0.78571
   4.18286         0       401   0.77679
   4.18976         2       404   0.78274
   4.19667         2       415   0.80655
   4.20357         2       406   0.77976
   4.21048         2       411   0.78571
   4.21738         0       412   0.79464
   4.22429         0       404   0.77679
   4.23119         2       411   0.79464
   4.23810         0       411   0.79464
   4.24501         2       422   0.82143
   4.25191         6       403   0.77679
   4.25882         2       411   0.79762
   4.26572         2       423   0.81845
   4.27263         2       417   0.81548
   4.27953         3       426   0.82738
   4.28644         2       410   0.79464
   4.28969         6       409   0.79464
   4.29660         2       392   0.77976
   4.30350         2       402   0.78869
   4.31041         2       403   0.77679
   4.31731         4       413   0.80655
   4.32422         0       403   0.77679
   4.33112         2       392   0.76190
   4.33803         0       422   0.81845
   4.34493         0       406   0.79167
   4.35184         8       411   0.79762
   4.35874         2       417   0.79762
   4.36565         0       412   0.80060
   4.37255         0       413   0.77679
   4.37946         2       420   0.82143
   4.38637         2       426   0.81548
   4.39327         6       422   0.82738
   4.40018         0       425   0.84226
   4.40708         2       424   0.83333
   4.41399         0       441   0.83631
   4.42089         0       400   0.75893
   4.42780         0       434   0.83929
   4.43470         0       432   0.83333
   4.44161         0       401   0.78274
   4.44851         0       399   0.75595
   4.45542         0       387   0.72917
   4.46232         0       405   0.80655
   4.46923         0       421   0.82143
   4.47614         0       422   0.82440
   4.48304         0       412   0.79464
   4.48995         2       417   0.80357
   4.49685         8       428   0.83036
   4.50376         5       405   0.80357
   4.51066         0       402   0.77083
   4.51757         2       411   0.79464
   4.52447         0       433   0.82738
   4.53138         2       410   0.76190
   4.53828         2       420   0.78869
   4.54519         8       415   0.81548
   4.55209         3       397   0.77976
   4.55900         8       413   0.82440
   4.56591         4       421   0.81845
   4.57281         0       411   0.78869
   4.57972         0       402   0.78571
   4.58662         2       431   0.82738
   4.59353         0       403   0.78274
   4.60043         0       427   0.83333
   4.60734         0       431   0.84226
   4.61424         0       421   0.80357
   4.62115         2       407   0.78869
   4.62805         0       392   0.76190
   4.63496         0       427   0.80060
   4.64186         0       394   0.76488
   4.64877         0       408   0.79464
   4.65568         0       418   0.78869
   4.66258         2       421   0.81250
   4.66949         0       404   0.77083
   4.67273         0       403   0.77976
   4.67964         2       412   0.80952
   4.68654         0       402   0.78274
   4.69345         0       399   0.77679
   4.70035         0       413   0.78869
   4.70726         0       407   0.77083
   4.71416         0       406   0.76786
   4.72107         2       405   0.78571
   4.72797         8       405   0.78869
   4.73488         5       412   0.81845
   4.74178         2       399   0.76786
   4.74869         0       399   0.76190
   4.75559         0       408   0.79464
   4.76250         0       417   0.80060
   4.76940        12       400   0.80655
   4.77631        12       429   0.84821
   4.78322         2       412   0.80952
   4.79012         2       413   0.79762
   4.79703         2       392   0.76190
   4.80393         5       417   0.80655
   4.81084        16       405   0.80060
   4.81774         2       424   0.83631
   4.82465         0       411   0.80655
   4.83155         0       424   0.79762
   4.83846         2       433   0.84226
   4.84536         0       418   0.81548
   4.85227         0       408   0.76488
   4.85918         0       433   0.80655
   4.86608         5       432   0.84226
   4.87299         0       429   0.83631
   4.87989         0       409   0.80357
   4.88680         0       413   0.79464
   4.89370         6       416   0.80655
   4.90061         0       406   0.78571
   4.90751         2       394   0.76786
   4.91442         0       420   0.80655
   4.92132         0       397   0.76786
   4.92823         0       406   0.78869
   4.93513         8       413   0.81548
   4.94204         6       411   0.81250
   4.94894        11       421   0.83036
   4.95585         6       432   0.84524
   4.96276        12       399   0.79167
   4.96966        12       416   0.81250
   4.97657        14       392   0.79167
   4.98347        14       417   0.83036
   4.99038         2       417   0.81250
   4.99728         9       410   0.81250
   5.00419         8       428   0.84524
   5.01109        17       414   0.81250
   5.01800        15       403   0.79464
   5.02490         8       404   0.80357
   5.03181        14       411   0.81250
   5.03871         9       410   0.78869
   5.04562        14       413   0.82143
   5.05253        12       424   0.82440
   5.05570        14       409   0.81845
   5.06261        14       429   0.83929
   5.06951        11       389   0.78274
   5.07642        14       417   0.82738
   5.08332         4       405   0.77679
   5.09023        12       436   0.87500
   5.09714         9       419   0.82738
   5.10404        14       436   0.85714
   5.11095         8       402   0.79762
   5.11785        20       397   0.79167
   5.12476         8       399   0.78274
   5.13166         8       417   0.83333
   5.13857         8       417   0.83036
   5.14547         6       432   0.85119
   5.15238         8       431   0.84226
   5.15928         8       425   0.83929
   5.16619         6       424   0.83929
   5.17309        10       398   0.78571
   5.18000         8       402   0.79167
   5.18691        10       425   0.83631
   5.19381        10       411   0.80060
   5.20072         8       416   0.81250
   5.20762         6       398   0.78274
   5.21453        10       407   0.80655
   5.22143         8       408   0.79762
   5.22834         8       402   0.79464
   5.23524        10       407   0.81250
   5.24215        10       418   0.84226
   5.24905        12       417   0.83333
   5.25596        10       401   0.78869
   5.26286        10       410   0.82143
   5.26977        10       415   0.83929
   5.27667         4       419   0.79762
   5.28358         4       420   0.80357
   5.29049         6       386   0.75893
   5.29739         6       426   0.83631
   5.30430         4       414   0.80060
   5.31120         4       405   0.78869
   5.31811         7       386   0.75595
   5.32501         8       425   0.83036
   5.33192        10       416   0.81845
   5.33882         8       403   0.80655
   5.34573         8       409   0.80952
   5.35263         4       407   0.78869
   5.35954         6       398   0.77679
   5.36644         8       397   0.77381
   5.37335         8       416   0.80060
   5.38026        30       392   0.77976
   5.38716        19       411   0.80060
   5.39407        14       386   0.74702
   5.40097         6       390   0.75595
   5.40788         8       395   0.75893
   5.41478        22       389   0.75893
   5.42169         4       401   0.77381
   5.42859         8       426   0.80952
   5.43550         8       402   0.78869
   5.43915         8       421   0.81845
   5.44606         4       401   0.77976
   5.45296         4       408   0.79464
   5.45987         0       434   0.81845
   5.46677         0       426   0.81250
   5.47368         0       415   0.79167
   5.48058         0       386   0.73512
   5.48749         0       395   0.76190
   5.49439         0       406   0.78274
   5.50130         0       409   0.78869
   5.50821         0       407   0.77381
   5.51511         0       390   0.74107
   5.52202         0       410   0.77679
   5.52892         4       423   0.82143
   5.53583         2       406   0.78571
   5.54273         2       421   0.81548
   5.54964         6       404   0.78571
   5.55654         8       410   0.80060
   5.56345         8       426   0.85714
   5.57035        12       440   0.86310
   5.57726        12       427   0.84821
   5.58416        10       419   0.81548
   5.59107         6       437   0.85417
   5.59798        12       423   0.83631
   5.60488         8       408   0.81548
   5.61179        10       410   0.82143
   5.61869         6       417   0.81548
   5.62560        10       416   0.82143
   5.63250         8       415   0.81845
   5.63941         4       417   0.81548
   5.64631         8       409   0.79167
   5.65322         6       410   0.80655
   5.66012        16       398   0.78571
   5.66703         8       413   0.82738
   5.67393         6       400   0.79464
   5.68084         8       403   0.80655
   5.68775         8       416   0.82440
   5.69465         6       403   0.79167
   5.70156        12       411   0.81548
   5.70846         8       383   0.75595
   5.71537         8       402   0.79167
   5.72227         8       406   0.79762
   5.72918        12       419   0.82440
   5.73608        12       411   0.84226
   5.74299        10       406   0.78571
   5.74989        14       391   0.78571
   5.75680        14       395   0.78869
   5.76370         8       403   0.79464
   5.77061        10       420   0.81845
   5.77752        10       399   0.80952
   5.78442        12       396   0.79167
   5.79133        10       387   0.78869
   5.79823        12       408   0.79762
   5.80514        12       393   0.78571
   5.81204        12       406   0.79464
   5.81895         2       406   0.77083
   5.82241         0       400   0.75000
   5.82932         0       423   0.82143
   5.83622         0       439   0.84226
   5.84313         0       447   0.84524
   5.85004         0       424   0.80655
   5.85694         0       406   0.78571
   5.86385         0       433   0.84226
   5.87075         0       418   0.80060
   5.87766         0       418   0.80060
   5.88456         0       429   0.80952
   5.89147         0       432   0.82143
   5.89837         0       432   0.81548
   5.90528         0       424   0.81250
   5.91218         0       434   0.83333
   5.91909         0       404   0.75298
   5.92599         0       397   0.76488
   5.93290         0       434   0.82143
   5.93980         0       427   0.80952
   5.94671         0       418   0.80357
   5.95362         8       408   0.78869
   5.96052         2       403   0.79167
   5.96743         0       408   0.79167
   5.97433         4       401   0.78274
   5.98124         4       399   0.76190
   5.98814         6       401   0.80060
   5.99505         6       401   0.77381
   6.00195         2       407   0.78571
   6.00886         2       407   0.78274
   6.01576        12       399   0.78571
   6.02267         0       409   0.78571
   6.02957         0       428   0.83631
   6.03648         0       412   0.79762
   6.04339         0       419   0.80060
   6.05029         0       408   0.77679
   6.05720         0       423   0.79167
   6.06410         0       424   0.80655
   6.07101         0       420   0.80952
   6.07791         0       422   0.81250
   6.08482         0       439   0.84524
   6.09172         0       435   0.81845
   6.09863         0       429   0.80655
   6.10553         0       397   0.75595
   6.11244         4       405   0.77976
   6.11934         0       431   0.81845
   6.12625         4       444   0.82738
   6.13316         0       417   0.79464
   6.14006         0       422   0.80952
   6.14697         0       420   0.80357
   6.15387         4       412   0.78274
   6.16078         0       416   0.80655
   6.16768         0       410   0.79167
   6.17459         0       416   0.82143
   6.18149         0       436   0.82440
   6.18840         0       421   0.81548
   6.19530         0       411   0.77679
   6.20221         0       416   0.79762
   6.20560         0       418   0.80655
   6.21251         0       421   0.80060
   6.21941         0       429   0.81845
   6.22632         0       413   0.80357
   6.23322         0       440   0.84226
   6.24013         0       409   0.77976
   6.24704         0       402   0.77083
   6.25394         0       423   0.80655
   6.26085         0       416   0.77976
   6.26775         0       424   0.81250
   6.27466         0       384   0.72619
   6.28156         0       433   0.84524
   6.28847         0       441   0.84524
   6.29537         0       421   0.81250
   6.30228         0       428   0.81548
   6.30918         0       421   0.81250
   6.31609         0       415   0.80357
   6.32299         0       416   0.80357
   6.32990         0       433   0.83631
   6.33681         0       405   0.77679
   6.34371         0       431   0.80655
   6.35062         0       429   0.82143
   6.35752         0       416   0.79464
   6.36443         0       406   0.76786
   6.37133         4       420   0.82143
   6.37824         0       428   0.83333
   6.38514         0       407   0.77976
   6.39205         0       436   0.84226
   6.39895         4       430   0.83631
   6.40586         0       405   0.76786
   6.41276         0       427   0.81845
   6.41967         0       421   0.81250
   6.42658         0       436   0.83929
   6.43348         0       432   0.82738
   6.44039         0       443   0.83631
   6.44729         0       440   0.84524
   6.45420         0       436   0.83631
   6.46110         0       411   0.77976
   6.46801         0       415   0.79464
   6.47491         0       431   0.83929
   6.48182         0       415   0.80655
   6.48872         0       410   0.78571
   6.49563         0       425   0.81548
   6.50253         0       429   0.83631
   6.50944         0       427   0.81845
   6.51635         0       415   0.80357
   6.52325         0       416   0.79762
   6.53016         4       412   0.80060
   6.53706         4       418   0.81845
   6.54397         2       403   0.78274
   6.55087         0       407   0.77976
   6.55778         0       410   0.79167
   6.56468         4       413   0.81548
   6.57159         8       402   0.78571
   6.57849         2       392   0.77381
   6.58540         6       430   0.83333
   6.58889         8       409   0.80060
   6.59580         8       423   0.82738
   6.60270        10       402   0.79762
   6.60961        10       429   0.84226
   6.61651        12       422   0.82738
   6.62342        12       395   0.79762
   6.63032         8       423   0.83333
   6.63723         8       410   0.80952
   6.64414         8       402   0.78571
   6.65104         8       414   0.80655
   6.65795         8       388   0.77679
   6.66485         8       417   0.81548
   6.67176         6       408   0.80060
   6.67866         4       439   0.83929
   6.68557         6       416   0.79464
   6.69247         8       407   0.79167
   6.69938         8       422   0.82440
   6.70628         4       412   0.81548
   6.71319         6       414   0.82738
   6.72009         6       426   0.83036
   6.72700         6       416   0.81845
   6.73390         6       425   0.83333
   6.74081         8       412   0.80357
   6.74772         8       420   0.83929
   6.75462         8       417   0.82143
   6.76153         8       388   0.76488
   6.76843         8       413   0.81548
   6.77534        20       417   0.84524
   6.78224        16       401   0.79762
   6.78915         8       396   0.76786
   6.79605         8       408   0.82143
   6.80296         8       420   0.83036
   6.80986         8       417   0.82143
   6.81677         6       415   0.80952
   6.82367         8       422   0.83929
   6.83058        20       407   0.80060
   6.83749         6       433   0.85714
   6.84439         8       428   0.83631
   6.85130        12       421   0.83929
   6.85820        20       416   0.82440
   6.86511         8       424   0.83929
   6.87201         2       415   0.81250
   6.87892         2       411   0.79464
   6.88582         0       411   0.78274
   6.89273         2       412   0.79464
   6.89963         0       402   0.76786
   6.90654         0       409   0.78869
   6.91344         0       406   0.77976
   6.92035         0       429   0.83333
   6.92726         0       434   0.83631
   6.93416         0       398   0.77679
   6.94107         0       417   0.81548
   6.94797         0       414   0.79464
   6.95488         0       414   0.79167
   6.96178         0       425   0.82738
   6.96869         0       412   0.79762
   6.97211         0       433   0.85119
   6.97901         0       412   0.79762
   6.98592         0       419   0.82143
   6.99282         6       400   0.80060
   6.99973         8       411   0.80952
   7.00664         4       401   0.77976
   7.01354         0       417   0.79762
   7.02045         4       399   0.78571
   7.02735         0       419   0.82738
   7.03426         0       392   0.77083
   7.04116         0       413   0.80357
   7.04807         0       407   0.79464
   7.05497         0       404   0.78571
   7.06188         0       405   0.78274
   7.06878         0       409   0.80357
   7.07569         0       411   0.77381
   7.08259         0       427   0.82738
   7.08950         0       403   0.77679
   7.09641         6       396   0.77679
   7.10331         0       397   0.78571
   7.11022         0       399   0.78571
   7.11712         0       392   0.76786
   7.12403         0       415   0.80357
   7.13093         0       424   0.81548
   7.13784         0       434   0.85417
   7.14474         0       428   0.81548
   7.15165         0       428   0.84226
   7.15855         0       418   0.82738
   7.16546         0       418   0.81548
   7.17236         0       385   0.74107
   7.17927         0       413   0.79464
   7.18618         4       403   0.78571
   7.19308         0       402   0.77083
   7.19999         0       407   0.79167
   7.20689         0       403   0.78274
   7.21380         0       409   0.80357
   7.22070         0       419   0.80357
   7.22761         0       415   0.79464
   7.23451         6       392   0.76488
   7.24142         4       409   0.80060
   7.24832         2       408   0.77976
   7.25523         2       405   0.78869
   7.26213         4       420   0.82440
   7.26904         2       401   0.78571
   7.27595         4       389   0.77083
   7.28285         4       393   0.79167
   7.28976         4       412   0.80357
   7.29666         4       407   0.80952
   7.30357         4       416   0.81250
   7.31047         0       414   0.80060
   7.31738         8       404   0.78274
   7.32428         4       428   0.82440
   7.33119         4       427   0.83333
   7.33809         4       432   0.83631
   7.34500         6       425   0.84226
   7.35190         4       390   0.75595
   7.35522         2       411   0.80952
   7.36213         0       394   0.76488
   7.36903         0       408   0.77381
   7.37594         0       434   0.82440
   7.38284         0       426   0.82440
   7.38975         0       451   0.83036
   7.39665         4       417   0.77679
   7.40356         0       421   0.82143
   7.41046         0       418   0.80952
   7.41737         0       439   0.83036
   7.42427         0       416   0.79762
   7.43118         0       429   0.83631
   7.43808         0       408   0.77381
   7.44499         0       417   0.80952
   7.45190         0       407   0.77381
   7.45880         0       427   0.80655
   7.46571         0       403   0.78274
   7.47261         0       423   0.81250
   7.47952         0       426   0.82738
   7.48642         0       424   0.82143
   7.49333         4       422   0.80952
   7.50023         0       413   0.80952
   7.50714         2       422   0.82440
   7.51404         4       419   0.80655
   7.52095         4       418   0.81250
   7.52785         0       428   0.82143
   7.53476         0       415   0.79762
   7.54167         0       413   0.79762
   7.54857         0       418   0.79762
   7.55548         0       411   0.80357
   7.56238         0       421   0.81250
   7.56929         0       425   0.83333
   7.57619         0       423   0.81845
   7.58310         0       405   0.79464
   7.59000         0       416   0.79762
   7.59691         0       418   0.82143
   7.60381         0       423   0.81250
   7.61072         0       420   0.80655
   7.61762         0       433   0.84524
   7.62453         0       424   0.80952
   7.63144         0       419   0.82440
   7.63834         0       395   0.74702
   7.64525         0       419   0.80357
   7.65215         0       410   0.79167
   7.65906         4       423   0.81548
   7.66596         0       419   0.79167
   7.67287         4       423   0.82143
   7.67977         0       417   0.79762
   7.68668         4       407   0.79762
   7.69358         0       424   0.81548
   7.70049         4       433   0.83631
   7.70739         0       431   0.82440
   7.71430         4       434   0.84821
   7.72121         4       419   0.80060
   7.72811         6       395   0.75893
   7.73502        10       417   0.79464
   7.73848         4       410   0.78274
   7.74539         0       424   0.80655
   7.75230         4       424   0.82738
   7.75920         0       406   0.76786
   7.76611         0       422   0.80357
   7.77301         0       420   0.79464
   7.77992         0       428   0.81845
   7.78682         2       383   0.75000
   7.79373         2       399   0.77976
   7.80063         6       385   0.74405
   7.80754         2       430   0.84226
   7.81444         4       403   0.78274
   7.82135         4       409   0.79762
   7.82825         2       416   0.82738
   7.83516         2       407   0.78571
   7.84207         0       396   0.76190
   7.84897         6       418   0.83333
   7.85588         4       417   0.81548
   7.86278         4       430   0.84821
   7.86969         2       407   0.78571
   7.87659         4       398   0.77976
   7.88350         2       408   0.80655
   7.89040         2       415   0.81548
   7.89731         2       409   0.79167
   7.90421         0       411   0.80060
   7.91112         0       404   0.78869
   7.91802         0       412   0.79167
   7.92493         2       412   0.79464
   7.93184         0       411   0.78571
   7.93874         4       390   0.76190
   7.94565         0       401   0.78274
   7.95255         2       395   0.78274
   7.95946         6       414   0.80060
   7.96636         8       399   0.77381
   7.97327         6       394   0.78274
   7.98017        20       397   0.78274
   7.98708         8       410   0.81845
   7.99398         4       397   0.77976
   8.00089        12       430   0.82738
   8.00779         6       408   0.79167
   8.01470        16       413   0.80952
   8.02161         8       406   0.80357
   8.02851         2       418   0.80952
   8.03542         6       426   0.83929
   8.04232         6       420   0.82440
   8.04923         8       391   0.77976
   8.05613        16       399   0.77083
   8.06304         8       419   0.83036
   8.06994         8       417   0.82440
   8.07685         8       401   0.79167
   8.08375         8       411   0.81548
   8.09066         8       393   0.76786
   8.09756        12       412   0.79464
   8.10447         6       381   0.74107
   8.11138         8       402   0.78869
   8.11828         8       398   0.78571
   8.12149         6       411   0.81845
   8.12839         6       408   0.80655
   8.13530         8       395   0.77976
   8.14220        20       419   0.82143
   8.14911        12       420   0.81548
   8.15602        20       397   0.79167
   8.16292         8       418   0.80952
   8.16983         6       395   0.77381
   8.17673         6       398   0.77083
   8.18364         6       414   0.80952
   8.19054         8       397   0.78571
   8.19745        12       405   0.79167
   8.20435        16       416   0.82143
   8.21126         8       410   0.78571
   8.21816         8       424   0.82738
   8.22507        16       409   0.81250
   8.23197         8       393   0.77976
   8.23888         6       405   0.79167
   8.24579         6       398   0.77976
   8.25269         8       390   0.74405
   8.25960         8       401   0.78571
   8.26650         6       415   0.80357
   8.27341        10       380   0.73810
   8.28031         8       415   0.80357
   8.28722         6       403   0.80060
   8.29412         8       386   0.76488
   8.30103         0       412   0.80060
   8.30793         1       390   0.76786
   8.31484         6       419   0.81548
   8.32174         0       403   0.76786
   8.32865         0       403   0.77083
   8.33556         0       403   0.76488
   8.34246         0       431   0.82738
   8.34937         0       432   0.82143
   8.35627         0       433   0.83036
   8.36318         0       411   0.78869
   8.37008         0       400   0.75595
   8.37699         0       407   0.78869
   8.38389         0       401   0.76786
   8.39080         0       430   0.82143
   8.39770         0       439   0.84226
   8.40461         0       417   0.78571
   8.41151         0       409   0.76786
   8.41842         0       405   0.76488
   8.42533         0       426   0.83036
   8.43223         0       403   0.77679
   8.43914         4       416   0.81250
   8.44604         4       382   0.75000
   8.45295        16       424   0.83036
   8.45985         2       394   0.77976
   8.46676         0       428   0.82738
   8.47366         0       401   0.77083
   8.48057         4       399   0.78274
   8.48747         2       391   0.75000
   8.49438         0       422   0.81250
   8.50128         4       380   0.73214
   8.50447         0       406   0.79167
   8.51137         0       412   0.78869
   8.51828         0       434   0.82738
   8.52518         0       418   0.80952
   8.53209         0       408   0.79167
   8.53899         4       430   0.80952
   8.54590         0       412   0.79464
   8.55280         0       400   0.77679
   8.55971         4       412   0.80655
   8.56662         0       414   0.79167
   8.57352         4       407   0.78571
   8.58043         4       397   0.77083
   8.58733         0       415   0.77976
   8.59424         0       422   0.83036
   8.60114         2       421   0.81548
   8.60805         8       423   0.83631
   8.61495         6       423   0.83333
   8.62186        16       435   0.85714
   8.62876        20       401   0.80952
   8.63567         0       418   0.80655
   8.64257         0       409   0.79762
   8.64948         0       406   0.77976
   8.65638         0       447   0.85417
   8.66329         0       424   0.81250
   8.67020         0       412   0.79464
   8.67710         0       414   0.80357
   8.68401         0       433   0.83333
   8.69091         0       451   0.87500
   8.69782         0       389   0.75000
   8.70472         0       421   0.83036
   8.71163         0       402   0.77381
   8.71853         0       419   0.81548
   8.72544         2       414   0.80357
   8.73234         2       435   0.83036
   8.73925         0       429   0.81548
   8.74615         0       433   0.82143
   8.75306         2       413   0.80655
   8.75997         2       428   0.83929
   8.76687         2       407   0.79167
   8.77378         2       420   0.83036
   8.78068         2       434   0.82738
   8.78759         2       426   0.80655
   8.79449         2       418   0.80952
   8.80140         2       423   0.82440
   8.80830         0       451   0.85119
   8.81521         0       436   0.82440
   8.82211         0       428   0.81548
   8.82902         0       450   0.84821
   8.83592         0       434   0.84226
   8.84283         0       416   0.80655
   8.84974         2       430   0.82440
   8.85664         0       407   0.77976
   8.86355         2       420   0.80952
   8.87045         0       434   0.82738
   8.87736         0       426   0.81548
   8.88426         0       441   0.83631
   8.88779         0       428   0.80952
   8.89469         0       440   0.83929
   8.90160         2       444   0.85417
   8.90850         0       414   0.81250
   8.91541         0       424   0.83929
   8.92232         2       430   0.82440
   8.92922         0       428   0.83631
   8.93613         0       395   0.77083
   8.94303         0       402   0.77381
   8.94994         0       432   0.83036
   8.95684         0       410   0.78571
   8.96375         0       418   0.80655
   8.97065         0       431   0.83929
   8.97756         2       416   0.80952
   8.98446         0       406   0.77976
   8.99137         0       434   0.82738
   8.99827         2       431   0.80060
   9.00518         0       425   0.79464
   9.01209         4       429   0.81548
   9.01899         0       429   0.81548
   9.02590         0       452   0.86012
   9.03280         2       442   0.84821
   9.03971         0       448   0.84524
   9.04661         2       448   0.84821
   9.05352         0       431   0.83036
   9.06042         0       459   0.86012
   9.06733         0       435   0.83929
   9.07423         2       415   0.81845
   9.08114         0       411   0.80060
   9.08804         0       422   0.83036
   9.09495         0       427   0.82738
   9.10186         4       411   0.80655
   9.10876         0       412   0.78869
   9.11567         2       425   0.82143
   9.12257         2       413   0.81250
   9.12948         4       410   0.80060
   9.13638         4       432   0.81845
   9.14329         0       458   0.83036
   9.15019         0       417   0.79167
   9.15710         0       430   0.82738
   9.16400         2       439   0.84821
   9.17091         2       432   0.84821
   9.17781         2       414   0.80952
   9.18472         2       431   0.83036
   9.19163         0       401   0.77381
   9.19853         0       431   0.84226
   9.20544         2       413   0.80060
   9.21234         2       429   0.83333
   9.21925         2       423   0.81548
   9.22615         2       411   0.80060
   9.23306         7       435   0.86310
   9.23996         0       424   0.82738
   9.24687         2       427   0.81250
   9.25377         2       432   0.82143
   9.26068         0       399   0.77679
   9.26758         5       417   0.82440
   9.27122         7       403   0.79464
   9.27813         2       412   0.79762
   9.28503         0       438   0.84226
   9.29194         0       417   0.80357
   9.29884         2       423   0.79762
   9.30575         2       414   0.80655
   9.31266         0       419   0.81548
   9.31956         0       424   0.80952
   9.32647         0       420   0.80952
   9.33337         2       411   0.80060
   9.34028         0       432   0.82440
   9.34718         0       429   0.82738
   9.35409         0       417   0.79167
   9.36099         2       438   0.84524
   9.36790         2       417   0.79464
   9.37480         0       409   0.78869
   9.38171         0       391   0.75000
   9.38861         0       451   0.85119
   9.39552         0       430   0.82738
   9.40243         0       409   0.79167
   9.40933         0       416   0.80060
   9.41624         2       425   0.83036
   9.42314         0       433   0.84226
   9.43005         0       425   0.82738
   9.43695         0       415   0.80357
   9.44386         0       421   0.80357
   9.45076         0       427   0.81548
   9.45767         0       444   0.84226
   9.46457         0       425   0.84524
   9.47148         0       419   0.78274
   9.47838         0       423   0.80655
   9.48529         0       431   0.83631
   9.49220         0       413   0.79464
   9.49910         0       441   0.85119
   9.50601         0       444   0.84226
   9.51291         0       417   0.79464
   9.51982         0       426   0.80952
   9.52672         0       460   0.89286
   9.53363         0       421   0.80357
   9.54053         0       429   0.83036
   9.54744         0       442   0.84226
   9.55434         0       432   0.82738
   9.56125         0       421   0.80655
   9.56815         0       410   0.76488
   9.57506         0       440   0.85417
   9.58197         0       431   0.83036
   9.58887         0       440   0.84821
   9.59578         0       421   0.80060
   9.60268         4       421   0.80952
   9.60959         0       423   0.80655
   9.61649         0       438   0.83036
   9.62340         0       426   0.80952
   9.63030         0       439   0.83036
   9.63721         0       443   0.82440
   9.64411         0       427   0.82143
   9.65102         0       424   0.81548
   9.65503         0       438   0.83036
