   0.00590         0         0         0        0.00000
   0.01206         0         0         0        0.00000
   0.01210         0         0         0        0.00000
   0.01835         0         0         0        0.00000
   0.01868         0         0         0        0.00000
   0.02503         0         0         0        0.00000
   0.02571         0         0         0        0.00000
   0.03218         0         0         0        0.00000
   0.03330         0         0         0        0.00000
   0.03983         0         0         0        0.00000
   0.04508         0         0         0        0.00000
   0.05168         4         0         0        0.00595
   0.05732         0         0         0        0.00000
   0.06399         8         0         0        0.01190
   0.07066         0         0         0        0.00000
   0.07431         0         0         0        0.00000
   0.08106         4         0         0        0.02083
   0.08781         4         0         0        0.00595
   0.09456         0         0         0        0.00595
   0.09644         0         4         0        0.01190
   0.10329        10         0         1        0.02976
   0.11014         8         8         0        0.03571
   0.11699         3         4         0        0.01786
   0.12384         4        27         0        0.06845
   0.13069         6         0         0        0.01190
   0.13753        16        36         0        0.11012
   0.14438        18        52         0        0.14881
   0.15123        22        49         0        0.17857
   0.15808        12        58         1        0.13095
   0.16493        10        61         1        0.12202
   0.17178        27        89         0        0.19345
   0.17863        21        84         1        0.21429
   0.18548        12       117         0        0.26190
   0.19233         2        97         0        0.16369
   0.19918         8        91         0        0.18155
   0.20603        17       117         0        0.19048
   0.21288        10       135         0        0.24107
   0.21972        36        97         1        0.19940
   0.22657         9        95         0        0.16667
   0.23342         4       124         0        0.18750
   0.24027         0       134         0        0.20238
   0.24712         4        99         0        0.17560
   0.25397        25       137         1        0.25595
   0.26082         6       150         0        0.24107
   0.26767        24       109         0        0.20833
   0.27452        20       147         0        0.27083
   0.28137        42       155         0        0.27381
   0.28822         7       149         0        0.25595
   0.29507         4       162         0        0.31548
   0.30191         4       261         0        0.38988
   0.30876        39       262         0        0.41071
   0.31561         9       227         0        0.34524
   0.32246         8       180         0        0.31845
   0.32931        15       225         0        0.37202
   0.33616        25       233         1        0.35714
   0.34301        40       270         0        0.40774
   0.34986         1       194         0        0.31548
   0.35671         4       181         0        0.30357
   0.36356         7       189         0        0.36310
   0.37041        16       249         0        0.39286
   0.37726         6       256         0        0.39583
   0.38411         7       215         0        0.42857
   0.39095        15       242         0        0.44643
   0.39780        12       237         0        0.41667
   0.40465         8       235         0        0.40774
   0.41150        21       273         0        0.42560
   0.41835         7       261         0        0.41667
   0.42520         8       300         1        0.42560
   0.43205        11       303         0        0.46131
   0.43890        15       292         0        0.47917
   0.44575        11       275         0        0.47917
   0.45260        21       265         0        0.45833
   0.45945        20       290         0        0.48512
   0.46630         9       283         0        0.48512
   0.46708        18       270         0        0.47321
   0.47393         6       293         0        0.48512
   0.48078        19       326         0        0.50298
   0.48763        13       310         0        0.49405
   0.49447        24       347         0        0.51786
   0.50132        10       346         0        0.49702
   0.50817         8       354         0        0.47917
   0.51502        15       304         1        0.48512
   0.52187        30       307         0        0.51190
   0.52872        16       317         0        0.47619
   0.53557         7       313         0        0.45833
   0.54242        13       323         0        0.51190
   0.54927        19       281         0        0.46726
   0.55612        16       273         0        0.44940
   0.56297        14       292         0        0.45536
   0.56982        14       318         0        0.48810
   0.57667         0       296         0        0.44643
   0.58351         9       294         0        0.48810
   0.59036         8       318         0        0.50000
   0.59721        12       297         0        0.44940
   0.60406         9       301         0        0.46131
   0.61091        22       286         0        0.48512
   0.61776        19       243         0        0.44048
   0.62461        13       288         0        0.48512
   0.63146         4       259         0        0.43750
   0.63831        14       343         0        0.47917
   0.64516        27       290         0        0.52976
   0.65201        32       332         0        0.55655
   0.65886        26       307         0        0.53274
   0.66570        53       317         0        0.48512
   0.67255        25       302         0        0.50298
   0.67940        14       316         1        0.51488
   0.68625        41       298         0        0.50595
   0.69310        29       347         0        0.52679
   0.69995        24       299         0        0.52083
   0.70680        53       303         0        0.54762
   0.71365        18       283         0        0.47619
   0.72050        43       321         0        0.53869
   0.72735        37       383         0        0.56845
   0.73420        39       283         0        0.48214
   0.74105        29       405         0        0.52381
   0.74790        40       322         0        0.51488
   0.75474        48       350         0        0.56845
   0.76159        19       324         0        0.50595
   0.76844        41       291         0        0.51190
   0.77529        26       340         0        0.51190
   0.78214        31       310         0        0.50893
   0.78899        24       342         0        0.56548
   0.79584        27       346         0        0.55060
   0.80269        64       302         0        0.50000
   0.80954        31       313         0        0.49107
   0.81639        30       305         0        0.50893
   0.82324        26       348         0        0.54167
   0.83009        37       347         0        0.59226
   0.83693        36       341         0        0.63095
   0.83806        39       361         0        0.63690
   0.84491        52       318         0        0.62798
   0.85176        28       381         0        0.61310
   0.85861        28       347         0        0.59226
   0.86546        40       404         0        0.61607
   0.87231        24       316         0        0.62500
   0.87916        45       336         0        0.61012
   0.88601        39       324         0        0.61905
   0.89286        27       374         0        0.64881
   0.89971        32       398         0        0.68452
   0.90656        25       400         0        0.62500
   0.91340        32       364         0        0.64286
   0.92025        27       346         0        0.61310
   0.92710        39       353         0        0.61905
   0.93395        36       319         0        0.60417
   0.94080        34       358         0        0.66667
   0.94765        32       286         0        0.58631
   0.95450        37       329         0        0.62202
   0.96135        37       427         0        0.66667
   0.96820        35       363         0        0.72619
   0.97505        34       355         0        0.69643
   0.98190        32       390         0        0.70833
   0.98875        32       364         0        0.69048
   0.99560        29       410         0        0.73214
   1.00244        26       375         0        0.68155
   1.00929        34       397         0        0.64881
   1.01614        39       392         0        0.66964
   1.02299        32       373         0        0.66369
   1.02984        34       350         0        0.67262
   1.03669        35       363         0        0.63393
   1.04354        31       394         0        0.70833
   1.05039        24       400         0        0.66369
   1.05724        32       386         0        0.72619
   1.06409        27       458         0        0.72917
   1.07094        27       410         0        0.68452
   1.07779        31       324         0        0.66071
   1.08464        26       349         0        0.66667
   1.09148        33       435         0        0.73512
   1.09833        42       378         0        0.66964
   1.10518        41       372         0        0.70833
   1.11203        50       382         0        0.69048
   1.11888        31       442         0        0.72321
   1.12573        24       357         0        0.69048
   1.13258        20       416         0        0.66964
   1.13943        27       322         0        0.64286
   1.14628        30       355         0        0.63988
   1.15313        29       368         0        0.66667
   1.15998        18       398         0        0.69940
   1.16683        17       412         0        0.67560
   1.17367        23       359         0        0.69345
   1.18052        14       383         0        0.69643
   1.18737        26       396         0        0.72024
   1.19422        28       424         0        0.75595
   1.20107        20       393         0        0.69048
   1.20792        35       398         0        0.71726
   1.21072        24       385         0        0.71726
   1.21757        27       403         0        0.66667
   1.22442        28       344         0        0.59226
   1.23126        21       360         0        0.63988
   1.23811        30       339         0        0.61607
   1.24496        31       318         0        0.61012
   1.25181        23       301         0        0.53274
   1.25866        28       310         0        0.53869
   1.26551        32       311         0        0.57440
   1.27236        29       310         0        0.57143
   1.27921        31       364         0        0.64881
   1.28606        34       341         0        0.58631
   1.29291        42       386         0        0.66667
   1.29976        36       353         0        0.62202
   1.30661        24       321         0        0.60417
   1.31346        34       332         0        0.65179
   1.32030        39       408         0        0.68155
   1.32715        57       353         0        0.65774
   1.33400        38       390         0        0.64583
   1.34085        28       397         0        0.69643
   1.34770        25       352         0        0.60417
   1.35455        23       318         0        0.57143
   1.36140        32       394         0        0.66369
   1.36825        29       353         0        0.68155
   1.37510        35       392         0        0.72321
   1.38195        27       466         0        0.71726
   1.38880        28       407         0        0.71131
   1.39565        41       378         0        0.68452
   1.40249        21       393         0        0.67262
   1.40934        20       417         0        0.67560
   1.41619        19       440         0        0.68452
   1.42304        26       463         0        0.69643
   1.42989        21       418         0        0.67857
   1.43674        34       407         0        0.68452
   1.44359        31       406         0        0.68452
   1.45044        33       388         0        0.68750
   1.45729        20       378         0        0.61310
   1.46414        40       387         0        0.61607
   1.47099        27       413         0        0.67262
   1.47784        23       425         0        0.66369
   1.48469        29       370         0        0.66964
   1.49153        17       417         0        0.66369
   1.49838        20       381         0        0.66964
   1.50523        41       495         0        0.70833
   1.51208        23       497         0        0.69940
   1.51893        36       449         0        0.66667
   1.52578        53       366         0        0.63988
   1.53263        30       499         0        0.70833
   1.53948        32       432         0        0.68155
   1.54633        33       336         0        0.62202
   1.55318        43       379         0        0.63393
   1.56003        31       407         0        0.62202
   1.56688        55       361         0        0.67857
   1.57372        32       376         0        0.64286
   1.58057        42       385         0        0.69643
   1.58301        53       392         0        0.71429
   1.58986        40       389         0        0.69048
   1.59671        43       373         0        0.66964
   1.60356        29       353         0        0.64286
   1.61041        33       450         0        0.67857
   1.61726        49       389         0        0.66369
   1.62411        63       329         0        0.64583
   1.63096        41       348         0        0.67560
   1.63781        41       336         0        0.64881
   1.64466        73       375         0        0.69643
   1.65151        61       353         0        0.70238
   1.65836        46       377         0        0.68452
   1.66520        47       358         0        0.69345
   1.67205        38       387         0        0.68750
   1.67890        35       368         0        0.64583
   1.68575        37       401         0        0.65179
   1.69260        23       362         0        0.62500
   1.69945        24       358         0        0.66071
   1.70630        36       435         0        0.71429
   1.71315        32       426         0        0.69048
   1.72000        33       337         0        0.67560
   1.72685        22       428         0        0.60714
   1.73370        21       459         0        0.66667
   1.74055        24       420         0        0.69345
   1.74740        24       372         0        0.63393
   1.75424        16       425         0        0.64583
   1.76109        34       349         0        0.64286
   1.76794        35       382         0        0.70536
   1.77479        42       446         0        0.69940
   1.78164        24       381         0        0.60714
   1.78849        54       361         0        0.68452
   1.79534        33       346         0        0.63393
   1.80219        27       430         0        0.68155
   1.80904        54       392         0        0.68452
   1.81589        23       388         0        0.63988
   1.82274        37       364         0        0.67857
   1.82959        34       414         0        0.65774
   1.83643        20       396         0        0.65476
   1.84328        41       398         0        0.65476
   1.85013        29       408         0        0.65179
   1.85698        42       368         0        0.63988
   1.86383        36       428         0        0.68452
   1.87068        40       398         0        0.66071
   1.87753        56       428         0        0.70536
   1.88438        37       363         0        0.62798
   1.89123        37       395         0        0.63393
   1.89808        33       372         0        0.66071
   1.90493        32       420         0        0.61905
   1.91178        33       397         0        0.64286
   1.91863        50       360         0        0.60714
   1.92547        32       370         0        0.61310
   1.93232        30       399         0        0.65774
   1.93917        22       432         0        0.66964
   1.94602        43       450         0        0.66964
   1.95287        38       411         0        0.67262
   1.95546        42       405         0        0.67857
   1.96231        40       353         0        0.65179
   1.96916        28       349         0        0.62202
   1.97601        37       342         0        0.60119
   1.98286        39       378         0        0.59524
   1.98971        38       347         0        0.65179
   1.99655        47       367         0        0.62202
   2.00340        77       329         0        0.62798
   2.01025        62       351         0        0.63988
   2.01710        63       348         0        0.65476
   2.02395        71       318         0        0.60119
   2.03080        41       342         0        0.63988
   2.03765        36       321         0        0.61012
   2.04450        34       358         0        0.57440
   2.05135        73       361         0        0.64881
   2.05820        42       306         0        0.56845
   2.06505        39       353         0        0.63690
   2.07190        46       312         0        0.56845
   2.07875        53       381         0        0.58929
   2.08559        49       354         0        0.61012
   2.09244        45       367         0        0.66071
   2.09929        68       392         0        0.67857
   2.10614        65       374         0        0.63393
   2.11299        51       372         0        0.63988
   2.11984        62       355         0        0.63690
   2.12669        44       358         0        0.66667
   2.13354        57       347         0        0.66964
   2.14039        56       447         0        0.66964
   2.14724        45       375         0        0.66369
   2.15409        49       394         0        0.69643
   2.16094        43       407         0        0.69048
   2.16778        57       414         0        0.68452
   2.17463        49       337         0        0.64881
   2.18148        43       329         0        0.66071
   2.18833        45       410         0        0.68452
   2.19518        56       323         0        0.64881
   2.20203        76       391         0        0.70238
   2.20888        59       458         0        0.72917
   2.21573        55       368         0        0.69345
   2.22258        61       386         0        0.70238
   2.22943        62       380         0        0.65476
   2.23628        75       360         0        0.69345
   2.24313        47       377         0        0.64286
   2.24998        63       382         0        0.63988
   2.25682        72       342         0        0.71131
   2.26367        52       369         0        0.65774
   2.27052        55       334         0        0.64881
   2.27737        57       365         0        0.63988
   2.28422        53       412         0        0.64583
   2.29107        50       342         0        0.66071
   2.29792        73       371         0        0.68452
   2.30477        55       325         0        0.68155
   2.31162        52       354         0        0.69940
   2.31847        44       339         0        0.64583
   2.32532        52       347         0        0.61607
   2.32746        42       370         0        0.65774
   2.33431        37       355         0        0.64583
   2.34116        62       342         0        0.64881
   2.34800        26       390         0        0.64286
   2.35485        77       329         0        0.68452
   2.36170        37       334         0        0.66964
   2.36855        46       360         0        0.67560
   2.37540        71       378         0        0.70833
   2.38225        54       370         0        0.65774
   2.38910        55       371         0        0.65179
   2.39595        60       356         0        0.65774
   2.40280        58       360         0        0.64286
   2.40965        60       392         0        0.65774
   2.41650        56       360         0        0.64881
   2.42335        59       333         0        0.65774
   2.43019        59       381         0        0.64881
   2.43704        59       402         0        0.69345
   2.44389        56       391         0        0.69048
   2.45074        77       436         0        0.66071
   2.45759        57       370         0        0.65774
   2.46444        41       366         0        0.65179
   2.47129        46       389         0        0.64583
   2.47814        51       412         0        0.64583
   2.48499        65       362         0        0.69643
   2.49184        51       339         0        0.63095
   2.49869        56       381         0        0.66369
   2.50554        50       427         0        0.72024
   2.51239        27       362         0        0.60714
   2.51923        34       397         0        0.64881
   2.52608        50       411         0        0.63095
   2.53293        47       372         0        0.62798
   2.53978        67       381         0        0.65774
   2.54663        52       392         0        0.66369
   2.55348        72       400         0        0.70238
   2.56033        37       385         0        0.64583
   2.56718        47       379         0        0.63690
   2.57403        51       388         0        0.67262
   2.58088        67       363         0        0.65774
   2.58773        52       411         0        0.66071
   2.59458        53       393         0        0.68750
   2.60142        52       408         0        0.72917
   2.60827        66       360         0        0.65476
   2.61512        80       353         0        0.66667
   2.62197        69       315         0        0.63988
   2.62882        55       391         0        0.66964
   2.63567        84       329         0        0.63988
   2.64252        59       340         0        0.62798
   2.64937        65       382         0        0.69048
   2.65622        67       462         0        0.67560
   2.66307        61       397         0        0.68155
   2.66992        41       412         0        0.69643
   2.67677        46       409         0        0.69345
   2.68362        55       382         0        0.64881
   2.69046        44       473         0        0.71131
   2.69731        42       441         0        0.66071
   2.69972        54       450         0        0.66667
   2.70657        42       429         0        0.68452
   2.71342        44       376         0        0.68155
   2.72027        52       369         0        0.68750
   2.72712        46       404         0        0.65179
   2.73397        51       392         0        0.67560
   2.74082        73       440         0        0.68452
   2.74767        26       397         0        0.70536
   2.75452        59       379         2        0.71726
   2.76137        63       400         0        0.69345
   2.76822        30       409         0        0.67857
   2.77506        49       414         0        0.71131
   2.78191        41       381         0        0.66964
   2.78876        61       381         0        0.70536
   2.79561        49       422         0        0.68452
   2.80246        39       407         0        0.71131
   2.80931        50       409         0        0.71131
   2.81616        49       475         0        0.73810
   2.82301        41       423         0        0.70536
   2.82986        38       417         0        0.72321
   2.83671        45       339         0        0.75298
   2.84356        46       352         0        0.68452
   2.85041        43       381         0        0.74405
   2.85726        31       341         0        0.70238
   2.86410        42       415         0        0.74107
   2.87095        40       414         0        0.74107
   2.87780        40       365         0        0.74702
   2.88465        44       420         0        0.72321
   2.89150        32       406         0        0.70238
   2.89835        49       433         0        0.72024
   2.90520        39       431         0        0.71131
   2.91205        38       366         0        0.68155
   2.91890        56       413         0        0.71726
   2.92575        62       377         0        0.72321
   2.93260        48       372         0        0.72024
   2.93945        45       381         0        0.70536
   2.94629        74       399         0        0.67857
   2.95314        50       404         0        0.66369
   2.95999        67       323         0        0.68750
   2.96684        56       350         0        0.71429
   2.97369        68       331         0        0.66667
   2.98054        66       344         0        0.72024
   2.98739        70       384         0        0.74405
   2.99424        78       321         0        0.73512
   3.00109        51       330         0        0.72024
   3.00794        72       338         0        0.68452
   3.01479        69       379         0        0.78869
   3.02164        83       333         0        0.75298
   3.02849        74       314         0        0.74702
   3.03533        64       328         0        0.74107
   3.04218        95       339         0        0.68155
   3.04903        84       353         0        0.72917
   3.05588        52       357         0        0.71726
   3.06273        64       357         0        0.71131
   3.06958        52       303         0        0.70833
   3.07286        58       319         0        0.67560
   3.07971        43       305         0        0.68750
   3.08656        48       343         0        0.69345
   3.09341        49       377         0        0.75595
   3.10026        59       362         0        0.70833
   3.10711        53       320         0        0.67262
   3.11396        66       411         0        0.72024
   3.12081        57       354         0        0.71131
   3.12766        62       382         0        0.69345
   3.13450        80       366         0        0.70833
   3.14135        70       306         0        0.65774
   3.14820        69       419         0        0.75893
   3.15505        75       386         0        0.72619
   3.16190        51       364         0        0.72917
   3.16875        65       392         0        0.74405
   3.17560        49       349         0        0.70536
   3.18245        55       340         0        0.73810
   3.18930        64       347         0        0.72917
   3.19615        69       380         0        0.68155
   3.20300        65       365         0        0.72024
   3.20985        64       377         0        0.75893
   3.21670        60       341         0        0.70833
   3.22354        67       383         0        0.70833
   3.23039        56       352         0        0.67857
   3.23724        50       333         0        0.71131
   3.24409        52       329         0        0.67262
   3.25094        56       356         0        0.69048
   3.25779        50       351         0        0.72321
   3.26464        55       370         0        0.76786
   3.27149        58       359         0        0.75893
   3.27834        57       360         0        0.75298
   3.28519        67       336         0        0.75000
   3.29204        48       372         0        0.75893
   3.29889        52       378         0        0.77679
   3.30573        88       353         0        0.72619
   3.31258        52       343         0        0.69643
   3.31943        51       368         0        0.71131
   3.32628        49       373         0        0.73810
   3.33313        57       395         0        0.72024
   3.33998        45       373         0        0.73214
   3.34683        44       353         0        0.71131
   3.35368        57       393         0        0.71429
   3.36053        56       392         0        0.73214
   3.36738        56       384         0        0.73810
   3.37423        61       349         0        0.75298
   3.38108        56       402         0        0.69940
   3.38793        54       409         0        0.72917
   3.39477        58       407         0        0.69643
   3.40162        52       457         0        0.78869
   3.40847        46       411         0        0.66071
   3.41532        58       376         0        0.71429
   3.42217        41       384         0        0.72619
   3.42902        53       404         0        0.69345
   3.43587        56       396         0        0.67560
   3.44272        43       473         0        0.76786
   3.44682        63       417         0        0.73214
   3.45367        64       423         0        0.72321
   3.46052        50       379         0        0.68155
   3.46737        40       363         0        0.68155
   3.47422        51       401         0        0.63393
   3.48107        46       387         0        0.67262
   3.48792        50       363         0        0.69048
   3.49476        64       386         0        0.71726
   3.50161        46       347         0        0.65774
   3.50846        35       340         0        0.65774
   3.51531        53       419         0        0.70238
   3.52216        49       422         0        0.68750
   3.52901        50       413         0        0.68155
   3.53586        56       395         0        0.71131
   3.54271        51       375         0        0.67857
   3.54956        59       463         0        0.71131
   3.55641        42       448         0        0.71131
   3.56326        31       387         0        0.64881
   3.57011        56       428         0        0.73810
   3.57696        67       421         0        0.70536
   3.58380        35       388         0        0.72917
   3.59065        58       366         0        0.72321
   3.59750        80       390         0        0.73214
   3.60435        41       410         0        0.72024
   3.61120        39       366         0        0.68155
   3.61805        37       401         0        0.71131
   3.62490        44       391         0        0.77976
   3.63175        53       404         0        0.75298
   3.63860        52       401         0        0.75298
   3.64545        49       442         0        0.72321
   3.65230        58       409         0        0.73512
   3.65915        61       349         0        0.70536
   3.66599        45       358         0        0.69643
   3.67284        58       415         0        0.78869
   3.67969        71       460         0        0.77381
   3.68654        53       365         0        0.72619
   3.69339        47       374         0        0.75595
   3.70024        50       359         0        0.75000
   3.70709        56       387         0        0.72619
   3.71394        47       399         0        0.74702
   3.72079        55       404         0        0.78571
   3.72764        62       385         0        0.76786
   3.73449        43       354         0        0.71726
   3.74134        39       396         0        0.72321
   3.74818        39       337         0        0.71131
   3.75503        50       348         0        0.68155
   3.76188        60       347         0        0.71131
   3.76873        43       408         0        0.72024
   3.77558        44       366         0        0.74107
   3.78243        59       373         0        0.73512
   3.78928        48       385         0        0.75000
   3.79613        45       368         0        0.73512
   3.80298        65       359         0        0.77381
   3.80983        51       385         0        0.76190
   3.81668        44       368         0        0.72321
   3.82037        48       365         0        0.70238
   3.82722        42       332         0        0.75893
   3.83407        38       348         0        0.73214
   3.84092        63       364         0        0.78571
   3.84777        77       340         0        0.74107
   3.85462        41       371         0        0.72024
   3.86147        68       362         0        0.75000
   3.86832        44       415         0        0.77976
   3.87517        54       366         0        0.74702
   3.88201        48       403         0        0.73512
   3.88886        40       326         0        0.72024
   3.89571        42       343         0        0.71131
   3.90256        44       397         0        0.72024
   3.90941        41       394         0        0.72619
   3.91626        59       422         0        0.69345
   3.92311        51       443         0        0.73810
   3.92996        63       377         0        0.69345
   3.93681        37       341         0        0.70536
   3.94366        50       377         0        0.75595
   3.95051        37       347         0        0.66369
   3.95736        45       436         0        0.71726
   3.96420        46       366         0        0.71131
   3.97105        45       419         0        0.73810
   3.97790        40       365         0        0.72619
   3.98475        42       397         0        0.73512
   3.99160        55       316         0        0.71726
   3.99845        49       368         0        0.73810
   4.00530        59       352         0        0.75298
   4.01215        46       337         0        0.74107
   4.01900        46       395         0        0.73512
   4.02585        45       324         0        0.74405
   4.03270        56       324         0        0.73512
   4.03955        39       363         0        0.75298
   4.04640        50       379         0        0.73810
   4.05324        55       338         0        0.70833
   4.06009        50       341         0        0.70238
   4.06694        48       338         0        0.74702
   4.07379        57       339         0        0.72321
   4.08064        59       328         0        0.70536
   4.08749        59       338         0        0.70833
   4.09434        64       369         0        0.72917
   4.10119        48       353         0        0.76190
   4.10804        55       360         0        0.75595
   4.11489        53       377         0        0.75298
   4.12174        47       336         0        0.71429
   4.12859        58       358         0        0.75595
   4.13543        53       373         0        0.75893
   4.14228        63       407         0        0.72321
   4.14913        50       340         0        0.72321
   4.15598        58       358         0        0.72321
   4.16283        60       347         0        0.73214
   4.16968        48       355         0        0.69940
   4.17653        72       368         0        0.74702
   4.18338        65       352         0        0.72321
   4.19023        41       374         0        0.72619
   4.19386        51       327         0        0.72321
   4.20071        63       361         0        0.74702
   4.20756        49       361         0        0.74405
   4.21441        55       345         0        0.69940
   4.22126        50       381         0        0.73214
   4.22810        56       347         0        0.69048
   4.23495        48       350         0        0.74702
   4.24180        59       324         0        0.72024
   4.24865        41       342         0        0.74405
   4.25550        62       358         0        0.72619
   4.26235        44       321         0        0.68155
   4.26920        51       354         0        0.73810
   4.27605        41       370         0        0.74405
   4.28290        43       349         0        0.75298
   4.28975        43       359         0        0.72619
   4.29660        46       336         0        0.71726
   4.30345        45       342         0        0.73512
   4.31030        44       352         0        0.75595
   4.31714        48       362         0        0.73810
   4.32399        45       337         0        0.71429
   4.33084        62       319         0        0.72619
   4.33769        38       341         0        0.72024
   4.34454        43       375         0        0.72321
   4.35139        49       382         0        0.75595
   4.35824        28       350         0        0.70833
   4.36509        55       379         0        0.74702
   4.37194        34       353         0        0.69643
   4.37879        37       365         0        0.67262
   4.38564        44       350         0        0.75298
   4.39249        52       390         0        0.73512
   4.39933        44       392         0        0.73810
   4.40618        60       364         0        0.75595
   4.41303        41       363         0        0.72024
   4.41988        49       379         0        0.75000
   4.42673        38       356         0        0.71726
   4.43358        41       330         0        0.70536
   4.44043        45       364         0        0.72321
   4.44728        48       348         0        0.73214
   4.45413        41       366         0        0.74107
   4.46098        51       361         0        0.75595
   4.46783        35       358         0        0.71726
   4.47468        38       392         0        0.73810
   4.48153        51       383         0        0.73214
   4.48837        54       389         0        0.68452
   4.49522        42       355         0        0.69345
   4.50207        48       355         1        0.69345
   4.50892        66       384         0        0.75893
   4.51577        50       318         0        0.72321
   4.52262        41       346         0        0.73810
   4.52947        49       328         0        0.70536
   4.53632        44       337         0        0.72917
   4.54317        46       393         0        0.74702
   4.55002        41       373         0        0.72321
   4.55687        37       382         0        0.69345
   4.56372        48       372         0        0.69643
   4.56745        67       375         1        0.76488
   4.57430        36       354         0        0.72619
   4.58115        43       338         0        0.68750
   4.58800        38       341         0        0.72619
   4.59485        35       360         0        0.74405
   4.60170        56       394         0        0.72321
   4.60855        58       350         0        0.71429
   4.61540        37       371         0        0.72917
   4.62225        49       367         0        0.71131
   4.62909        53       341         0        0.75298
   4.63594        57       314         0        0.66369
   4.64279        46       402         0        0.72024
   4.64964        40       428         0        0.75893
   4.65649        62       390         0        0.74702
   4.66334        41       355         0        0.73810
   4.67019        49       341         0        0.72321
   4.67704        42       333         0        0.65179
   4.68389        49       326         0        0.71131
   4.69074        42       332         0        0.74702
   4.69759        36       346         0        0.71726
   4.70444        59       359         0        0.71429
   4.71129        40       328         0        0.68155
   4.71813        42       366         0        0.74702
   4.72498        36       339         0        0.71429
   4.73183        54       324         0        0.71131
   4.73868        58       374         0        0.70833
   4.74553        55       350         0        0.75893
   4.75238        55       335         0        0.70536
   4.75923        45       346         0        0.73512
   4.76608        61       376         0        0.73810
   4.77293        60       334         0        0.69940
   4.77978        54       319         0        0.69048
   4.78663        54       317         0        0.71429
   4.79348        51       340         0        0.71131
   4.80032        60       320         0        0.73512
   4.80717        51       355         0        0.74405
   4.81402        42       372         0        0.74702
   4.82087        41       376         0        0.77679
   4.82772        41       363         0        0.78274
   4.83457        44       351         0        0.71429
   4.84142        41       379         0        0.71131
   4.84827        35       384         0        0.75893
   4.85512        43       339         0        0.75595
   4.86197        36       407         0        0.74702
   4.86882        38       360         0        0.74107
   4.87567        39       351         0        0.76786
   4.88252        50       355         0        0.71726
   4.88936        40       429         0        0.75893
   4.89621        41       349         0        0.73810
   4.90306        40       354         0        0.73810
   4.90991        38       355         0        0.72321
   4.91676        40       336         0        0.76190
   4.92361        56       352         0        0.76786
   4.93046        46       383         0        0.74107
   4.93731        30       365         0        0.71131
   4.94135        30       380         0        0.72024
   4.94820        48       363         0        0.72024
   4.95505        48       396         0        0.75000
   4.96189        41       383         0        0.77976
   4.96874        62       393         0        0.74702
   4.97559        47       402         0        0.75298
   4.98244        44       353         0        0.72024
   4.98929        49       356         0        0.72321
   4.99614        32       319         0        0.65774
   5.00299        63       342         0        0.70536
   5.00984        51       331         0        0.72024
   5.01669        47       346         0        0.71726
   5.02354        47       295         0        0.71429
   5.03039        50       371         0        0.74702
   5.03724        41       332         0        0.74405
   5.04409        45       411         0        0.74107
   5.05093        45       374         0        0.75893
   5.05778        43       335         0        0.72917
   5.06463        44       368         0        0.75893
   5.07148        44       360         0        0.75893
   5.07833        39       357         0        0.73512
   5.08518        45       357         0        0.76488
   5.09203        55       392         0        0.76488
   5.09888        37       351         0        0.72619
   5.10573        41       350         0        0.75893
   5.11258        56       394         0        0.74702
   5.11943        41       308         0        0.75000
   5.12628        41       334         0        0.72917
   5.13312        42       339         0        0.73214
   5.13997        37       346         0        0.69345
   5.14682        50       358         0        0.75000
   5.15367        49       388         0        0.76488
   5.16052        51       398         0        0.77083
   5.16737        45       360         0        0.77381
   5.17422        37       374         0        0.74405
   5.18107        53       349         0        0.74107
   5.18792        60       348         0        0.72024
   5.19477        50       309         0        0.75595
   5.20162        49       313         0        0.72619
   5.20847        42       352         0        0.75000
   5.21532        50       344         0        0.69643
   5.22216        36       345         0        0.71429
   5.22901        41       352         0        0.74702
   5.23586        67       365         0        0.76786
   5.24271        51       387         0        0.77679
   5.24956        45       345         0        0.73512
   5.25641        57       346         0        0.73810
   5.26326        46       346         0        0.74107
   5.27011        48       350         0        0.73214
   5.27696        40       343         0        0.71429
   5.28381        55       382         0        0.73214
   5.29066        56       342         0        0.74405
   5.29751        51       361         0        0.74405
   5.30435        36       374         0        0.75893
   5.31120        46       358         0        0.75298
   5.31575        47       385         0        0.75595
   5.32260        39       342         0        0.74405
   5.32944        41       331         0        0.76190
   5.33629        38       354         0        0.75000
   5.34314        54       343         0        0.71726
   5.34999        50       370         0        0.75298
   5.35684        51       329         0        0.73512
   5.36369        46       373         0        0.77679
   5.37054        49       375         0        0.74702
   5.37739        42       383         0        0.80060
   5.38424        44       363         0        0.75000
   5.39109        37       383         0        0.78869
   5.39794        53       355         0        0.74107
   5.40479        49       370         0        0.75893
   5.41164        34       359         0        0.73810
   5.41848        34       371         0        0.72024
   5.42533        37       418         0        0.77679
   5.43218        38       357         0        0.70536
   5.43903        42       340         0        0.73810
   5.44588        38       341         0        0.70238
   5.45273        40       347         0        0.72619
   5.45958        39       369         0        0.76190
   5.46643        58       323         0        0.75298
   5.47328        46       378         0        0.79464
   5.48013        32       379         0        0.75000
   5.48698        41       378         0        0.77381
   5.49383        41       354         0        0.74405
   5.50067        39       338         0        0.72024
   5.50752        40       339         0        0.74405
   5.51437        42       307         0        0.73512
   5.52122        38       316         0        0.72321
   5.52807        44       359         0        0.71131
   5.53492        51       401         0        0.74107
   5.54177        46       368         0        0.71429
   5.54862        43       412         0        0.75893
   5.55547        49       377         0        0.74107
   5.56232        49       335         0        0.74107
   5.56917        53       355         0        0.76488
   5.57602        41       347         0        0.73810
   5.58287        38       375         0        0.73512
   5.58971        49       382         0        0.76488
   5.59656        44       373         0        0.75298
   5.60341        41       378         0        0.75893
   5.61026        42       428         0        0.75595
   5.61711        35       395         0        0.72917
   5.62396        35       409         0        0.76786
   5.63081        34       403         0        0.74107
   5.63766        37       369         0        0.74702
   5.64451        43       364         0        0.74107
   5.65136        55       364         0        0.72024
   5.65821        41       362         0        0.72917
   5.66506        47       372         0        0.72024
   5.67190        44       382         0        0.74702
   5.67875        41       400         0        0.75000
   5.68560        44       330         0        0.72321
   5.68984        51       341         0        0.73512
   5.69668        38       364         0        0.72321
   5.70353        43       386         0        0.74405
   5.71038        39       365         0        0.74107
   5.71723        58       411         0        0.74702
   5.72408        47       358         0        0.75893
   5.73093        35       365         0        0.67857
   5.73778        40       371         0        0.70833
   5.74463        42       378         0        0.74405
   5.75148        44       355         0        0.75000
   5.75833        43       394         0        0.74702
   5.76518        46       379         0        0.75000
   5.77203        38       377         0        0.71726
   5.77887        36       388         0        0.73214
   5.78572        57       397         0        0.74405
   5.79257        49       378         0        0.73512
   5.79942        32       325         0        0.69345
   5.80627        55       362         0        0.73214
   5.81312        40       376         0        0.76786
   5.81997        76       374         0        0.75000
   5.82682        50       354         0        0.76190
   5.83367        45       386         0        0.76786
   5.84052        47       335         0        0.73214
   5.84737        49       361         0        0.74702
   5.85422        57       404         0        0.76488
   5.86107        50       369         0        0.74405
   5.86791        38       372         0        0.73214
   5.87476        38       357         0        0.72619
   5.88161        35       399         0        0.74107
   5.88846        43       392         0        0.74405
   5.89531        47       375         0        0.75298
   5.90216        53       398         0        0.76190
   5.90901        38       419         0        0.75298
   5.91586        38       377         0        0.70536
   5.92271        49       399         0        0.72917
   5.92956        43       386         0        0.76786
   5.93641        57       380         0        0.77381
   5.94326        43       334         0        0.76786
   5.95010        34       355         0        0.72917
   5.95695        43       393         0        0.74107
   5.96380        37       372         0        0.75893
   5.97065        43       359         0        0.76786
   5.97750        50       399         0        0.75595
   5.98435        41       387         0        0.74405
   5.99120        39       448         0        0.75893
   5.99805        36       375         0        0.73810
   6.00490        42       361         0        0.79762
   6.01175        59       395         0        0.75595
   6.01860        48       400         0        0.77381
   6.02545        45       346         0        0.75893
   6.03230        41       324         0        0.72917
   6.03914        32       403         0        0.76190
   6.04599        47       407         0        0.76488
   6.05284        50       370         0        0.75298
   6.05969        45       342         0        0.76786
   6.06396        37       367         0        0.76190
   6.07081        45       366         0        0.75893
   6.07766        52       397         0        0.77679
   6.08451        46       400         0        0.74702
   6.09136        45       399         0        0.77976
   6.09821        49       369         0        0.75893
   6.10506        38       397         0        0.78869
   6.11191        37       432         0        0.72917
   6.11876        44       361         0        0.75595
   6.12561        41       329         0        0.76190
   6.13246        39       361         0        0.75298
   6.13930        39       345         0        0.72917
   6.14615        41       379         0        0.77083
   6.15300        45       303         0        0.72619
   6.15985        45       359         0        0.72917
   6.16670        43       367         0        0.74405
   6.17355        36       391         0        0.77679
   6.18040        34       372         0        0.71726
   6.18725        38       399         0        0.75595
   6.19410        38       372         0        0.72619
   6.20095        44       335         0        0.71726
   6.20780        49       355         0        0.74702
   6.21465        65       360         0        0.73512
   6.22149        53       347         0        0.78274
   6.22834        48       352         0        0.70536
   6.23519        38       329         0        0.70536
   6.24204        45       324         0        0.69048
   6.24889        51       368         0        0.69940
   6.25574        47       364         0        0.75893
   6.26259        37       309         0        0.74107
   6.26944        45       328         0        0.71726
   6.27629        53       359         0        0.71131
   6.28314        36       356         0        0.75595
   6.28999        40       379         0        0.73512
   6.29684        37       346         0        0.71726
   6.30369        41       414         0        0.73810
   6.31053        47       357         0        0.71726
   6.31738        36       391         0        0.80357
   6.32423        31       349         0        0.71429
   6.33108        34       341         0        0.72024
   6.33793        40       390         0        0.74405
   6.34478        55       336         0        0.69940
   6.35163        30       323         0        0.66964
   6.35848        52       361         0        0.72917
   6.36533        30       355         0        0.74107
   6.37218        38       348         0        0.72917
   6.37903        46       387         0        0.75298
   6.38588        33       320         0        0.66964
   6.39272        28       318         0        0.72619
   6.39957        33       438         0        0.75000
   6.40642        27       384         0        0.74107
   6.41327        37       374         0        0.69940
   6.42012        33       382         0        0.72619
   6.42697        34       400         0        0.76488
   6.43382        24       344         0        0.72024
   6.43805        36       350         0        0.73810
   6.44490        48       339         0        0.75298
   6.45174        35       362         0        0.74107
   6.45859        36       358         0        0.67857
   6.46544        32       358         0        0.71131
   6.47229        25       344         0        0.67857
   6.47914        56       371         0        0.72619
   6.48599        28       371         0        0.71131
   6.49284        36       420         0        0.71726
   6.49969        28       350         0        0.71131
   6.50654        34       348         0        0.62202
   6.51339        32       353         0        0.70238
   6.52024        26       376         0        0.71429
   6.52709        36       406         0        0.76786
   6.53393        29       392         0        0.69643
   6.54078        34       363         0        0.74107
   6.54763        22       391         0        0.71726
   6.55448        31       392         0        0.70833
   6.56133        34       361         0        0.70833
   6.56818        36       379         0        0.69940
   6.57503        25       372         0        0.72917
   6.58188        34       346         0        0.72024
   6.58873        30       352         0        0.68750
   6.59558        34       328         0        0.72024
   6.60243        41       388         0        0.71429
   6.60928        43       398         0        0.72619
   6.61613        36       394         0        0.75595
   6.62297        37       396         0        0.75298
   6.62982        33       378         0        0.75595
   6.63667        33       349         0        0.69048
   6.64352        36       362         0        0.71429
   6.65037        36       386         0        0.72917
   6.65722        32       360         0        0.70536
   6.66407        30       345         0        0.71131
   6.67092        26       327         0        0.67262
   6.67777        34       352         0        0.71726
   6.68462        28       332         0        0.71429
   6.69147        32       361         0        0.73214
   6.69832        41       351         0        0.69345
   6.70516        58       325         0        0.67857
   6.71201        36       407         0        0.76190
   6.71886        40       419         0        0.75000
   6.72571        39       345         0        0.73512
   6.73256        36       399         0        0.72619
   6.73941        22       356         0        0.71726
   6.74626        27       389         0        0.73214
   6.75311        26       366         0        0.72024
   6.75996        29       358         0        0.74405
   6.76681        24       358         0        0.72024
   6.77366        28       317         0        0.66667
   6.78051        26       357         0        0.72321
   6.78736        31       333         0        0.71131
   6.79420        36       368         0        0.72321
   6.80105        30       329         0        0.67857
   6.80790        33       423         0        0.72321
   6.81229        25       379         0        0.73810
   6.81914        31       372         0        0.73214
   6.82599        35       358         0        0.71131
   6.83284        32       355         0        0.72321
   6.83969        40       386         0        0.74702
   6.84654        33       415         0        0.72024
   6.85339        31       351         0        0.73512
   6.86024        40       417         0        0.71429
   6.86708        22       362         0        0.71131
   6.87393        44       352         0        0.72917
   6.88078        32       359         0        0.73810
   6.88763        32       365         0        0.71131
   6.89448        32       334         0        0.73214
   6.90133        29       364         0        0.73214
   6.90818        22       355         0        0.72917
   6.91503        39       394         0        0.72024
   6.92188        43       374         0        0.76190
   6.92873        28       365         0        0.75595
   6.93558        28       371         0        0.74702
   6.94243        28       365         0        0.72917
   6.94928        26       345         0        0.69048
   6.95612        27       347         0        0.69643
   6.96297        47       387         0        0.72321
   6.96982        41       374         0        0.77381
   6.97667        30       386         0        0.72321
   6.98352        30       339         0        0.75595
   6.99037        28       400         0        0.70536
   6.99722        48       402         0        0.70238
   7.00407        26       363         0        0.72619
   7.01092        40       391         0        0.75000
   7.01777        37       362         0        0.71726
   7.02462        42       385         0        0.73512
   7.03147        30       375         0        0.72917
   7.03831        30       322         0        0.69048
   7.04516        42       350         0        0.70238
   7.05201        28       344         0        0.69643
   7.05886        30       392         0        0.76190
   7.06571        50       406         0        0.75595
   7.07256        37       329         0        0.74702
   7.07941        32       333         0        0.74702
   7.08626        24       364         0        0.76190
   7.09311        34       400         0        0.75000
   7.09996        20       372         0        0.72321
   7.10681        37       423         0        0.74107
   7.11366        32       406         0        0.75298
   7.12051        40       401         0        0.75000
   7.12735        35       376         0        0.78869
   7.13420        40       409         0        0.77083
   7.14105        35       377         0        0.75000
   7.14790        28       357         0        0.71131
   7.15475        28       344         0        0.72619
   7.16160        45       382         0        0.73512
   7.16845        35       398         0        0.74107
   7.17530        22       363         0        0.72619
   7.18215        42       421         0        0.74405
   7.18641        26       357         0        0.71726
   7.19326        34       378         0        0.76488
   7.20011        24       389         0        0.75298
   7.20696        25       302         0        0.66667
   7.21381        28       343         0        0.72619
   7.22066        39       364         0        0.69643
   7.22751        33       385         0        0.74405
   7.23436        26       374         0        0.71726
   7.24121        24       367         0        0.69345
   7.24806        44       370         0        0.72917
   7.25490        50       400         0        0.73810
   7.26175        28       384         0        0.71429
   7.26860        32       348         0        0.70238
   7.27545        29       362         0        0.69940
   7.28230        28       356         0        0.72619
   7.28915        28       360         0        0.74107
   7.29600        30       376         0        0.70536
   7.30285        28       321         0        0.71131
   7.30970        32       347         0        0.70238
   7.31655        34       410         0        0.74107
   7.32340        32       385         0        0.76488
   7.33025        28       362         0        0.72917
   7.33710        29       356         0        0.72619
   7.34394        30       389         0        0.77679
   7.35079        32       396         0        0.74107
   7.35764        26       355         0        0.69643
   7.36449        28       369         0        0.72917
   7.37134        24       374         0        0.70833
   7.37819        32       427         0        0.72321
   7.38504        28       400         0        0.72321
   7.39189        31       375         0        0.73512
   7.39874        32       378         0        0.73512
   7.40559        34       348         0        0.70536
   7.41244        36       378         0        0.69345
   7.41929        26       368         0        0.72619
   7.42613        26       384         0        0.71726
   7.43298        26       370         0        0.71726
   7.43983        40       368         0        0.69940
   7.44668        32       340         0        0.67560
   7.45353        31       351         0        0.71726
   7.46038        35       362         0        0.75000
   7.46723        28       379         0        0.71726
   7.47408        41       372         0        0.74405
   7.48093        28       365         0        0.70833
   7.48778        31       377         0        0.71726
   7.49463        30       329         0        0.71131
   7.50148        22       367         0        0.71726
   7.50833        24       353         0        0.76190
   7.51517        27       406         0        0.75298
   7.52202        35       362         0        0.71131
   7.52887        42       352         0        0.72024
   7.53572        26       307         0        0.67560
   7.54257        33       350         0        0.73810
   7.54942        35       389         0        0.72024
   7.55627        30       388         0        0.75000
   7.56088        36       342         0        0.71429
   7.56773        27       374         0        0.72321
   7.57458        43       364         0        0.76786
   7.58143        27       321         0        0.67560
   7.58827        30       378         0        0.68750
   7.59512        36       348         0        0.75893
   7.60197        36       342         0        0.70238
   7.60882        26       334         0        0.69345
   7.61567        28       379         0        0.72321
   7.62252        30       342         0        0.74405
   7.62937        34       371         0        0.72619
   7.63622        41       335         0        0.71726
   7.64307        42       388         0        0.73810
   7.64992        36       376         0        0.71131
   7.65677        38       354         0        0.71726
   7.66362        29       383         0        0.70536
   7.67047        33       381         0        0.71131
   7.67731        32       328         0        0.69048
   7.68416        32       397         0        0.75893
   7.69101        24       339         0        0.70833
   7.69786        35       368         0        0.72321
   7.70471        30       367         0        0.71131
   7.71156        36       352         0        0.72619
   7.71841        31       376         0        0.73214
   7.72526        29       377         0        0.70536
   7.73211        34       359         0        0.69345
   7.73896        24       392         0        0.69643
   7.74581        28       362         0        0.69643
   7.75266        31       390         0        0.71726
   7.75950        28       372         0        0.73810
   7.76635        26       355         0        0.72321
   7.77320        24       336         0        0.72024
   7.78005        39       377         0        0.69345
   7.78690        37       340         0        0.75893
   7.79375        35       357         0        0.74107
   7.80060        28       330         0        0.72321
   7.80745        38       356         0        0.73810
   7.81430        31       363         0        0.72619
   7.82115        24       374         0        0.70238
   7.82800        40       338         0        0.75298
   7.83485        30       354         0        0.69643
   7.84170        35       377         0        0.72619
   7.84854        34       345         0        0.72321
   7.85539        18       333         0        0.68452
   7.86224        41       445         0        0.74405
   7.86909        15       334         0        0.64286
   7.87594        24       362         0        0.67560
   7.88279        33       371         0        0.73512
   7.88964        24       340         0        0.70536
   7.89649        34       319         0        0.71429
   7.90334        30       362         0        0.68750
   7.91019        39       362         0        0.71429
   7.91704        34       355         0        0.67560
   7.92389        30       358         0        0.73214
   7.93073        26       349         0        0.70833
   7.93528        33       334         0        0.66964
   7.94213        29       362         0        0.75000
   7.94898        33       364         0        0.75893
   7.95583        29       338         0        0.73512
   7.96268        30       362         0        0.73512
   7.96953        30       336         0        0.71131
   7.97638        54       338         0        0.70833
   7.98323        43       402         0        0.75595
   7.99008        28       336         0        0.70833
   7.99693        29       391         0        0.72321
   8.00378        24       355         0        0.67560
   8.01062        29       339         0        0.69048
   8.01747        18       367         0        0.68155
   8.02432        32       342         0        0.70536
   8.03117        40       382         0        0.72917
   8.03802        35       386         0        0.73214
   8.04487        30       386         0        0.72917
   8.05172        28       382         0        0.72321
   8.05857        40       348         0        0.74702
   8.06542        32       352         0        0.75595
   8.07227        32       361         0        0.73214
   8.07912        28       401         0        0.72321
   8.08597        35       346         0        0.72321
   8.09282        40       459         0        0.73512
   8.09966        47       399         0        0.73810
   8.10651        46       380         0        0.80357
   8.11336        36       421         0        0.75595
   8.12021        29       379         0        0.72321
   8.12706        39       380         0        0.76488
   8.13391        36       351         0        0.74107
   8.14076        31       369         0        0.70536
   8.14761        39       424         0        0.77381
   8.15446        41       380         0        0.73214
   8.16131        51       329         0        0.67560
   8.16816        34       398         0        0.75893
   8.17501        36       425         0        0.74405
   8.18185        37       347         0        0.71726
   8.18870        28       385         0        0.75000
   8.19555        28       389         0        0.72321
   8.20240        26       363         0        0.71131
   8.20925        39       356         0        0.70238
   8.21610        33       330         0        0.69643
   8.22295        39       395         0        0.74405
   8.22980        41       371         0        0.77381
   8.23665        53       406         0        0.72917
   8.24350        39       343         0        0.76190
   8.25035        54       377         0        0.76786
   8.25720        29       423         0        0.77679
   8.26405        46       381         0        0.73810
   8.27089        24       409         0        0.75298
   8.27774        31       416         0        0.78869
   8.28459        29       382         0        0.72917
   8.29144        50       378         0        0.75298
   8.29829        31       365         0        0.69643
   8.30514        26       357         0        0.71726
   8.30972        32       398         0        0.74702
   8.31657        42       386         0        0.76190
   8.32342        30       366         0        0.74107
   8.33027        34       352         0        0.77976
   8.33712        46       406         0        0.76190
   8.34397        46       359         0        0.74107
   8.35082        43       372         0        0.76488
   8.35766        55       385         0        0.75893
   8.36451        36       357         0        0.73810
   8.37136        40       378         0        0.75000
   8.37821        30       440         0        0.76488
   8.38506        36       359         0        0.75893
   8.39191        36       401         0        0.77083
   8.39876        46       400         0        0.75000
   8.40561        37       368         0        0.77679
   8.41246        40       359         0        0.75595
   8.41931        51       428         0        0.78571
   8.42616        39       378         0        0.76190
   8.43301        36       371         0        0.80655
   8.43986        31       389         0        0.76488
   8.44670        35       415         0        0.79464
   8.45355        32       394         0        0.73512
   8.46040        56       372         0        0.72917
   8.46725        46       368         0        0.72321
   8.47410        41       372         0        0.75595
   8.48095        55       382         0        0.74107
   8.48780        47       320         0        0.68750
   8.49465        38       355         0        0.75893
   8.50150        41       347         0        0.73214
   8.50835        47       376         0        0.75298
   8.51520        32       366         0        0.76488
   8.52205        37       378         0        0.76786
   8.52889        39       398         0        0.73214
   8.53574        30       378         0        0.77083
   8.54259        35       382         0        0.77381
   8.54944        36       357         0        0.73810
   8.55629        32       379         0        0.77976
   8.56314        31       339         0        0.69940
   8.56999        29       396         0        0.75595
   8.57684        48       392         0        0.76488
   8.58369        46       362         0        0.74405
   8.59054        48       382         0        0.72917
   8.59739        36       389         0        0.77679
   8.60424        45       380         0        0.76488
   8.61109        36       399         0        0.75298
   8.61793        24       342         0        0.72619
   8.62478        38       392         0        0.78274
   8.63163        44       391         0        0.76190
   8.63848        39       384         0        0.76190
   8.64533        43       354         0        0.73214
   8.65218        45       359         0        0.74702
   8.65903        42       408         0        0.72917
   8.66588        44       390         0        0.74702
   8.67273        35       372         0        0.75000
   8.67958        42       370         0        0.75595
   8.68430        37       393         0        0.77381
   8.69115        32       395         0        0.77083
   8.69800        35       406         0        0.77976
   8.70485        39       396         0        0.75595
   8.71170        35       384         0        0.75000
   8.71855        35       378         0        0.77083
   8.72540        47       380         0        0.74405
   8.73224        51       341         0        0.74107
   8.73909        19       376         0        0.75298
   8.74594        40       412         0        0.77976
   8.75279        32       371         0        0.77381
   8.75964        34       338         0        0.70536
   8.76649        38       401         0        0.77976
   8.77334        32       340         0        0.73810
   8.78019        40       394         0        0.75000
   8.78704        51       375         0        0.76190
   8.79389        37       384         0        0.74107
   8.80074        32       397         0        0.79167
   8.80759        28       371         0        0.78869
   8.81443        36       396         0        0.78274
   8.82128        38       413         0        0.74107
   8.82813        33       378         0        0.75893
   8.83498        40       370         0        0.73512
   8.84183        51       378         0        0.74702
   8.84868        30       340         0        0.75298
   8.85553        36       387         0        0.70238
   8.86238        65       302         0        0.70238
   8.86923        64       356         0        0.75000
   8.87608        47       329         0        0.72917
   8.88293        39       341         0        0.70833
   8.88978        52       369         0        0.70833
   8.89663        72       364         0        0.73214
   8.90347        74       360         0        0.74702
   8.91032        53       327         0        0.75595
   8.91717        47       296         0        0.72024
   8.92402        50       365         0        0.72917
   8.93087        57       353         0        0.77083
   8.93772        47       327         0        0.75595
   8.94457        64       337         0        0.73214
   8.95142        58       406         0        0.77381
   8.95827        57       371         0        0.75298
   8.96512        41       320         0        0.68452
   8.97197        49       407         0        0.70536
   8.97882        51       375         0        0.71726
   8.98566        46       366         0        0.72917
   8.99251        53       374         0        0.73512
   8.99936        50       348         0        0.71726
   9.00621        58       386         0        0.77381
   9.01306        69       404         0        0.72917
   9.01991        47       395         0        0.73512
   9.02676        56       339         0        0.75893
   9.03361        41       365         0        0.71726
   9.04046        70       362         0        0.76190
   9.04731        54       369         0        0.74702
   9.05416        59       353         0        0.73512
   9.05872        63       381         0        0.77976
   9.06557        57       332         0        0.73214
   9.07241        61       384         0        0.73214
   9.07926        57       334         0        0.71429
   9.08611        49       337         0        0.74107
   9.09296        48       333         0        0.74107
   9.09981        45       345         0        0.75595
   9.10666        54       336         0        0.74107
   9.11351        35       333         0        0.72321
   9.12036        35       367         0        0.74405
   9.12721        35       356         0        0.75298
   9.13406        37       387         0        0.73214
   9.14091        43       385         0        0.74405
   9.14776        29       355         0        0.72024
   9.15461        38       370         0        0.75595
   9.16145        37       344         0        0.73810
   9.16830        32       352         0        0.72619
   9.17515        41       380         0        0.76786
   9.18200        40       349         0        0.70238
   9.18885        51       425         0        0.82143
   9.19570        35       330         0        0.70536
   9.20255        38       343         0        0.73214
   9.20940        35       445         0        0.76190
   9.21625        48       394         0        0.75298
   9.22310        35       386         0        0.73810
   9.22995        33       404         0        0.73512
   9.23680        63       372         0        0.74107
   9.24364        52       408         0        0.75298
   9.25049        42       416         0        0.74702
   9.25734        26       347         0        0.74107
   9.26419        36       352         0        0.70238
   9.27104        39       359         0        0.72917
   9.27789        45       388         0        0.77381
   9.28474        38       376         0        0.76190
   9.29159        39       355         0        0.75298
   9.29844        36       409         0        0.77083
   9.30529        34       386         0        0.78274
   9.31214        37       370         0        0.77679
   9.31899        65       411         0        0.72321
   9.32584        34       368         0        0.73214
   9.33268        46       405         0        0.78571
   9.33953        39       378         0        0.76190
   9.34638        54       393         0        0.75298
   9.35323        30       376         0        0.76488
   9.36008        33       381         0        0.75595
   9.36693        37       329         0        0.71131
   9.37378        48       394         0        0.76786
   9.38063        34       377         0        0.77976
   9.38748        46       381         0        0.75298
   9.39433        41       365         0        0.73810
   9.40118        36       411         0        0.80357
   9.40803        28       381         0        0.75893
   9.41487        37       369         0        0.77679
   9.42172        32       343         0        0.74702
   9.42857        40       357         0        0.77679
   9.43360        36       353         0        0.76786
