   0.00587         0         0         0        0.00000
   0.01203         0         0         0        0.00000
   0.01204         0         0         0        0.00000
   0.01828         0         0         0        0.00000
   0.01860         0         0         0        0.00000
   0.02494         0         0         0        0.00000
   0.02561         0         0         0        0.00000
   0.03208         0         0         0        0.00000
   0.03315         0         0         0        0.00000
   0.03968         0         0         0        0.00000
   0.04488         0         0         0        0.00000
   0.05148         0         0         0        0.00000
   0.05706         4         0         0        0.00595
   0.06372         0         0         0        0.00000
   0.07039         8         0         0        0.01190
   0.07394         4         0         0        0.02083
   0.08069         8         0         0        0.01190
   0.08744         2         0         0        0.00595
   0.09419         8         0         0        0.01190
   0.09596         0         0         0        0.00000
   0.10281         4         0         0        0.02083
   0.10965         9        12         0        0.04464
   0.11650         0         8         0        0.06845
   0.12335         0         8         0        0.03571
   0.13020         9        30         0        0.06250
   0.13705         8        14         0        0.07738
   0.14390        20        33         0        0.11012
   0.15075        23        64         1        0.16071
   0.15760        15        49         0        0.19345
   0.16445         2        53         0        0.14286
   0.17130        21        56         0        0.15774
   0.17815        15        47         0        0.12500
   0.18500        20        39         0        0.12798
   0.19185         4        64         0        0.13095
   0.19869         0        83         0        0.18750
   0.20554        16        87         0        0.17262
   0.21239        15        99         0        0.23214
   0.21924        10        94         2        0.19643
   0.22609         4        80         0        0.16369
   0.23294        10        86         0        0.19940
   0.23979         8        95         0        0.19940
   0.24664        18        95         0        0.23512
   0.25349         0       105         0        0.25893
   0.26034        14       130         0        0.24107
   0.26719         0        98         0        0.24702
   0.27404        15       123         0        0.27381
   0.28088         6       103         0        0.24107
   0.28773        10       109         0        0.21726
   0.29458         6        86         0        0.16071
   0.30143        16        92         0        0.24107
   0.30828        23       136         0        0.26190
   0.31513        26       110         0        0.24702
   0.32198        17        96         0        0.21726
   0.32883        15        66         0        0.13988
   0.33568        55       101         0        0.28869
   0.34253        20       116         0        0.22321
   0.34938        13       111         0        0.21131
   0.35623        20        90         0        0.20833
   0.36307        29       117         0        0.22321
   0.36992        20        76         0        0.17262
   0.37677        20        96         0        0.23214
   0.38362        26       118         0        0.25595
   0.39047        19       122         0        0.23810
   0.39732        15       105         0        0.23214
   0.40417        18       119         0        0.27679
   0.41102        29       128         0        0.24405
   0.41787        39       192         0        0.33929
   0.42472        27       175         0        0.32738
   0.43157        35       204         1        0.33631
   0.43842        21       175         0        0.30655
   0.44527        25       134         0        0.28571
   0.45211        17       177         0        0.33333
   0.45896        55       198         0        0.41369
   0.46502        17       148         0        0.32143
   0.47187        23       183         0        0.38393
   0.47872        22       197         0        0.31845
   0.48557        34       183         0        0.33929
   0.49242        26       161         0        0.32440
   0.49927        33       216         1        0.43452
   0.50612        39       217         0        0.40179
   0.51297        45       229         0        0.44345
   0.51981        30       228         0        0.42857
   0.52666        47       260         0        0.44345
   0.53351        42       198         0        0.38393
   0.54036        44       230         0        0.43452
   0.54721        49       201         0        0.43452
   0.55406        50       214         0        0.47321
   0.56091        46       209         0        0.44643
   0.56776        54       182         0        0.40476
   0.57461        56       196         0        0.48512
   0.58146        60       221         0        0.47321
   0.58831        50       215         0        0.41071
   0.59516        67       202         0        0.41667
   0.60200        47       173         0        0.38690
   0.60885        38       205         0        0.42857
   0.61570        51       203         0        0.45536
   0.62255        28       204         0        0.44940
   0.62940        58       200         0        0.45833
   0.63625        41       197         0        0.43452
   0.64310        59       202         0        0.44345
   0.64995        51       222         0        0.47321
   0.65680        41       235         0        0.45833
   0.66365        44       246         0        0.49107
   0.67050        46       227         0        0.47321
   0.67735        47       246         0        0.48512
   0.68420        30       273         0        0.53274
   0.69104        40       247         0        0.48810
   0.69789        55       212         0        0.44940
   0.70474        41       232         0        0.44643
   0.71159        34       198         0        0.41369
   0.71844        53       182         0        0.41369
   0.72529        36       202         0        0.48810
   0.73214        51       160         0        0.44048
   0.73899        70       190         0        0.41964
   0.74584        69       225         0        0.44048
   0.75269        67       186         0        0.40179
   0.75954        73       221         0        0.48512
   0.76639        67       214         0        0.50298
   0.77323        75       201         0        0.44643
   0.78008        69       212         0        0.45238
   0.78693        57       229         0        0.49405
   0.79378        60       229         0        0.47024
   0.80063        59       224         0        0.45536
   0.80748        55       212         0        0.48214
   0.81433        52       227         0        0.43750
   0.82118        65       253         2        0.50000
   0.82803        75       204         0        0.50000
   0.83488        65       225         0        0.44643
   0.83507        67       224         0        0.43452
   0.84192        63       204         0        0.48512
   0.84877        53       244         0        0.50000
   0.85562        51       221         0        0.48810
   0.86247        62       238         0        0.51786
   0.86932        56       207         0        0.46131
   0.87616        64       224         0        0.49107
   0.88301        60       208         0        0.46429
   0.88986        57       243         0        0.48512
   0.89671        67       307         0        0.52381
   0.90356        78       271         0        0.52083
   0.91041        57       210         0        0.47024
   0.91726        78       212         0        0.47024
   0.92411        62       259         0        0.50298
   0.93096        83       231         0        0.50298
   0.93781        57       259         0        0.52381
   0.94466        56       258         0        0.51488
   0.95151        49       242         0        0.51190
   0.95836        74       211         0        0.47619
   0.96520        63       187         2        0.49107
   0.97205        99       219         0        0.46429
   0.97890        62       232         0        0.51190
   0.98575        70       256         0        0.52976
   0.99260       105       240         0        0.51786
   0.99945        83       222         0        0.54167
   1.00630        73       226         0        0.55655
   1.01315        94       249         0        0.58631
   1.02000        71       233         0        0.51786
   1.02685        73       249         0        0.52679
   1.03370        72       214         0        0.54167
   1.04055        63       249         0        0.54464
   1.04739        77       248         0        0.56250
   1.05424        72       250         0        0.56250
   1.06109        92       252         0        0.58333
   1.06794        83       219         0        0.58929
   1.07479        87       221         0        0.56845
   1.08164        97       240         0        0.56845
   1.08849        73       250         0        0.54762
   1.09534        85       196         0        0.50893
   1.10219        90       181         0        0.50000
   1.10904        87       230         0        0.55655
   1.11589        96       214         0        0.59226
   1.12274        91       200         0        0.55952
   1.12959        95       254         0        0.57143
   1.13643        83       208         0        0.55357
   1.14328        89       261         0        0.55952
   1.15013        85       283         0        0.56548
   1.15698       129       286         0        0.63988
   1.16383       103       233         0        0.57143
   1.17068        73       241         0        0.58333
   1.17753       106       231         0        0.55952
   1.18438        86       205         0        0.55357
   1.19123       125       229         0        0.57440
   1.19808       127       236         0        0.56845
   1.20493       130       204         0        0.57143
   1.20610       139       241         0        0.59821
   1.21295       161       282         0        0.58333
   1.21980       146       217         0        0.58036
   1.22665       126       211         0        0.54167
   1.23350       137       214         0        0.54167
   1.24035       148       211         0        0.60417
   1.24720       114       217         0        0.52679
   1.25405       120       194         0        0.53274
   1.26089       116       200         0        0.54762
   1.26774       134       227         0        0.56845
   1.27459       103       215         0        0.58333
   1.28144       131       248         0        0.61607
   1.28829       130       233         0        0.58631
   1.29514       112       229         0        0.58929
   1.30199       111       201         0        0.60417
   1.30884       120       217         0        0.55655
   1.31569       135       218         0        0.58333
   1.32254       117       260         0        0.61905
   1.32939       148       223         0        0.62500
   1.33624       143       207         0        0.61905
   1.34308       176       215         0        0.61012
   1.34993       166       246         0        0.61905
   1.35678       161       220         0        0.63988
   1.36363       151       235         0        0.64583
   1.37048       176       229         0        0.62500
   1.37733       117       206         0        0.58631
   1.38418       172       226         0        0.66369
   1.39103       141       220         0        0.61310
   1.39788       134       214         0        0.63988
   1.40473       110       235         0        0.59226
   1.41158       152       199         0        0.63393
   1.41843       154       222         0        0.65476
   1.42528       143       214         0        0.65476
   1.43212       123       214         0        0.59821
   1.43897       167       240         1        0.69048
   1.44582       122       220         0        0.60417
   1.45267       142       227         0        0.62798
   1.45952       140       221         0        0.63690
   1.46637       139       254         0        0.64583
   1.47322       161       268         0        0.62202
   1.48007       182       244         0        0.65179
   1.48692       166       225         0        0.63095
   1.49377       148       207         0        0.61607
   1.50062       120       225         0        0.62202
   1.50747       147       248         0        0.60417
   1.51431       139       234         0        0.62202
   1.52116       109       227         0        0.60417
   1.52801       137       241         0        0.61012
   1.53486       134       196         0        0.58036
   1.54171       146       242         0        0.60119
   1.54856       168       260         0        0.63095
   1.55541       141       232         0        0.63095
   1.56226       101       221         0        0.61310
   1.56911       112       234         0        0.56845
   1.57596       104       247         0        0.61012
   1.57823       127       230         0        0.58929
   1.58508       126       209         0        0.60119
   1.59193       164       238         0        0.63095
   1.59878       119       190         0        0.59524
   1.60563       122       212         0        0.62798
   1.61247       107       267         0        0.63988
   1.61932        86       236         0        0.63988
   1.62617       111       245         0        0.66071
   1.63302       126       286         0        0.65774
   1.63987       123       252         0        0.62500
   1.64672        92       222         0        0.59524
   1.65357       109       235         0        0.61012
   1.66042        87       329         0        0.63690
   1.66727        99       278         0        0.62500
   1.67412        98       249         0        0.67262
   1.68097       100       306         0        0.64881
   1.68782       105       292         0        0.66667
   1.69467       106       263         0        0.63393
   1.70151       100       312         0        0.71131
   1.70836        88       278         0        0.67262
   1.71521       105       329         0        0.75000
   1.72206       118       296         0        0.68155
   1.72891       104       285         0        0.69048
   1.73576       110       313         0        0.69643
   1.74261        94       292         0        0.67560
   1.74946       105       295         0        0.68452
   1.75631       109       310         0        0.71131
   1.76316       113       271         0        0.68155
   1.77001       102       311         0        0.66667
   1.77686       105       268         0        0.68452
   1.78370       112       290         0        0.70833
   1.79055        94       270         0        0.64881
   1.79740       111       295         0        0.67857
   1.80425        95       283         0        0.69048
   1.81110       114       287         0        0.62500
   1.81795        82       264         0        0.60417
   1.82480        98       270         0        0.65774
   1.83165       108       278         0        0.64881
   1.83850       106       266         0        0.68155
   1.84535       129       285         0        0.61310
   1.85220       127       290         1        0.63988
   1.85905       100       325         0        0.65179
   1.86590       114       305         0        0.68452
   1.87274       101       225         0        0.64881
   1.87959        87       246         0        0.58929
   1.88644       101       268         0        0.62500
   1.89329       121       282         0        0.60417
   1.90014       110       270         0        0.60714
   1.90699       125       329         0        0.65476
   1.91384       118       288         0        0.67560
   1.92069        97       294         0        0.65476
   1.92754        92       293         0        0.62798
   1.93439       120       341         0        0.73512
   1.94124       110       283         0        0.66667
   1.94809       114       263         0        0.63988
   1.95052       108       258         0        0.64881
   1.95737       104       301         0        0.68155
   1.96422        97       290         0        0.61905
   1.97107       123       308         0        0.66964
   1.97792       106       272         0        0.63988
   1.98477        94       284         0        0.64286
   1.99162       113       314         0        0.63095
   1.99847       106       266         0        0.61310
   2.00532       104       289         0        0.63095
   2.01216       114       325         0        0.67262
   2.01901       104       286         0        0.65179
   2.02586       115       285         0        0.63095
   2.03271       122       312         0        0.62500
   2.03956       112       322         0        0.63690
   2.04641       125       313         0        0.68750
   2.05326       116       289         0        0.63095
   2.06011       100       308         0        0.66667
   2.06696        81       270         0        0.59821
   2.07381       123       272         0        0.59821
   2.08066       131       283         0        0.63393
   2.08751        96       291         0        0.64881
   2.09435       105       255         1        0.64881
   2.10120        93       308         0        0.65179
   2.10805        99       273         0        0.58631
   2.11490        94       251         0        0.60714
   2.12175       112       323         0        0.64286
   2.12860        98       279         0        0.68155
   2.13545        90       314         0        0.64881
   2.14230       122       318         0        0.67560
   2.14915       100       323         0        0.63095
   2.15600       109       277         0        0.66667
   2.16285        94       269         0        0.64286
   2.16970        85       264         0        0.60714
   2.17655        89       280         0        0.63988
   2.18339       111       273         0        0.67262
   2.19024       123       286         0        0.66071
   2.19709       118       326         0        0.66964
   2.20394       112       308         0        0.64583
   2.21079       132       294         0        0.68155
   2.21764        93       282         0        0.66369
   2.22449        85       306         0        0.61905
   2.23134        90       275         0        0.61607
   2.23819       113       273         0        0.63690
   2.24504       104       276         0        0.63095
   2.25189        90       289         0        0.65179
   2.25874       112       354         0        0.64881
   2.26558        98       292         0        0.68452
   2.27243       111       287         0        0.67857
   2.27928       132       351         0        0.71131
   2.28613       105       290         0        0.66964
   2.29298       101       303         0        0.67857
   2.29983       130       310         0        0.66964
   2.30668       167       258         0        0.67262
   2.31353       129       280         0        0.67262
   2.32038       109       315         0        0.68155
   2.32294       105       324         0        0.64583
   2.32979       114       316         0        0.68750
   2.33664       110       290         0        0.72321
   2.34349       105       282         0        0.60417
   2.35034       100       252         0        0.63988
   2.35719       120       254         0        0.64286
   2.36404       112       334         0        0.63690
   2.37088       101       245         0        0.62500
   2.37773       115       312         0        0.66071
   2.38458       114       242         0        0.64583
   2.39143       115       246         0        0.65774
   2.39828       140       225         0        0.64881
   2.40513       122       289         0        0.63095
   2.41198       126       225         0        0.63988
   2.41883       136       249         0        0.66071
   2.42568       119       264         0        0.62500
   2.43253       106       214         0        0.61012
   2.43938       130       265         0        0.63393
   2.44623       118       257         0        0.59821
   2.45308       108       215         0        0.63095
   2.45992       152       260         0        0.63690
   2.46677       122       273         0        0.66369
   2.47362       136       268         0        0.64583
   2.48047       134       277         0        0.66964
   2.48732       132       288         0        0.67857
   2.49417       145       304         0        0.67560
   2.50102       140       308         0        0.67857
   2.50787       139       276         0        0.67560
   2.51472       123       235         0        0.64583
   2.52157        97       232         0        0.61012
   2.52842       120       254         0        0.69940
   2.53527       132       260         0        0.65476
   2.54211       139       259         0        0.65476
   2.54896       123       223         0        0.62500
   2.55581       124       196         0        0.63393
   2.56266       140       222         0        0.64583
   2.56951       125       226         0        0.58631
   2.57636       113       199         0        0.60119
   2.58321       132       222         0        0.58036
   2.59006       131       210         0        0.59524
   2.59691       113       191         0        0.57738
   2.60376       138       200         0        0.63393
   2.61061       144       242         0        0.63393
   2.61746       111       228         0        0.65476
   2.62430       119       230         0        0.61607
   2.63115       115       234         0        0.58929
   2.63800       138       233         0        0.65774
   2.64485       129       239         0        0.65476
   2.65170       143       227         3        0.66369
   2.65855       114       230         0        0.62500
   2.66540       121       242         0        0.65476
   2.67225       118       197         0        0.61012
   2.67910       117       235         0        0.61310
   2.68595       141       263         0        0.65179
   2.69280       119       226         0        0.64583
   2.69607       128       225         0        0.64286
   2.70292       147       227         0        0.67262
   2.70977       141       219         0        0.63988
   2.71662        98       247         0        0.60417
   2.72346       140       276         0        0.65476
   2.73031       119       230         0        0.63393
   2.73716       157       267         0        0.66667
   2.74401       134       244         0        0.63988
   2.75086       134       229         0        0.64286
   2.75771       126       240         0        0.63393
   2.76456       138       229         0        0.64583
   2.77141       127       246         0        0.60417
   2.77826       135       245         0        0.67560
   2.78511       126       221         0        0.64881
   2.79196       140       245         0        0.69643
   2.79881       118       230         0        0.68452
   2.80566       138       253         0        0.66369
   2.81250       125       254         0        0.70238
   2.81935       137       247         0        0.68155
   2.82620       145       235         0        0.65774
   2.83305       128       244         0        0.63393
   2.83990       136       191         0        0.59524
   2.84675       128       218         0        0.65476
   2.85360       139       236         0        0.64881
   2.86045       102       195         0        0.58333
   2.86730       155       277         0        0.66964
   2.87415       121       217         0        0.61310
   2.88100       148       221         0        0.63095
   2.88785       142       241         0        0.64881
   2.89469       134       253         0        0.62500
   2.90154       133       255         0        0.64583
   2.90839       137       210         0        0.63393
   2.91524       167       246         0        0.66071
   2.92209       132       198         0        0.61607
   2.92894       126       230         0        0.65179
   2.93579       144       256         0        0.65774
   2.94264       142       221         0        0.61607
   2.94949       150       243         0        0.65179
   2.95634       145       241         0        0.63095
   2.96319       129       272         0        0.64881
   2.97004       125       230         0        0.61905
   2.97689       103       241         0        0.63393
   2.98373       116       255         0        0.67857
   2.99058       114       255         0        0.64583
   2.99743       114       229         0        0.62202
   3.00428       113       242         0        0.66964
   3.01113       151       255         0        0.66369
   3.01798       144       247         0        0.66369
   3.02483       139       272         0        0.68452
   3.03168       140       186         0        0.60119
   3.03853       136       194         0        0.62798
   3.04538       154       222         0        0.65476
   3.05223       120       220         0        0.63095
   3.05908       124       251         0        0.61310
   3.06592       129       222         0        0.63393
   3.06920       150       209         0        0.62798
   3.07605       117       222         0        0.64881
   3.08290       157       211         0        0.65774
   3.08975       150       247         0        0.66964
   3.09660       122       243         0        0.62798
   3.10345       134       252         0        0.65476
   3.11030       140       239         0        0.66667
   3.11715       141       238         0        0.63690
   3.12400       166       239         0        0.67262
   3.13085       133       247         0        0.66369
   3.13769       163       265         0        0.63690
   3.14454       139       251         0        0.65476
   3.15139       159       211         0        0.66964
   3.15824       122       225         0        0.63393
   3.16509       164       253         0        0.64286
   3.17194       128       276         0        0.66667
   3.17879       144       231         0        0.66369
   3.18564       126       242         0        0.66369
   3.19249       147       236         0        0.64583
   3.19934       124       243         0        0.65476
   3.20619       129       272         0        0.69940
   3.21304       149       223         0        0.65476
   3.21989       139       254         0        0.63393
   3.22673       144       256         0        0.64881
   3.23358       147       257         0        0.65179
   3.24043       151       260         0        0.66964
   3.24728       147       237         0        0.64583
   3.25413       125       258         0        0.66071
   3.26098       168       271         0        0.65774
   3.26783       138       247         0        0.64583
   3.27468       154       284         0        0.71429
   3.28153       153       281         0        0.68750
   3.28838       125       267         0        0.69643
   3.29523       150       256         0        0.65476
   3.30208       133       239         0        0.64286
   3.30892       159       258         0        0.64286
   3.31577       150       292         0        0.66369
   3.32262       132       259         0        0.66071
   3.32947       149       275         0        0.69940
   3.33632       139       301         0        0.68155
   3.34317       140       243         0        0.62202
   3.35002       145       271         0        0.63393
   3.35687       144       282         0        0.66964
   3.36372       171       264         0        0.67262
   3.37057       134       248         0        0.65774
   3.37742       139       283         0        0.63988
   3.38427       139       300         0        0.67262
   3.39112       124       240         0        0.58929
   3.39796       145       290         0        0.67857
   3.40481       161       289         0        0.70238
   3.41166       156       295         0        0.72321
   3.41851       134       262         0        0.69940
   3.42536       147       259         0        0.69940
   3.43221       173       234         0        0.64583
   3.43906       151       234         0        0.66369
   3.44245       146       291         0        0.70833
   3.44930       152       244         0        0.65774
   3.45615       157       254         0        0.67560
   3.46300       148       262         0        0.69643
   3.46985       151       276         0        0.69048
   3.47670       125       287         0        0.66667
   3.48355       140       285         0        0.69345
   3.49040       139       282         0        0.65179
   3.49725       137       283         0        0.67560
   3.50409       164       286         0        0.67857
   3.51094       139       239         0        0.60714
   3.51779       133       245         0        0.66964
   3.52464       129       259         0        0.66667
   3.53149       128       269         0        0.66964
   3.53834       152       310         0        0.70536
   3.54519       148       262         0        0.66369
   3.55204       153       248         0        0.70238
   3.55889       141       256         0        0.65774
   3.56574       149       273         0        0.66667
   3.57259       144       253         0        0.67262
   3.57944       154       222         0        0.64286
   3.58628       138       267         0        0.65179
   3.59313       151       293         0        0.68452
   3.59998       120       272         0        0.66667
   3.60683       147       222         0        0.63690
   3.61368       141       240         0        0.62202
   3.62053       151       236         0        0.64583
   3.62738       128       266         0        0.66071
   3.63423       161       280         0        0.66964
   3.64108       140       262         0        0.64881
   3.64793       148       270         0        0.65774
   3.65478       150       241         0        0.62798
   3.66163       136       260         0        0.66369
   3.66848       152       253         0        0.63988
   3.67532       167       237         0        0.65476
   3.68217       147       235         0        0.65774
   3.68902       150       267         0        0.69940
   3.69587       124       235         0        0.62202
   3.70272       148       258         0        0.65179
   3.70957       139       308         0        0.68750
   3.71642       143       283         0        0.67262
   3.72327       155       260         0        0.65179
   3.73012       136       276         0        0.66667
   3.73697       135       235         0        0.61012
   3.74382       143       264         0        0.63690
   3.75067       168       278         0        0.69345
   3.75751       148       298         0        0.68452
   3.76436       132       229         0        0.61607
   3.77121       153       260         0        0.65179
   3.77806       151       263         0        0.63690
   3.78491       133       248         0        0.64583
   3.79176       147       241         0        0.64583
   3.79861       157       212         0        0.61310
   3.80546       165       261         0        0.66964
   3.81231       149       280         0        0.66964
   3.81540       176       245         0        0.62500
   3.82225       151       257         0        0.65774
   3.82909       160       264         0        0.60417
   3.83594       172       270         0        0.67560
   3.84279       146       297         0        0.65774
   3.84964       165       282         0        0.63393
   3.85649       142       240         0        0.63095
   3.86334       142       230         0        0.63393
   3.87019       147       263         0        0.61607
   3.87704       121       244         0        0.63095
   3.88389       119       249         0        0.63095
   3.89074       128       237         0        0.65179
   3.89759       114       282         0        0.64881
   3.90444       128       260         0        0.63988
   3.91128       155       272         0        0.65476
   3.91813       147       275         0        0.68750
   3.92498       150       243         0        0.66071
   3.93183       144       253         0        0.65476
   3.93868       146       248         0        0.66369
   3.94553       145       263         0        0.67857
   3.95238       150       275         0        0.65774
   3.95923       171       237         0        0.61607
   3.96608       144       240         0        0.67262
   3.97293       119       244         0        0.60119
   3.97978       151       228         0        0.64286
   3.98663       138       250         0        0.64881
   3.99348       148       249         0        0.64583
   4.00032       126       275         0        0.63095
   4.00717       141       253         0        0.63393
   4.01402       169       262         0        0.68155
   4.02087       144       257         0        0.62500
   4.02772       139       242         0        0.63690
   4.03457       135       225         0        0.60417
   4.04142       160       279         0        0.67262
   4.04827       162       227         0        0.61607
   4.05512       141       225         0        0.62202
   4.06197       121       252         0        0.66071
   4.06882       134       296         0        0.67560
   4.07567       122       208         0        0.62798
   4.08251       156       234         0        0.64881
   4.08936       146       250         0        0.70536
   4.09621       120       239         0        0.62798
   4.10306       128       236         0        0.62500
   4.10991       131       230         0        0.63690
   4.11676       150       256         0        0.64881
   4.12361       139       226         0        0.66071
   4.13046       150       220         0        0.64583
   4.13731       135       242         0        0.63690
   4.14416       143       247         0        0.67560
   4.15101       124       265         0        0.65476
   4.15786       143       267         0        0.66369
   4.16471       151       295         0        0.69345
   4.17155       132       265         0        0.64286
   4.17840       156       291         0        0.66369
   4.18525       154       271         0        0.65476
   4.18829       146       254         0        0.61905
   4.19514       118       233         0        0.62202
   4.20199       158       285         0        0.66369
   4.20883       152       279         0        0.67857
   4.21568       119       224         0        0.60714
   4.22253       152       250         0        0.68452
   4.22938       126       243         0        0.62202
   4.23623       157       234         0        0.63393
   4.24308       133       296         0        0.62202
   4.24993       152       262         0        0.65774
   4.25678       116       235         0        0.63690
   4.26363       114       263         0        0.63988
   4.27048       130       262         0        0.64583
   4.27733       148       274         0        0.65476
   4.28418       135       280         0        0.68452
   4.29102       169       266         0        0.69643
   4.29787       126       232         0        0.67262
   4.30472       140       278         0        0.71726
   4.31157       141       263         0        0.62500
   4.31842       155       261         0        0.65476
   4.32527       139       251         0        0.63988
   4.33212       149       233         0        0.62202
   4.33897       133       273         0        0.67560
   4.34582       137       259         0        0.66964
   4.35267       151       319         0        0.69048
   4.35952       142       271         0        0.66369
   4.36637       125       295         0        0.62500
   4.37322       127       249         0        0.63988
   4.38006       152       275         0        0.65179
   4.38691       128       256         0        0.62798
   4.39376       131       260         0        0.65774
   4.40061       158       286         0        0.67262
   4.40746       132       266         0        0.66369
   4.41431       129       261         0        0.62798
   4.42116       143       288         0        0.66369
   4.42801       134       314         0        0.66369
   4.43486       132       222         0        0.64583
   4.44171       131       266         0        0.66369
   4.44856       133       252         0        0.61310
   4.45541       144       241         0        0.63393
   4.46225       147       294         0        0.65476
   4.46910       163       281         0        0.64286
   4.47595       153       255         0        0.67560
   4.48280       157       255         0        0.63988
   4.48965       129       273         0        0.64881
   4.49650       139       250         0        0.63393
   4.50335       159       308         0        0.62500
   4.51020       157       274         0        0.65774
   4.51705       162       310         0        0.68452
   4.52390       136       239         0        0.61905
   4.53075       148       281         0        0.66369
   4.53760       162       278         0        0.68452
   4.54445       137       249         0        0.64286
   4.55129       140       263         0        0.60714
   4.55814       138       293         0        0.63393
   4.56119       145       309         0        0.65476
   4.56803       141       295         0        0.62500
   4.57488       148       213         0        0.60417
   4.58173       163       234         0        0.63393
   4.58858       142       260         0        0.62500
   4.59543       144       253         0        0.65179
   4.60228       145       231         0        0.59821
   4.60913       166       246         0        0.62202
   4.61598       138       237         0        0.64286
   4.62283       149       269         0        0.62202
   4.62968       132       240         0        0.63988
   4.63653       148       246         0        0.65774
   4.64338       144       266         0        0.65179
   4.65022       161       228         0        0.68452
   4.65707       126       238         0        0.63988
   4.66392       148       275         0        0.67262
   4.67077       148       245         0        0.63690
   4.67762       150       241         0        0.64286
   4.68447       133       248         0        0.63690
   4.69132       127       259         0        0.64286
   4.69817       144       267         0        0.63690
   4.70502       140       236         0        0.66369
   4.71187       141       275         0        0.62500
   4.71872       146       242         0        0.63690
   4.72557       146       259         0        0.66964
   4.73242       157       242         0        0.66071
   4.73926       137       290         0        0.64583
   4.74611       131       254         0        0.66964
   4.75296       136       202         0        0.61905
   4.75981       153       259         0        0.66369
   4.76666       128       270         0        0.65774
   4.77351       136       218         0        0.64583
   4.78036       141       246         0        0.64881
   4.78721       146       262         0        0.65179
   4.79406       147       243         0        0.63393
   4.80091       149       251         0        0.64583
   4.80776       144       234         0        0.66071
   4.81461       152       281         0        0.65774
   4.82145       140       252         0        0.64583
   4.82830       129       230         0        0.58036
   4.83515       161       258         0        0.66071
   4.84200       114       246         0        0.66667
   4.84885       145       244         0        0.64583
   4.85570       123       219         0        0.64583
   4.86255       149       240         0        0.65179
   4.86940       152       290         0        0.64583
   4.87625       141       229         0        0.61905
   4.88310       151       264         0        0.65476
   4.88995       143       249         0        0.63095
   4.89680       159       274         0        0.65774
   4.90365       159       260         0        0.66964
   4.91049       139       261         0        0.66071
   4.91734       162       285         0        0.71726
   4.92419       136       259         0        0.65476
   4.93104       146       247         0        0.67560
   4.93395       160       277         0        0.65476
   4.94080       143       297         0        0.68452
   4.94765       152       247         0        0.64286
   4.95450       126       258         0        0.62202
   4.96135       153       256         0        0.67262
   4.96820       168       281         0        0.69643
   4.97505       116       241         0        0.62500
   4.98190       124       233         0        0.65774
   4.98874       131       236         0        0.61607
   4.99559       131       212         0        0.59821
   5.00244       159       282         0        0.68452
   5.00929       131       247         0        0.63393
   5.01614       164       250         0        0.63690
   5.02299       147       245         0        0.59226
   5.02984       158       253         1        0.63095
   5.03669       151       241         0        0.62798
   5.04354       131       223         1        0.60714
   5.05039       152       223         0        0.61310
   5.05724       138       251         0        0.64881
   5.06409       117       244         0        0.65476
   5.07093       166       254         0        0.65179
   5.07778       143       245         0        0.66667
   5.08463       145       295         0        0.67262
   5.09148       137       241         0        0.65476
   5.09833       141       269         0        0.63988
   5.10518       132       253         0        0.62500
   5.11203       165       263         0        0.65476
   5.11888       146       239         0        0.63690
   5.12573       132       224         0        0.63393
   5.13258       146       239         0        0.65476
   5.13943       165       267         0        0.66071
   5.14628       148       241         0        0.63393
   5.15313       121       247         0        0.64583
   5.15997       132       237         0        0.64881
   5.16682       157       245         0        0.63988
   5.17367       122       240         0        0.60417
   5.18052       147       241         0        0.67560
   5.18737       159       228         0        0.69940
   5.19422       133       216         0        0.64881
   5.20107       162       229         0        0.64881
   5.20792       155       252         0        0.63988
   5.21477       147       287         0        0.66667
   5.22162       141       241         0        0.63988
   5.22847       140       244         0        0.63393
   5.23532       126       262         0        0.61310
   5.24216       151       259         0        0.63393
   5.24901       140       248         0        0.66964
   5.25586       148       269         0        0.67262
   5.26271       160       301         0        0.66071
   5.26956       149       262         0        0.65476
   5.27641       116       263         0        0.59524
   5.28326       142       233         0        0.58631
   5.29011       150       255         0        0.61905
   5.29696       145       251         0        0.66369
   5.30381       146       254         0        0.63690
   5.30687       136       243         0        0.63393
   5.31372       160       223         0        0.66071
   5.32057       135       221         0        0.64286
   5.32742       128       260         0        0.66071
   5.33427       172       259         0        0.65774
   5.34112       145       247         0        0.66071
   5.34797       143       255         0        0.65774
   5.35482       106       226         0        0.62202
   5.36166       130       249         0        0.66667
   5.36851       128       225         0        0.63393
   5.37536       135       227         0        0.67560
   5.38221       158       239         0        0.63095
   5.38906       124       228         0        0.63988
   5.39591       148       258         0        0.64286
   5.40276       179       202         0        0.65774
   5.40961       135       232         0        0.61607
   5.41646       158       236         0        0.62500
   5.42331       134       231         0        0.62798
   5.43016       142       224         0        0.62500
   5.43701       148       226         0        0.61012
   5.44385       113       218         0        0.60119
   5.45070       143       236         0        0.66071
   5.45755       139       232         0        0.64881
   5.46440       122       203         0        0.63393
   5.47125       150       221         0        0.63988
   5.47810       135       222         0        0.66369
   5.48495       136       213         0        0.63988
   5.49180       164       247         0        0.68750
   5.49865       139       232         0        0.63988
   5.50550       155       258         0        0.65476
   5.51235       135       226         0        0.67857
   5.51920       153       242         0        0.66667
   5.52605       144       260         0        0.67857
   5.53289       126       224         0        0.63988
   5.53974       126       243         0        0.61607
   5.54659       157       248         0        0.63095
   5.55344       151       235         0        0.63988
   5.56029       160       251         0        0.65179
   5.56714       137       223         0        0.66964
   5.57399       129       245         0        0.65476
   5.58084       158       255         0        0.62798
   5.58769       167       265         0        0.67857
   5.59454       148       224         0        0.64881
   5.60139       143       223         0        0.67262
   5.60824       135       223         0        0.63690
   5.61508       150       207         0        0.64881
   5.62193       145       206         0        0.61607
   5.62878       156       225         0        0.65179
   5.63563       154       270         0        0.65476
   5.64248       140       245         0        0.63690
   5.64933       123       270         0        0.66071
   5.65618       146       248         0        0.62500
   5.66303       127       273         0        0.66964
   5.66988       140       274         0        0.65476
   5.67673       163       250         0        0.66667
   5.67984       158       254         0        0.67262
   5.68669       137       275         0        0.62500
   5.69354       138       233         0        0.62500
   5.70039       142       251         1        0.63988
   5.70724       129       265         0        0.66369
   5.71409       161       246         0        0.63095
   5.72094       150       250         0        0.64881
   5.72779       161       248         0        0.65179
   5.73464       150       260         0        0.64881
   5.74149       140       211         0        0.61607
   5.74834       125       212         0        0.60417
   5.75519       121       241         0        0.58333
   5.76204       147       208         0        0.65774
   5.76888       134       261         0        0.64583
   5.77573       172       217         0        0.65179
   5.78258       124       230         0        0.62500
   5.78943       131       210         0        0.60417
   5.79628       147       211         0        0.61012
   5.80313       141       218         1        0.62798
   5.80998       157       240         0        0.62798
   5.81683       149       274         0        0.69643
   5.82368       136       227         0        0.62798
   5.83053       143       235         0        0.65179
   5.83738       133       256         0        0.64881
   5.84423       125       237         0        0.64881
   5.85107       155       240         0        0.66071
   5.85792       122       234         0        0.63095
   5.86477       130       243         0        0.64286
   5.87162       137       250         0        0.65179
   5.87847       172       252         0        0.65476
   5.88532       127       253         0        0.65774
   5.89217       157       249         0        0.60714
   5.89902       161       216         0        0.63393
   5.90587       156       254         0        0.66071
   5.91272       145       259         0        0.63095
   5.91957       148       224         0        0.62500
   5.92642       139       258         0        0.63095
   5.93327       123       209         0        0.62500
   5.94011       153       272         0        0.64881
   5.94696       137       222         0        0.60119
   5.95381       154       253         0        0.66071
   5.96066       157       255         0        0.65774
   5.96751       132       248         0        0.66667
   5.97436       144       232         0        0.62500
   5.98121       156       254         0        0.62500
   5.98806       166       272         0        0.66667
   5.99491       146       233         0        0.67857
   6.00176       197       205         0        0.63690
   6.00861       154       232         0        0.60714
   6.01546       191       252         0        0.69940
   6.02230       155       236         0        0.66667
   6.02915       150       216         0        0.65774
   6.03600       135       231         0        0.63690
   6.04285       145       220         0        0.66071
   6.04970       153       230         0        0.65476
   6.05257       125       231         0        0.66071
   6.05942       141       247         0        0.63095
   6.06627       158       225         0        0.65774
   6.07311       129       270         0        0.66071
   6.07996       130       245         0        0.69048
   6.08681       158       257         0        0.62798
   6.09366       138       250         0        0.62500
   6.10051       147       237         0        0.61607
   6.10736       144       241         0        0.62798
   6.11421       133       284         0        0.65476
   6.12106       163       251         0        0.66964
   6.12791       166       246         0        0.69940
   6.13476       137       235         0        0.63690
   6.14161       146       232         0        0.66667
   6.14846       131       253         0        0.60119
   6.15531       132       301         0        0.64881
   6.16215       158       316         0        0.66071
   6.16900       154       268         0        0.64286
   6.17585       169       255         0        0.66667
   6.18270       148       236         0        0.62798
   6.18955       160       263         0        0.64286
   6.19640       116       252         0        0.64286
   6.20325       116       262         0        0.66667
   6.21010       149       263         0        0.66667
   6.21695       144       284         0        0.65476
   6.22380       128       252         0        0.67262
   6.23065       153       269         0        0.64583
   6.23750       131       265         0        0.64583
   6.24434       133       248         0        0.64881
   6.25119       141       260         0        0.66369
   6.25804       124       244         0        0.66071
   6.26489       136       249         0        0.64881
   6.27174       144       273         0        0.70833
   6.27859       131       250         0        0.64881
   6.28544       118       257         0        0.68452
   6.29229       132       228         0        0.64881
   6.29914       151       229         0        0.64881
   6.30599       130       239         0        0.65179
   6.31284       134       237         0        0.66071
   6.31969       146       268         0        0.63690
   6.32654       136       236         0        0.65179
   6.33338       148       227         0        0.65774
   6.34023       161       258         0        0.64286
   6.34708       153       292         0        0.67857
   6.35393       127       251         0        0.65774
   6.36078       133       238         0        0.66071
   6.36763       159       281         0        0.69940
   6.37448       134       246         0        0.68452
   6.38133       141       279         0        0.67857
   6.38818       113       266         0        0.63095
   6.39503       137       248         0        0.67857
   6.40188       144       257         0        0.65476
   6.40873       156       253         0        0.65774
   6.41557       138       235         0        0.62798
   6.42242       145       249         0        0.67560
   6.42577       140       258         0        0.66369
   6.43262       137       281         0        0.69940
   6.43947       131       292         0        0.72024
   6.44632       150       293         0        0.72321
   6.45316       151       285         0        0.70238
   6.46001       143       253         0        0.68452
   6.46686       139       280         0        0.69048
   6.47371       131       241         0        0.68750
   6.48056       138       265         0        0.68452
   6.48741       140       294         0        0.69940
   6.49426       126       279         0        0.67857
   6.50111       144       276         0        0.71429
   6.50796       129       234         0        0.66369
   6.51481       143       260         0        0.68155
   6.52166       177       286         0        0.69940
   6.52851       141       239         0        0.64881
   6.53536       135       243         0        0.65476
   6.54220       142       278         0        0.66071
   6.54905       137       292         0        0.64881
   6.55590       135       263         0        0.62202
   6.56275       152       220         0        0.63393
   6.56960       162       208         0        0.65774
   6.57645       139       241         0        0.68452
   6.58330       132       313         0        0.68155
   6.59015       145       255         0        0.66964
   6.59700       151       274         0        0.66369
   6.60385       126       239         0        0.64286
   6.61070       140       254         0        0.62500
   6.61755       137       252         0        0.66071
   6.62439       152       287         0        0.66071
   6.63124       139       308         0        0.69048
   6.63809       135       237         0        0.67560
   6.64494       141       214         0        0.61012
   6.65179       155       242         0        0.68452
   6.65864       130       242         0        0.65179
   6.66549       150       222         0        0.65476
   6.67234       154       242         0        0.63988
   6.67919       146       255         0        0.66369
   6.68604       147       239         0        0.66071
   6.69289       129       251         0        0.63690
   6.69974       146       297         0        0.67560
   6.70658       147       266         0        0.65774
   6.71343       126       274         0        0.68155
   6.72028       117       249         0        0.65476
   6.72713       155       267         0        0.70536
   6.73398       138       249         0        0.64881
   6.74083       134       249         0        0.64583
   6.74768       163       268         0        0.69048
   6.75453       127       233         0        0.63988
   6.76138       156       264         0        0.66964
   6.76823       140       257         0        0.67857
   6.77508       135       246         0        0.68452
   6.78193       155       265         0        0.67262
   6.78878       145       275         0        0.66071
   6.79562       169       272         0        0.66071
   6.79929       143       233         0        0.67560
   6.80614       123       244         0        0.69940
   6.81299       149       249         0        0.64583
   6.81984       145       248         0        0.65774
   6.82669       186       249         0        0.64881
   6.83354       165       268         0        0.68155
   6.84039       131       280         0        0.66369
   6.84724       118       204         0        0.59524
   6.85409       114       246         0        0.61012
   6.86094       178       244         0        0.66369
   6.86778       141       213         0        0.59821
   6.87463       162       234         0        0.64881
   6.88148       139       275         0        0.61905
   6.88833       110       267         0        0.65774
   6.89518       118       246         0        0.64583
   6.90203       149       301         0        0.71131
   6.90888       146       252         0        0.69940
   6.91573       132       289         0        0.65774
   6.92258       158       277         0        0.66667
   6.92943       137       280         0        0.64583
   6.93628       169       264         0        0.66071
   6.94313       151       286         0        0.68155
   6.94997       160       233         0        0.69345
   6.95682       142       251         0        0.65774
   6.96367       163       258         0        0.66071
   6.97052       144       278         0        0.66667
   6.97737       138       298         0        0.65476
   6.98422       151       243         0        0.61607
   6.99107       165       243         0        0.64286
   6.99792       151       269         0        0.63393
   7.00477       139       227         0        0.63095
   7.01162       163       268         0        0.64286
   7.01847       135       203         0        0.60119
   7.02532       173       271         0        0.62798
   7.03217       132       263         0        0.67560
   7.03901       162       281         0        0.67262
   7.04586       141       257         0        0.68452
   7.05271       142       267         0        0.65774
   7.05956       175       265         0        0.62202
   7.06641       118       232         0        0.64286
   7.07326       141       236         0        0.63988
   7.08011       127       226         0        0.62202
   7.08696       133       226         0        0.65476
   7.09381       178       220         0        0.63988
   7.10066       131       220         0        0.63988
   7.10751       135       240         0        0.60119
   7.11436       150       226         0        0.60119
   7.12120       138       233         0        0.61310
   7.12805       151       254         0        0.66667
   7.13490       156       225         0        0.59524
   7.14175       132       218         0        0.62500
   7.14860       146       226         0        0.66369
   7.15545       149       221         0        0.64286
   7.16230       132       248         0        0.61905
   7.16915       172       260         0        0.64881
   7.17215       140       254         0        0.63690
   7.17900       145       302         0        0.68750
   7.18584       153       268         0        0.64881
   7.19269       146       244         0        0.65476
   7.19954       154       199         0        0.61012
   7.20639       159       253         0        0.66964
   7.21324       155       258         0        0.60417
   7.22009       137       233         0        0.63393
   7.22694       124       239         0        0.60714
   7.23379       155       259         0        0.62500
   7.24064       135       252         0        0.63095
   7.24749       148       271         0        0.66071
   7.25434       155       269         0        0.65774
   7.26119       143       271         0        0.64881
   7.26804       124       234         0        0.63988
   7.27488       158       263         0        0.66667
   7.28173       139       264         0        0.63988
   7.28858       148       263         0        0.64881
   7.29543       115       242         0        0.61310
   7.30228       143       213         0        0.60714
   7.30913       137       260         0        0.63393
   7.31598       114       261         0        0.64286
   7.32283       134       294         0        0.67560
   7.32968       145       219         0        0.60119
   7.33653       161       255         0        0.65179
   7.34338       136       250         0        0.66964
   7.35023       147       257         0        0.63690
   7.35707       113       233         0        0.57440
   7.36392       165       251         0        0.63988
   7.37077       132       253         0        0.64881
   7.37762       151       223         0        0.63690
   7.38447       126       271         0        0.65476
   7.39132       141       285         0        0.64583
   7.39817       118       263         0        0.61310
   7.40502       142       248         0        0.65179
   7.41187       146       277         0        0.62500
   7.41872       147       243         0        0.61310
   7.42557       151       265         0        0.65774
   7.43242       158       260         0        0.66667
   7.43927       130       236         0        0.63988
   7.44611       146       264         0        0.68452
   7.45296       168       276         0        0.71429
   7.45981       160       272         0        0.68155
   7.46666       137       297         0        0.67560
   7.47351       156       284         0        0.63393
   7.48036       146       292         0        0.65476
   7.48721       141       282         0        0.64881
   7.49406       165       270         0        0.64583
   7.50091       163       265         0        0.67857
   7.50776       124       242         0        0.64286
   7.51461       128       248         0        0.64583
   7.52146       145       296         0        0.69345
   7.52830       122       265         0        0.66369
   7.53515       159       235         0        0.63690
   7.54200       143       242         0        0.61310
   7.54484       156       236         0        0.65476
   7.55169       139       254         0        0.63095
   7.55854       126       248         0        0.61310
   7.56539       145       263         0        0.68452
   7.57224       153       244         0        0.66964
   7.57909       143       254         0        0.66369
   7.58594       129       225         0        0.60119
   7.59279       168       244         2        0.65179
   7.59964       130       223         0        0.62500
   7.60649       136       233         0        0.65774
   7.61334       129       247         0        0.61012
   7.62019       140       232         0        0.64881
   7.62704       171       231         0        0.64881
   7.63388       148       247         0        0.64583
   7.64073       164       254         0        0.70238
   7.64758       136       247         0        0.66071
   7.65443       167       247         0        0.66964
   7.66128       150       249         0        0.67262
   7.66813       142       248         0        0.67857
   7.67498       161       276         0        0.67857
   7.68183       162       238         0        0.65476
   7.68868       171       237         0        0.69940
   7.69553       139       233         0        0.62500
   7.70238       154       242         0        0.60714
   7.70923       156       269         0        0.68452
   7.71607       138       212         0        0.65179
   7.72292       194       258         0        0.73810
   7.72977       195       240         0        0.69940
   7.73662       184       242         0        0.69048
   7.74347       184       262         0        0.69345
   7.75032       132       237         0        0.67262
   7.75717       143       248         0        0.66667
   7.76402       143       259         0        0.70833
   7.77087       140       299         0        0.69048
   7.77772       152       218         0        0.64881
   7.78457       158       284         0        0.67857
   7.79142       145       252         0        0.68452
   7.79827       161       226         0        0.60119
   7.80511       170       208         0        0.63393
   7.81196       122       227         0        0.60417
   7.81881       146       290         0        0.64881
   7.82566       142       281         0        0.66964
   7.83251       154       299         0        0.67262
   7.83936       147       247         0        0.69345
   7.84621       158       294         0        0.70833
   7.85306       172       278         0        0.67857
   7.85991       136       284         0        0.66369
   7.86676       148       251         0        0.64286
   7.87361       128       295         0        0.67262
   7.88046       143       259         0        0.66964
   7.88730       168       263         0        0.70833
   7.89415       145       245         0        0.65774
   7.90100       137       277         0        0.64881
   7.90785       155       246         0        0.67857
   7.91470       132       274         0        0.64583
   7.91807       164       223         0        0.65476
   7.92492       141       254         0        0.65476
   7.93177       158       285         0        0.66071
   7.93862       152       258         0        0.70833
   7.94547       152       275         0        0.66369
   7.95232       146       257         0        0.66667
   7.95916       139       261         0        0.66071
   7.96601       147       229         0        0.62798
   7.97286       139       242         0        0.60119
   7.97971       153       270         0        0.67262
   7.98656       166       275         0        0.67857
   7.99341       131       218         0        0.63690
   8.00026       144       239         0        0.63988
   8.00711       149       225         0        0.68155
   8.01396       158       232         0        0.65476
   8.02081       148       234         0        0.66071
   8.02766       173       213         0        0.65774
   8.03451       172       248         0        0.67560
   8.04136       151       264         0        0.66369
   8.04820       163       232         1        0.64881
   8.05505       151       262         0        0.66667
   8.06190       135       247         0        0.64286
   8.06875       153       291         0        0.64881
   8.07560       173       260         0        0.69048
   8.08245       143       221         0        0.63988
   8.08930       158       224         0        0.65774
   8.09615       155       223         0        0.66369
   8.10300       152       278         0        0.66071
   8.10985       139       263         0        0.63095
   8.11670       147       272         0        0.66071
   8.12355       132       226         0        0.63690
   8.13039       132       246         0        0.64286
   8.13724       150       233         0        0.60119
   8.14409       152       252         0        0.66667
   8.15094       179       250         0        0.65774
   8.15779       133       233         0        0.64583
   8.16464       132       250         0        0.60417
   8.17149       146       276         0        0.64286
   8.17834       171       257         0        0.66667
   8.18519       165       268         0        0.65774
   8.19204       150       212         0        0.68155
   8.19889       151       253         0        0.65476
   8.20574       155       253         0        0.65774
   8.21259       145       265         0        0.66071
   8.21943       143       229         0        0.64881
   8.22628       118       216         0        0.63988
   8.23313       138       236         0        0.63690
   8.23998       149       242         0        0.63690
   8.24683       159       264         0        0.62202
   8.25368       147       255         0        0.70238
   8.26053       174       267         0        0.69643
   8.26738       145       295         0        0.68155
   8.27423       166       284         0        0.65179
   8.28108       152       264         0        0.66667
   8.28793       169       274         0        0.67560
   8.29142       133       275         0        0.64583
   8.29827       136       254         0        0.61905
   8.30512       152       225         0        0.61905
   8.31196       164       254         0        0.68155
   8.31881       165       279         0        0.67262
   8.32566       132       242         0        0.61012
   8.33251       144       239         0        0.64286
   8.33936       144       233         0        0.62202
   8.34621       146       237         0        0.60417
   8.35306       144       229         0        0.60417
   8.35991       146       266         0        0.65179
   8.36676       135       277         0        0.63393
   8.37361       136       242         0        0.64881
   8.38046       133       242         0        0.60119
   8.38731       156       257         0        0.64286
   8.39416       132       272         0        0.63393
   8.40100       150       260         0        0.60417
   8.40785       137       253         0        0.63095
   8.41470       128       289         0        0.62202
   8.42155       168       270         0        0.58929
   8.42840       136       254         0        0.63690
   8.43525       159       252         0        0.60119
   8.44210       132       219         0        0.60714
   8.44895       135       263         0        0.64881
   8.45580       137       273         0        0.64583
   8.46265       135       263         0        0.60417
   8.46950       149       255         0        0.59226
   8.47635       124       295         0        0.62202
   8.48319       183       276         0        0.66369
   8.49004       155       314         0        0.65476
   8.49689       143       256         0        0.62500
   8.50374       148       252         0        0.61012
   8.51059       130       237         0        0.63393
   8.51744       149       245         0        0.60119
   8.52429       124       235         0        0.63988
   8.53114       141       278         0        0.65179
   8.53799       139       273         0        0.67560
   8.54484       135       252         0        0.66667
   8.55169       148       256         0        0.66964
   8.55854       141       255         0        0.66667
   8.56539       137       262         0        0.63095
   8.57223       147       281         0        0.63690
   8.57908       142       220         0        0.62202
   8.58593       134       225         0        0.65179
   8.59278       147       261         0        0.68155
   8.59963       138       257         0        0.65179
   8.60648       147       240         0        0.62202
   8.61333       139       196         0        0.58036
   8.62018       155       232         0        0.66369
   8.62703       155       287         0        0.66071
   8.63388       182       234         0        0.63690
   8.64073       164       229         0        0.64583
   8.64758       143       237         1        0.60119
   8.65442       135       264         0        0.63988
   8.66127       149       264         0        0.65179
   8.66407       120       265         0        0.62798
   8.67092       115       264         0        0.61012
   8.67777       140       227         0        0.62202
   8.68462       145       251         0        0.65774
   8.69147       151       273         0        0.63988
   8.69832       154       210         0        0.64881
   8.70517       111       254         0        0.63988
   8.71202       150       277         0        0.63988
   8.71887       146       285         0        0.66369
   8.72572       145       221         0        0.58929
   8.73257       138       243         0        0.63393
   8.73941       123       216         0        0.57738
   8.74626       136       233         0        0.63393
   8.75311       128       250         0        0.60714
   8.75996       137       279         0        0.69048
   8.76681       128       238         0        0.61607
   8.77366       127       247         0        0.62500
   8.78051       154       255         0        0.66964
   8.78736       121       238         0        0.59821
   8.79421       129       243         0        0.62798
   8.80106       144       261         0        0.63690
   8.80791       153       222         0        0.61905
   8.81476       140       252         0        0.63095
   8.82161       138       259         0        0.60119
   8.82845       119       265         0        0.67560
   8.83530       133       277         0        0.69643
   8.84215       139       236         0        0.64583
   8.84900       129       223         0        0.63690
   8.85585       160       257         0        0.66369
   8.86270       146       257         0        0.66964
   8.86955       143       242         0        0.65774
   8.87640       146       219         0        0.63393
   8.88325       112       261         0        0.65476
   8.89010       122       288         0        0.62202
   8.89695       109       274         0        0.66964
   8.90380       131       233         0        0.62202
   8.91065       147       270         0        0.66369
   8.91749       135       267         0        0.66667
   8.92434       157       311         0        0.67560
   8.93119       149       261         0        0.65179
   8.93804       134       272         0        0.68155
   8.94489       117       248         0        0.63988
   8.95174       148       253         0        0.65476
   8.95859       147       249         0        0.66071
   8.96544       133       263         0        0.64881
   8.97229       125       293         0        0.63988
   8.97914       127       267         0        0.64583
   8.98599       149       263         0        0.61012
   8.99284       172       258         0        0.68155
   8.99968       131       253         0        0.65179
   9.00653       144       337         0        0.66369
   9.01338       142       272         0        0.69048
   9.02023       139       267         0        0.68750
   9.02708       165       242         0        0.62798
   9.03393       143       252         0        0.62500
   9.03696       122       279         0        0.64286
   9.04381       114       277         0        0.63988
   9.05066       122       282         0        0.67262
   9.05750       129       259         0        0.64881
   9.06435       131       289         0        0.67857
   9.07120       154       298         0        0.67857
   9.07805       130       297         0        0.66369
   9.08490       157       356         0        0.71726
   9.09175       134       277         0        0.67262
   9.09860       120       270         0        0.66071
   9.10545       157       298         0        0.65476
   9.11230       163       248         0        0.65476
   9.11915       160       271         0        0.68452
   9.12600       143       285         0        0.67857
   9.13285       161       259         0        0.67560
   9.13970       128       295         0        0.67262
   9.14654       168       268         0        0.69643
   9.15339       163       223         0        0.66964
   9.16024       125       284         0        0.65476
   9.16709       175       251         0        0.66369
   9.17394       137       268         0        0.63988
   9.18079       139       270         0        0.67560
   9.18764       127       262         0        0.64286
   9.19449       132       279         0        0.69048
   9.20134       128       304         0        0.68750
   9.20819       124       244         0        0.68750
   9.21504       139       227         0        0.65476
   9.22189       156       239         0        0.62500
   9.22874       147       254         0        0.64286
   9.23558       137       239         0        0.62202
   9.24243       175       263         0        0.65476
   9.24928       158       234         0        0.67857
   9.25613       136       212         0        0.62202
   9.26298       141       250         0        0.66071
   9.26983       155       232         0        0.60417
   9.27668       188       248         0        0.69643
   9.28353       142       243         0        0.63393
   9.29038       135       209         0        0.60119
   9.29723       130       238         0        0.66369
   9.30408       142       253         0        0.60714
   9.31093       118       268         0        0.64881
   9.31777       129       238         0        0.61012
   9.32462       120       212         0        0.58036
   9.33147       119       264         0        0.61607
   9.33832       153       264         0        0.65476
   9.34517       156       258         0        0.62500
   9.35202       135       233         0        0.61012
   9.35887       150       266         0        0.64881
   9.36572       136       233         0        0.61012
   9.37257       145       248         0        0.63988
   9.37942       135       250         0        0.63095
   9.38627       126       252         0        0.65179
   9.39312       167       268         0        0.66071
   9.39997       136       266         0        0.65476
   9.40681       132       241         0        0.60417
   9.40963       131       253         0        0.63393
