0.00606792      0.00000000      0          0         
0.01223122      0.00000000      0          0         
0.01247225      0.00000000      0          0         
0.01871819      0.00000000      0          0         
0.01926651      0.00000000      0          0         
0.02561228      0.00000000      0          0         
0.02652231      0.00000000      0          0         
0.03299199      0.00000000      0          0         
0.03435712      0.00000000      0          0         
0.04088538      0.00000000      0          0         
0.04650922      0.00000000      0          0         
0.05310276      0.00000000      0          0         
0.05912543      0.00000000      0          0         
0.06579219      0.01190476      0          8         
0.07245896      0.00000000      0          0         
0.07665712      0.00000000      0          0         
0.08340683      0.00595238      0          4         
0.09015674      0.00000000      0          0         
0.09690645      0.00595238      0          4         
0.09950159      0.00000000      0          0         
0.10637824      0.01190476      0          8         
0.11325509      0.00595238      0          4         
0.12013174      0.01785714      0          12        
0.12700838      0.04761905      0          30        
0.13388523      0.01190476      0          8         
0.14076188      0.00000000      0          0         
0.14763873      0.05059524      11         8         
0.15451538      0.02976190      0          16        
0.16139203      0.10119048      0          45        
0.16826888      0.08928571      0          39        
0.17514552      0.11011905      8          43        
0.18202217      0.12500000      8          50        
0.18889902      0.09226190      0          45        
0.19577567      0.12797619      9          52        
0.20265231      0.08928571      7          40        
0.20952917      0.12797619      17         46        
0.21640581      0.10714286      15         36        
0.22328267      0.19345238      41         39        
0.23015931      0.22023810      44         45        
0.23703596      0.16666667      35         53        
0.24391281      0.13988095      34         34        
0.25078946      0.18750000      46         41        
0.25766610      0.18750000      48         40        
0.26454296      0.23214286      74         34        
0.27141960      0.22023810      53         28        
0.27829625      0.30357143      78         61        
0.28517310      0.30059524      91         52        
0.29204975      0.30059524      88         50        
0.29892639      0.26190476      75         46        
0.30580325      0.29761905      84         58        
0.31267989      0.29761905      83         60        
0.31955675      0.28571429      81         57        
0.32643339      0.29166667      87         52        
0.33331004      0.30059524      87         58        
0.34018689      0.32142857      81         74        
0.34706354      0.35416667      93         85        
0.35394018      0.31845238      78         71        
0.36081704      0.31845238      87         69        
0.36769368      0.35416667      94         80        
0.37457033      0.32142857      83         77        
0.38144718      0.30357143      71         72        
0.38832383      0.30654762      73         74        
0.39520068      0.31845238      85         66        
0.40207732      0.31250000      85         79        
0.40895397      0.34226190      96         65        
0.41583082      0.31250000      80         68        
0.42270747      0.32738095      84         77        
0.42958412      0.36309524      85         92        
0.43646097      0.37797619      89         84        
0.44333761      0.31250000      86         64        
0.45021426      0.33630952      83         82        
0.45709111      0.27678571      66         68        
0.46396776      0.29761905      82         63        
0.47084461      0.30357143      77         65        
0.47772126      0.33035714      83         81        
0.48459790      0.32142857      88         71        
0.48802159      0.32440476      81         76        
0.49489823      0.38392857      99         89        
0.50177509      0.40178571      115        86        
0.50865173      0.39583333      119        78        
0.51552838      0.39583333      111        82        
0.52240523      0.43154762      115        87        
0.52928188      0.38392857      104        88        
0.53615873      0.36309524      94         85        
0.54303537      0.38095238      109        86        
0.54991202      0.37202381      118        61        
0.55678887      0.42559524      115        80        
0.56366552      0.44345238      119        95        
0.57054217      0.47619048      135        96        
0.57741902      0.44940476      136        70        
0.58429566      0.41964286      128        72        
0.59117231      0.44642857      153        75        
0.59804916      0.47916667      151        78        
0.60492581      0.48511905      167        69        
0.61180266      0.50000000      161        85        
0.61867931      0.47619048      162        87        
0.62555595      0.52083333      201        78        
0.63243281      0.49107143      156        87        
0.63930945      0.45238095      157        75        
0.64618610      0.46428571      162        70        
0.65306295      0.48809524      160        78        
0.65993960      0.50892857      182        90        
0.66681624      0.48809524      169        76        
0.67369310      0.47916667      150        98        
0.68056974      0.51488095      174        94        
0.68744639      0.52380952      190        94        
0.69432324      0.45535714      153        77        
0.70119989      0.49107143      167        77        
0.70807674      0.49107143      167        77        
0.71495339      0.56250000      198        87        
0.72183003      0.53869048      194        79        
0.72870689      0.55357143      187        92        
0.73558353      0.49107143      168        71        
0.74246018      0.54464286      208        81        
0.74933703      0.57738095      204        86        
0.75621368      0.57440476      193        84        
0.76309032      0.57142857      199        84        
0.76996718      0.56547619      189        90        
0.77684382      0.56845238      195        78        
0.78372067      0.51488095      164        90        
0.79059732      0.55357143      179        95        
0.79747397      0.57142857      186        88        
0.80435082      0.53869048      194        79        
0.81122747      0.57440476      217        81        
0.81810411      0.56845238      206        86        
0.82498096      0.55654762      199        82        
0.83185761      0.56250000      182        102       
0.83873426      0.55357143      196        78        
0.84561111      0.51785714      172        81        
0.85248775      0.55952381      202        69        
0.85936461      0.56547619      191        81        
0.86624125      0.58630952      226        79        
0.87311790      0.58928571      226        84        
0.87734465      0.52380952      184        70        
0.88422130      0.59226190      234        80        
0.89109815      0.58035714      198        93        
0.89797479      0.58928571      206        94        
0.90485144      0.59523810      206        82        
0.91172829      0.55654762      186        88        
0.91860494      0.58928571      191        98        
0.92548179      0.57142857      184        99        
0.93235844      0.56250000      194        88        
0.93923508      0.58630952      195        86        
0.94611194      0.56845238      201        94        
0.95298858      0.56250000      188        91        
0.95986523      0.57142857      212        75        
0.96674208      0.54166667      183        84        
0.97361873      0.58035714      200        93        
0.98049537      0.54464286      178        97        
0.98737223      0.53273810      181        95        
0.99424887      0.57738095      203        88        
1.00112573      0.56250000      201        83        
1.00800237      0.53869048      195        89        
1.01487902      0.55357143      204        89        
1.02175587      0.55654762      186        116       
1.02863252      0.54464286      192        87        
1.03550916      0.60416667      206        95        
1.04238602      0.59821429      210        104       
1.04926266      0.59226190      225        83        
1.05613931      0.61904762      217        104       
1.06301616      0.64285714      221        104       
1.06989281      0.55654762      198        88        
1.07676945      0.61607143      220        90        
1.08364631      0.63988095      240        90        
1.09052295      0.58630952      214        87        
1.09739980      0.58630952      209        85        
1.10427645      0.61607143      223        108       
1.11115310      0.66369048      248        87        
1.11802995      0.60714286      221        81        
1.12490660      0.62500000      221        86        
1.13178324      0.66666667      251        101       
1.13866009      0.61309524      222        83        
1.14553674      0.62500000      220        90        
1.15241339      0.66369048      240        91        
1.15929024      0.62797619      239        80        
1.16616688      0.63988095      236        79        
1.17304374      0.64583333      245        82        
1.17992038      0.65476190      250        93        
1.18679703      0.62797619      241        76        
1.19367388      0.63988095      247        80        
1.20055053      0.66071429      242        92        
1.20742717      0.64880952      243        94        
1.21430403      0.61904762      237        92        
1.22118067      0.62500000      238        94        
1.22805732      0.66369048      244        101       
1.23493417      0.65773810      259        94        
1.24181082      0.68452381      241        116       
1.24868767      0.67857143      257        104       
1.25556432      0.63988095      233        100       
1.26244096      0.67261905      232        110       
1.26760598      0.71130952      276        104       
1.27448262      0.67559524      247        103       
1.28135947      0.67559524      239        110       
1.28823612      0.65476190      235        102       
1.29511277      0.66964286      246        113       
1.30198962      0.68452381      249        110       
1.30886627      0.69345238      224        127       
1.31574312      0.67559524      231        113       
1.32261976      0.69642857      253        115       
1.32949641      0.63690476      225        108       
1.33637326      0.66666667      222        128       
1.34324991      0.66666667      226        116       
1.35012655      0.67857143      231        121       
1.35700341      0.65773810      223        119       
1.36388005      0.69345238      234        134       
1.37075670      0.63095238      221        116       
1.37763355      0.67261905      223        139       
1.38451020      0.64880952      215        131       
1.39138705      0.66071429      222        118       
1.39826370      0.65178571      211        115       
1.40514034      0.64880952      221        116       
1.41201720      0.66071429      215        106       
1.41889384      0.66071429      223        120       
1.42577049      0.64583333      220        110       
1.43264734      0.65178571      221        113       
1.43952399      0.66071429      229        112       
1.44640063      0.66964286      224        109       
1.45327749      0.66964286      250        103       
1.46015413      0.66071429      225        102       
1.46703078      0.69642857      233        105       
1.47390763      0.67857143      235        107       
1.48078428      0.63095238      216        100       
1.48766113      0.62500000      224        95        
1.49453778      0.66964286      228        107       
1.50141442      0.68750000      226        141       
1.50829128      0.67559524      221        116       
1.51516792      0.66666667      229        110       
1.52204457      0.65476190      209        121       
1.52892142      0.70535714      229        145       
1.53579807      0.69940476      228        124       
1.54267471      0.66369048      240        98        
1.54955157      0.66071429      231        114       
1.55642821      0.61904762      204        118       
1.56330506      0.68750000      239        113       
1.57018171      0.68750000      230        118       
1.57705836      0.62500000      217        101       
1.58393521      0.65178571      214        114       
1.59081185      0.64583333      215        107       
1.59768850      0.63095238      209        128       
1.60456535      0.62797619      227        108       
1.61144200      0.61011905      224        102       
1.61831865      0.61904762      204        118       
1.62519550      0.66964286      214        136       
1.63207214      0.65773810      202        129       
1.63894900      0.64285714      198        126       
1.64582564      0.67559524      214        149       
1.65270229      0.65178571      203        136       
1.65827289      0.64583333      211        124       
1.66514953      0.65178571      232        122       
1.67202638      0.67559524      209        136       
1.67890303      0.64285714      208        120       
1.68577968      0.66964286      203        137       
1.69265653      0.61607143      197        132       
1.69953317      0.65178571      208        126       
1.70641003      0.63392857      198        129       
1.71328667      0.69642857      210        148       
1.72016332      0.69642857      212        143       
1.72704017      0.67857143      207        149       
1.73391682      0.65773810      211        128       
1.74079346      0.64583333      207        118       
1.74767032      0.67559524      211        136       
1.75454696      0.70238095      211        150       
1.76142361      0.66369048      205        131       
1.76830046      0.65773810      201        141       
1.77517711      0.64880952      204        133       
1.78205396      0.67261905      220        133       
1.78893061      0.67261905      208        133       
1.79580725      0.69047619      219        146       
1.80268411      0.73214286      217        161       
1.80956075      0.71130952      214        154       
1.81643740      0.74702381      219        162       
1.82331425      0.71130952      221        149       
1.83019090      0.72321429      211        151       
1.83706754      0.71130952      208        152       
1.84394440      0.68750000      220        131       
1.85082104      0.67857143      214        137       
1.85769769      0.68750000      205        151       
1.86457454      0.71130952      226        150       
1.87145119      0.67559524      207        128       
1.87832804      0.67857143      198        151       
1.88520469      0.69047619      222        140       
1.89208133      0.67261905      217        138       
1.89895818      0.68452381      215        144       
1.90583483      0.63988095      204        127       
1.91271148      0.63988095      203        128       
1.91958833      0.64285714      207        124       
1.92646498      0.63988095      196        128       
1.93334162      0.69940476      198        152       
1.94021847      0.69642857      212        152       
1.94709512      0.68750000      214        143       
1.95397197      0.70535714      213        170       
1.96084862      0.73511905      199        164       
1.96772527      0.70833333      210        151       
1.97460212      0.70535714      213        145       
1.98147876      0.66369048      216        122       
1.98835541      0.68750000      221        165       
1.99523226      0.70535714      237        149       
2.00210891      0.73809524      233        145       
2.00898555      0.68452381      202        149       
2.01586241      0.64285714      193        134       
2.02273905      0.64880952      196        133       
2.02961591      0.68452381      200        158       
2.03649255      0.69642857      195        158       
2.04336920      0.69047619      195        173       
2.04938359      0.67559524      203        151       
2.05626024      0.74107143      204        195       
2.06313709      0.70238095      219        147       
2.07001373      0.71726190      217        164       
2.07689038      0.66369048      203        145       
2.08376723      0.72023810      226        151       
2.09064388      0.71726190      210        160       
2.09752073      0.75000000      206        175       
2.10439738      0.71726190      199        172       
2.11127402      0.70833333      203        159       
2.11815088      0.75892857      225        168       
2.12502752      0.73809524      211        161       
2.13190417      0.72916667      208        166       
2.13878102      0.77083333      213        202       
2.14565767      0.75595238      209        183       
2.15253431      0.76785714      216        171       
2.15941117      0.74107143      214        157       
2.16628781      0.72619048      216        155       
2.17316467      0.69940476      205        153       
2.18004131      0.75595238      226        159       
2.18691796      0.72023810      228        147       
2.19379481      0.75000000      208        180       
2.20067146      0.75297619      208        178       
2.20754810      0.77678571      223        175       
2.21442496      0.75595238      227        165       
2.22130160      0.74404762      209        173       
2.22817825      0.77380952      221        171       
2.23505510      0.76785714      219        177       
2.24193175      0.72916667      219        164       
2.24880839      0.74107143      225        175       
2.25568525      0.73809524      225        159       
2.26256189      0.75892857      232        183       
2.26943874      0.74404762      238        153       
2.27631539      0.76190476      235        164       
2.28319204      0.76785714      223        176       
2.29006889      0.77083333      230        165       
2.29694554      0.72023810      224        150       
2.30382218      0.77083333      239        163       
2.31069903      0.79761905      230        185       
2.31757568      0.72321429      232        147       
2.32445233      0.77976190      241        164       
2.33132918      0.74404762      232        160       
2.33820583      0.77083333      241        166       
2.34508268      0.79761905      245        175       
2.35195932      0.74107143      232        158       
2.35883597      0.77380952      234        179       
2.36571282      0.79464286      238        182       
2.37258947      0.79166667      241        177       
2.37946611      0.78273810      240        170       
2.38634297      0.76488095      232        170       
2.39321961      0.75297619      236        159       
2.40009626      0.79761905      251        173       
2.40697311      0.82440476      245        180       
2.41384976      0.75000000      214        173       
2.42072661      0.78869048      241        177       
2.42760326      0.78869048      239        173       
2.43447990      0.78273810      241        178       
2.44128241      0.79166667      231        186       
2.44815906      0.76488095      216        180       
2.45503591      0.77976190      227        186       
2.46191256      0.77976190      241        169       
2.46878920      0.80654762      233        193       
2.47566605      0.78273810      231        170       
2.48254270      0.78869048      248        171       
2.48941955      0.79761905      249        176       
2.49629620      0.77083333      237        167       
2.50317284      0.79166667      257        160       
2.51004970      0.79761905      244        176       
2.51692634      0.75000000      234        166       
2.52380299      0.77976190      239        175       
2.53067984      0.74107143      219        167       
2.53755649      0.80059524      237        187       
2.54443313      0.75595238      230        173       
2.55130999      0.79761905      261        166       
2.55818663      0.78869048      246        180       
2.56506349      0.81250000      253        179       
2.57194013      0.79166667      241        180       
2.57881678      0.79166667      236        170       
2.58569363      0.77380952      234        174       
2.59257028      0.79761905      233        187       
2.59944692      0.77083333      233        166       
2.60632378      0.79761905      242        180       
2.61320042      0.79166667      237        175       
2.62007707      0.79166667      238        179       
2.62695392      0.75595238      231        166       
2.63383057      0.77083333      236        168       
2.64070721      0.78869048      233        177       
2.64758407      0.77976190      241        168       
2.65446071      0.75595238      223        180       
2.66133757      0.77380952      236        174       
2.66821421      0.77976190      229        178       
2.67509086      0.77380952      236        174       
2.68196771      0.78571429      234        179       
2.68884436      0.78273810      240        168       
2.69572100      0.76190476      240        163       
2.70259785      0.75595238      245        156       
2.70947450      0.77083333      245        162       
2.71635115      0.79761905      244        172       
2.72322800      0.75892857      213        188       
2.73010465      0.76488095      239        163       
2.73698150      0.75595238      234        157       
2.74385814      0.79761905      234        179       
2.75073479      0.72619048      214        158       
2.75761164      0.77380952      223        171       
2.76448829      0.75892857      234        165       
2.77136494      0.77678571      234        165       
2.77824179      0.79761905      231        182       
2.78511843      0.78571429      239        170       
2.79199508      0.79464286      237        180       
2.79887193      0.78869048      237        180       
2.80574858      0.80654762      234        193       
2.81262543      0.78571429      222        187       
2.81950208      0.78571429      220        180       
2.82637872      0.74107143      231        161       
2.83325558      0.77083333      235        183       
2.83333470      0.76785714      237        172       
2.84021135      0.79761905      236        187       
2.84708820      0.75595238      233        175       
2.85396485      0.77678571      227        187       
2.86084149      0.77678571      224        190       
2.86771834      0.75000000      225        180       
2.87459499      0.78273810      241        165       
2.88147184      0.77083333      225        176       
2.88834849      0.77678571      238        170       
2.89522513      0.76488095      239        164       
2.90210199      0.80952381      245        184       
2.90897863      0.75892857      237        165       
2.91585528      0.79761905      249        168       
2.92273213      0.77083333      233        174       
2.92960878      0.75000000      229        171       
2.93648542      0.79166667      231        183       
2.94336228      0.77976190      245        181       
2.95023892      0.80357143      235        185       
2.95711578      0.80059524      242        175       
2.96399242      0.78869048      263        164       
2.97086907      0.78273810      242        172       
2.97774592      0.77083333      234        167       
2.98462257      0.76785714      226        171       
2.99149921      0.76190476      224        170       
2.99837607      0.77976190      238        171       
3.00525271      0.79761905      241        179       
3.01212936      0.76785714      233        165       
3.01900621      0.78869048      237        170       
3.02588286      0.76488095      228        186       
3.03275950      0.74107143      226        159       
3.03963636      0.76785714      251        155       
3.04651300      0.79761905      246        170       
3.05338986      0.79761905      249        162       
3.06026650      0.78869048      240        168       
3.06714315      0.81547619      247        172       
3.07402000      0.76488095      256        138       
3.08089665      0.77678571      254        149       
3.08777329      0.78273810      251        158       
3.09465014      0.79166667      262        145       
3.10152679      0.75892857      244        154       
3.10840344      0.76785714      248        153       
3.11528029      0.76785714      243        154       
3.12215694      0.75000000      242        150       
3.12903379      0.78869048      255        158       
3.13591043      0.79761905      239        180       
3.14278708      0.80654762      248        178       
3.14966393      0.78571429      246        165       
3.15654058      0.78869048      258        162       
3.16341723      0.78869048      250        163       
3.17029408      0.78571429      241        166       
3.17717072      0.74702381      228        162       
3.18404737      0.76785714      251        152       
3.19092422      0.79166667      251        160       
3.19780087      0.77976190      252        157       
3.20467772      0.80357143      257        169       
3.21155437      0.78869048      247        163       
3.21843101      0.82142857      257        173       
3.22530787      0.76785714      242        164       
3.22537349      0.77678571      257        148       
3.23225014      0.79464286      249        164       
3.23912699      0.79761905      253        168       
3.24600364      0.81250000      257        176       
3.25288028      0.77976190      247        170       
3.25975714      0.71130952      221        157       
3.26663378      0.73809524      218        174       
3.27351063      0.77083333      227        168       
3.28038728      0.77380952      241        170       
3.28726393      0.77380952      237        173       
3.29414078      0.78571429      258        178       
3.30101743      0.78273810      232        172       
3.30789407      0.79464286      237        183       
3.31477092      0.80357143      252        167       
3.32164757      0.77380952      237        168       
3.32852422      0.80059524      257        172       
3.33540107      0.79761905      248        170       
3.34227771      0.78869048      240        176       
3.34915457      0.77976190      235        182       
3.35603121      0.79464286      241        179       
3.36290786      0.78571429      254        166       
3.36978471      0.80059524      244        181       
3.37666136      0.77083333      251        159       
3.38353800      0.75297619      230        164       
3.39041486      0.79761905      242        176       
3.39729150      0.75892857      231        159       
3.40416815      0.74702381      219        163       
3.41104500      0.72619048      227        153       
3.41792165      0.72619048      233        151       
3.42479829      0.74404762      243        149       
3.43167515      0.75000000      239        157       
3.43855179      0.75595238      243        154       
3.44542865      0.74404762      230        161       
3.45230529      0.78869048      241        176       
3.45918194      0.79166667      234        186       
3.46605879      0.78869048      240        185       
3.47293544      0.74404762      227        168       
3.47981208      0.78869048      248        173       
3.48668894      0.78273810      229        187       
3.49356558      0.78571429      245        171       
3.50044223      0.74107143      228        164       
3.50731908      0.69047619      205        151       
3.51419573      0.74702381      238        156       
3.52107258      0.72916667      234        157       
3.52794923      0.79166667      240        176       
3.53482587      0.78273810      252        167       
3.54170272      0.73809524      235        157       
3.54857937      0.72916667      245        145       
3.55545602      0.75595238      253        157       
3.56233287      0.71130952      224        148       
3.56920952      0.74702381      236        165       
3.57608616      0.76190476      225        160       
3.58296301      0.74404762      241        152       
3.58983966      0.77083333      244        159       
3.59671651      0.79761905      249        175       
3.60359316      0.78571429      237        170       
3.61046981      0.81845238      255        184       
3.61734666      0.75297619      231        170       
3.61738799      0.77678571      242        178       
3.62426463      0.77380952      240        157       
3.63114148      0.77678571      226        182       
3.63801813      0.79464286      237        183       
3.64489478      0.76488095      234        162       
3.65177163      0.78273810      256        169       
3.65864827      0.74404762      229        178       
3.66552513      0.76488095      230        171       
3.67240177      0.75595238      238        167       
3.67927842      0.76785714      239        160       
3.68615527      0.76785714      231        168       
3.69303192      0.75297619      227        168       
3.69990856      0.78571429      242        171       
3.70678542      0.77380952      245        173       
3.71366206      0.73511905      227        170       
3.72053871      0.76190476      242        180       
3.72741556      0.72023810      232        156       
3.73429221      0.74107143      238        162       
3.74116906      0.77976190      246        170       
3.74804571      0.72023810      235        159       
3.75492235      0.76785714      221        186       
3.76179921      0.78571429      248        178       
3.76867585      0.77976190      241        170       
3.77555250      0.75595238      229        170       
3.78242935      0.78273810      229        169       
3.78930600      0.79761905      244        187       
3.79618264      0.80059524      249        187       
3.80305950      0.79166667      248        182       
3.80993614      0.76785714      234        161       
3.81681279      0.77380952      239        168       
3.82368964      0.76785714      253        156       
3.83056629      0.75595238      242        157       
3.83744314      0.76488095      262        148       
3.84431979      0.78273810      245        154       
3.85119643      0.74702381      247        150       
3.85807329      0.76488095      253        145       
3.86494993      0.75595238      240        153       
3.87182658      0.76785714      250        148       
3.87870343      0.77380952      260        150       
3.88558008      0.79464286      231        176       
3.89245672      0.74404762      239        147       
3.89933357      0.78571429      246        152       
3.90621022      0.76785714      242        157       
3.91308707      0.78869048      263        162       
3.91996372      0.75892857      242        140       
3.92684037      0.74404762      241        151       
3.93371722      0.77976190      274        149       
3.94059386      0.77083333      264        143       
3.94747051      0.76190476      252        138       
3.95434736      0.80059524      263        145       
3.96122401      0.75595238      240        152       
3.96810065      0.73809524      261        145       
3.97497751      0.80059524      254        166       
3.98185415      0.80654762      259        165       
3.98873101      0.83035714      277        150       
3.99560765      0.81547619      265        170       
4.00248430      0.83035714      265        172       
4.00900645      0.75595238      239        167       
4.01588309      0.77380952      235        169       
4.02275995      0.80952381      250        178       
4.02963659      0.76190476      246        154       
4.03651324      0.76785714      246        154       
4.04339009      0.76488095      254        149       
4.05026674      0.81845238      267        167       
4.05714359      0.75595238      244        148       
4.06402024      0.75595238      222        162       
4.07089688      0.80654762      251        169       
4.07777374      0.76488095      229        163       
4.08465038      0.76785714      250        148       
4.09152703      0.79166667      255        161       
4.09840388      0.78571429      246        168       
4.10528053      0.75297619      226        163       
4.11215717      0.78869048      249        157       
4.11903403      0.79761905      253        155       
4.12591067      0.79761905      253        154       
4.13278752      0.74404762      244        146       
4.13966417      0.69047619      224        138       
4.14654082      0.77380952      244        165       
4.15341767      0.75297619      240        147       
4.16029432      0.75595238      234        161       
4.16717096      0.79166667      256        161       
4.17404781      0.77083333      249        153       
4.18092446      0.76190476      246        157       
4.18780111      0.77678571      257        149       
4.19467796      0.80952381      259        177       
4.20155461      0.77380952      242        169       
4.20843125      0.81250000      263        179       
4.21530810      0.81547619      267        178       
4.22218475      0.78571429      248        166       
4.22906160      0.78869048      253        162       
4.23593825      0.80952381      243        181       
4.24281489      0.80952381      257        175       
4.24969175      0.81845238      277        164       
4.25656839      0.80357143      242        179       
4.26344504      0.78571429      262        149       
4.27032189      0.78273810      250        148       
4.27719854      0.79166667      253        169       
4.28407518      0.80059524      251        176       
4.29095204      0.79761905      255        176       
4.29782868      0.76785714      245        162       
4.30470554      0.78273810      237        176       
4.31158218      0.79761905      246        171       
4.31845883      0.81547619      251        178       
4.32533568      0.79761905      266        161       
4.33221233      0.72916667      215        165       
4.33908897      0.75595238      250        145       
4.34596583      0.77380952      238        172       
4.35284247      0.75892857      241        151       
4.35971912      0.78869048      244        168       
4.36659597      0.77083333      243        151       
4.37347262      0.78273810      258        151       
4.38034947      0.78273810      252        161       
4.38722612      0.76190476      239        167       
4.39410276      0.83630952      273        161       
4.40051007      0.79166667      261        177       
4.40738671      0.83630952      278        160       
4.41426357      0.81845238      269        160       
4.42114021      0.80654762      281        156       
4.42801686      0.76488095      254        153       
4.43489371      0.79464286      266        145       
4.44177036      0.80059524      289        129       
4.44864721      0.83035714      270        159       
4.45552386      0.78869048      271        150       
4.46240050      0.81250000      278        153       
4.46927736      0.81845238      273        151       
4.47615400      0.80357143      291        135       
4.48303065      0.76488095      252        139       
4.48990750      0.79166667      264        145       
4.49678415      0.77976190      252        146       
4.50366079      0.78571429      261        145       
4.51053765      0.78571429      261        149       
4.51741429      0.81845238      273        153       
4.52429115      0.82738095      266        147       
4.53116779      0.77678571      262        151       
4.53804444      0.80357143      261        137       
4.54492129      0.75892857      239        152       
4.55179794      0.75892857      249        138       
4.55867458      0.81547619      277        135       
4.56555143      0.83035714      283        146       
4.57242808      0.77380952      257        147       
4.57930473      0.74404762      242        146       
4.58618158      0.75297619      264        132       
4.59305823      0.75595238      255        135       
4.59993487      0.79761905      257        157       
4.60681172      0.79166667      261        151       
4.61368837      0.80059524      259        172       
4.62056522      0.80357143      268        147       
4.62744187      0.79464286      269        143       
4.63431852      0.78571429      250        155       
4.64119537      0.75595238      241        154       
4.64807201      0.77678571      281        137       
4.65494866      0.80952381      279        149       
4.66182551      0.80952381      283        151       
4.66870216      0.77380952      254        140       
4.67557880      0.76785714      277        130       
4.68245566      0.78869048      257        164       
4.68933230      0.78571429      275        136       
4.69620916      0.77380952      284        128       
4.70308580      0.78869048      269        147       
4.70996245      0.79761905      269        142       
4.71683930      0.77976190      270        136       
4.72371595      0.73809524      264        125       
4.73059259      0.77380952      266        134       
4.73746945      0.80059524      251        158       
4.74434609      0.83333333      288        160       
4.75122274      0.78571429      267        141       
4.75809959      0.73511905      250        126       
4.76497624      0.76785714      267        141       
4.77185309      0.78571429      271        136       
4.77872974      0.76785714      275        133       
4.78560638      0.79166667      254        158       
4.79193789      0.81845238      258        170       
4.79881453      0.81845238      266        165       
4.80569139      0.79464286      257        157       
4.81256803      0.80952381      256        164       
4.81944468      0.78273810      249        155       
4.82632153      0.80059524      260        159       
4.83319818      0.76488095      249        146       
4.84007503      0.80357143      271        149       
4.84695168      0.80952381      264        145       
4.85382832      0.79166667      258        150       
4.86070518      0.78273810      251        149       
4.86758182      0.76488095      253        143       
4.87445847      0.84523810      267        172       
4.88133532      0.76488095      237        162       
4.88821197      0.77678571      235        166       
4.89508861      0.79166667      249        164       
4.90196547      0.80059524      236        171       
4.90884211      0.79761905      259        151       
4.91571897      0.78869048      254        148       
4.92259561      0.77678571      262        146       
4.92947226      0.76190476      242        160       
4.93634911      0.79464286      263        144       
4.94322576      0.77678571      251        151       
4.95010240      0.75892857      243        151       
4.95697925      0.76488095      246        143       
4.96385590      0.69940476      229        137       
4.97073255      0.76190476      250        144       
4.97760940      0.78273810      260        145       
4.98448605      0.77083333      248        149       
4.99136269      0.76190476      255        146       
4.99823954      0.78273810      249        156       
5.00511619      0.74702381      242        140       
5.01199304      0.81547619      257        166       
5.01886969      0.76785714      237        169       
5.02574634      0.76785714      247        150       
5.03262319      0.75297619      228        154       
5.03949983      0.74107143      235        152       
5.04637648      0.78869048      258        156       
5.05325333      0.75892857      253        146       
5.06012998      0.76785714      239        159       
5.06700662      0.79464286      252        162       
5.07388348      0.79464286      246        163       
5.08076012      0.78571429      252        157       
5.08763698      0.80952381      260        157       
5.09451362      0.75892857      246        155       
5.10139027      0.79166667      253        162       
5.10826712      0.80357143      261        168       
5.11514377      0.79761905      248        166       
5.12202041      0.77976190      245        164       
5.12889727      0.79464286      243        168       
5.13577391      0.79464286      247        168       
5.14265056      0.79166667      252        159       
5.14952741      0.78273810      248        161       
5.15640406      0.75595238      242        154       
5.16328091      0.81845238      262        163       
5.17015756      0.76488095      245        147       
5.17703420      0.78273810      252        150       
5.18360349      0.78571429      247        158       
5.19048014      0.81845238      242        168       
5.19735699      0.79761905      248        159       
5.20423364      0.72916667      246        134       
5.21111028      0.78869048      264        147       
5.21798714      0.78869048      240        169       
5.22486378      0.76785714      240        159       
5.23174064      0.78273810      256        153       
5.23861728      0.83333333      261        175       
5.24549393      0.77380952      245        158       
5.25237078      0.79464286      255        157       
5.25924743      0.79166667      255        156       
5.26612407      0.75297619      245        152       
5.27300093      0.78869048      273        146       
5.27987757      0.79761905      266        158       
5.28675422      0.80357143      270        152       
5.29363107      0.82738095      276        160       
5.30050772      0.81250000      260        161       
5.30738457      0.80357143      277        147       
5.31426122      0.80654762      269        151       
5.32113786      0.74702381      257        137       
5.32801471      0.78571429      255        149       
5.33489136      0.76190476      265        135       
5.34176801      0.81250000      266        162       
5.34864486      0.82142857      266        164       
5.35552151      0.76488095      238        161       
5.36239815      0.77083333      256        141       
5.36927500      0.71726190      244        124       
5.37615165      0.75892857      240        148       
5.38302830      0.79166667      251        160       
5.38990515      0.80654762      269        139       
5.39678179      0.77083333      241        159       
5.40365865      0.80059524      255        162       
5.41053529      0.76785714      250        149       
5.41741194      0.72916667      248        124       
5.42428879      0.78869048      252        152       
5.43116544      0.78869048      244        162       
5.43804208      0.78273810      251        151       
5.44491894      0.78273810      247        150       
5.45179558      0.77083333      262        142       
5.45867223      0.74702381      253        144       
5.46554908      0.75892857      253        142       
5.47242573      0.78869048      253        155       
5.47930258      0.73809524      250        138       
5.48617923      0.79166667      254        157       
5.49305587      0.75000000      252        150       
5.49993273      0.76488095      245        154       
5.50680937      0.75595238      260        149       
5.51368602      0.77380952      255        159       
5.52056287      0.77976190      260        140       
5.52743952      0.79464286      264        151       
5.53431616      0.78571429      264        149       
5.54119302      0.77976190      256        146       
5.54806966      0.77976190      265        156       
5.55494652      0.83333333      275        162       
5.56182316      0.78571429      263        150       
5.56869981      0.77083333      252        142       
5.57521323      0.80952381      262        163       
5.58208988      0.78869048      269        145       
5.58896673      0.75000000      250        154       
5.59584338      0.78273810      255        146       
5.60272002      0.81845238      265        172       
5.60959688      0.79761905      262        148       
5.61647352      0.78869048      269        151       
5.62335038      0.80059524      260        147       
5.63022702      0.78869048      248        155       
5.63710367      0.77380952      247        153       
5.64398052      0.76785714      253        142       
5.65085717      0.72321429      236        133       
5.65773381      0.80357143      261        158       
5.66461067      0.77083333      249        145       
5.67148731      0.80654762      256        169       
5.67836396      0.82142857      267        163       
5.68524081      0.80654762      259        164       
5.69211746      0.77678571      226        165       
5.69899431      0.78571429      257        157       
5.70587096      0.79464286      247        168       
5.71274760      0.79464286      253        158       
5.71962446      0.79166667      261        158       
5.72650110      0.79464286      258        150       
5.73337775      0.77380952      248        156       
5.74025460      0.81845238      254        172       
5.74713125      0.78869048      257        152       
5.75400789      0.74702381      250        140       
5.76088475      0.75595238      251        148       
5.76776139      0.78571429      255        149       
5.77463804      0.75000000      234        164       
5.78151489      0.73214286      237        138       
5.78839154      0.76785714      236        159       
5.79526839      0.81845238      260        163       
5.80214503      0.82440476      260        170       
5.80902168      0.83928571      268        171       
5.81589853      0.81547619      270        156       
5.82277518      0.80059524      264        152       
5.82965183      0.81250000      270        150       
5.83652868      0.83333333      273        159       
5.84340532      0.79166667      267        154       
5.85028197      0.81250000      254        165       
5.85715882      0.81845238      270        160       
5.86403547      0.82142857      260        166       
5.87091232      0.77380952      262        139       
5.87778897      0.80059524      252        164       
5.88466561      0.80654762      262        158       
5.89154247      0.80357143      262        159       
5.89841911      0.80357143      263        165       
5.90529576      0.78571429      253        155       
5.91217261      0.77976190      255        152       
5.91904926      0.76190476      248        154       
5.92592590      0.77083333      238        156       
5.93280276      0.81250000      250        175       
5.93967940      0.80654762      254        165       
5.94655626      0.84523810      265        173       
5.95343290      0.80654762      287        152       
5.96030955      0.74404762      242        139       
5.96709399      0.80952381      253        170       
5.97397063      0.81845238      257        170       
5.98084749      0.77678571      248        155       
5.98772413      0.78869048      252        159       
5.99460078      0.78571429      263        155       
6.00147763      0.77380952      240        159       
6.00835428      0.78869048      248        159       
6.01523113      0.78273810      256        151       
6.02210778      0.83035714      271        160       
6.02898442      0.79464286      263        162       
6.03586127      0.78869048      245        159       
6.04273792      0.77976190      269        141       
6.04961457      0.77678571      251        174       
6.05649142      0.81547619      254        176       
6.06336807      0.82142857      253        185       
6.07024471      0.84226190      274        166       
6.07712156      0.82142857      260        170       
6.08399821      0.75892857      244        149       
6.09087506      0.76190476      241        155       
6.09775171      0.81845238      246        173       
6.10462836      0.77976190      251        156       
6.11150521      0.81250000      259        160       
6.11838185      0.79761905      260        152       
6.12525850      0.76488095      252        150       
6.13213535      0.78273810      250        154       
6.13901200      0.82142857      265        161       
6.14588864      0.79761905      265        160       
6.15276550      0.74107143      249        134       
6.15964214      0.78571429      266        141       
6.16651879      0.82142857      272        155       
6.17339564      0.83333333      283        151       
6.18027229      0.78571429      258        150       
6.18714914      0.80654762      271        151       
6.19402579      0.80654762      261        154       
6.20090243      0.76190476      236        162       
6.20777929      0.82440476      247        182       
6.21465593      0.80654762      252        172       
6.22153258      0.77678571      255        150       
6.22840943      0.77976190      246        163       
6.23528608      0.76785714      254        131       
6.24216272      0.78273810      259        155       
6.24903958      0.79761905      262        158       
6.25591622      0.80059524      258        168       
6.26279308      0.79761905      252        163       
6.26966972      0.80952381      280        142       
6.27654637      0.81547619      263        161       
6.28342322      0.81547619      265        162       
6.29029987      0.77678571      242        152       
6.29717651      0.81845238      261        154       
6.30405337      0.82142857      277        145       
6.31093001      0.79166667      256        158       
6.31780666      0.80059524      255        161       
6.32468351      0.76488095      257        146       
6.33156016      0.78869048      263        148       
6.33843701      0.81250000      258        171       
6.34531365      0.81547619      263        164       
6.35219030      0.82142857      274        157       
6.35906715      0.81250000      259        154       
6.35918200      0.83035714      263        159       
6.36605864      0.80059524      240        171       
6.37293550      0.79761905      253        161       
6.37981214      0.81250000      258        169       
6.38668879      0.79761905      264        150       
6.39356564      0.80059524      260        160       
6.40044229      0.83630952      268        162       
6.40731914      0.81250000      251        170       
6.41419579      0.80357143      253        169       
6.42107243      0.79761905      259        155       
6.42794928      0.81845238      268        157       
6.43482593      0.79166667      263        139       
6.44170258      0.81250000      263        159       
6.44857943      0.81250000      260        154       
6.45545607      0.83630952      271        174       
6.46233272      0.79166667      251        166       
6.46920957      0.80059524      254        165       
6.47608622      0.80654762      258        151       
6.48296307      0.78571429      268        152       
6.48983972      0.82738095      263        163       
6.49671636      0.82142857      266        158       
6.50359322      0.75892857      248        150       
6.51046986      0.80357143      267        149       
6.51734651      0.81845238      272        150       
6.52422336      0.77380952      251        149       
6.53110001      0.83333333      272        155       
6.53797665      0.78273810      253        140       
6.54485351      0.76190476      267        152       
6.55173015      0.81250000      263        164       
6.55860680      0.81250000      280        153       
6.56548365      0.74107143      247        139       
6.57236030      0.83035714      267        169       
6.57923715      0.79166667      259        150       
6.58611380      0.78571429      249        157       
6.59299044      0.79464286      260        154       
6.59986730      0.77380952      244        167       
6.60674394      0.75297619      244        147       
6.61362059      0.79166667      251        161       
6.62049744      0.78571429      256        160       
6.62737409      0.74702381      252        140       
6.63425073      0.80952381      267        161       
6.64112759      0.79464286      256        168       
6.64800423      0.78571429      265        151       
6.65488109      0.81845238      284        157       
6.66175773      0.79761905      273        157       
6.66863438      0.77083333      256        160       
6.67551123      0.76190476      256        144       
6.68238788      0.77678571      270        141       
6.68926452      0.84523810      274        155       
6.69614137      0.83035714      264        166       
6.70301802      0.79166667      257        153       
6.70989467      0.81547619      264        161       
6.71677152      0.80654762      255        165       
6.72364817      0.80654762      272        149       
6.73052502      0.79166667      253        163       
6.73740166      0.76488095      259        142       
6.74427831      0.76785714      254        149       
6.75115516      0.76190476      254        144       
6.75123823      0.74107143      247        132       
6.75811488      0.78273810      261        145       
6.76499173      0.76785714      252        149       
6.77186838      0.80952381      271        156       
6.77874502      0.77976190      255        151       
6.78562188      0.81845238      258        163       
6.79249852      0.79464286      266        161       
6.79937538      0.80357143      260        159       
6.80625202      0.79166667      252        175       
6.81312867      0.79166667      256        172       
6.82000552      0.78273810      251        160       
6.82688217      0.78571429      263        154       
6.83375881      0.81845238      258        158       
6.84063567      0.80654762      262        154       
6.84751231      0.82142857      279        163       
6.85438896      0.82738095      266        169       
6.86126581      0.80952381      267        153       
6.86814246      0.77678571      256        145       
6.87501931      0.81845238      271        156       
6.88189595      0.79464286      256        160       
6.88877260      0.77976190      253        147       
6.89564945      0.80059524      246        168       
6.90252610      0.81845238      253        168       
6.90940275      0.77976190      259        154       
6.91627960      0.81250000      264        166       
6.92315624      0.75595238      227        160       
6.93003289      0.79464286      248        165       
6.93690974      0.75000000      242        147       
6.94378639      0.79761905      279        141       
6.95066303      0.79761905      263        159       
6.95753989      0.77380952      252        152       
6.96441653      0.82738095      264        160       
6.97129339      0.81250000      262        169       
6.97817003      0.84523810      262        178       
6.98504668      0.77380952      255        146       
6.99192353      0.81547619      266        163       
6.99880018      0.81250000      266        153       
7.00567682      0.82738095      269        155       
7.01255368      0.83035714      283        153       
7.01943032      0.78273810      264        153       
7.02630697      0.81845238      266        165       
7.03318382      0.81250000      260        160       
7.04006047      0.78571429      245        156       
7.04693732      0.74107143      241        141       
7.05381397      0.80059524      266        155       
7.06069061      0.75297619      250        143       
7.06756747      0.78571429      246        157       
7.07444411      0.79464286      251        158       
7.08132076      0.79761905      256        166       
7.08819761      0.80654762      263        160       
7.09507426      0.77976190      250        158       
7.10195090      0.76785714      235        157       
7.10882776      0.79464286      257        159       
7.11570440      0.77976190      255        159       
7.12258125      0.79761905      284        148       
7.12945790      0.83035714      264        169       
7.13633455      0.79166667      258        155       
7.14321140      0.77678571      250        151       
7.14324130      0.78869048      253        150       
7.15011795      0.81845238      260        168       
7.15699480      0.82142857      255        170       
7.16387145      0.78273810      257        153       
7.17074809      0.80059524      245        168       
7.17762495      0.80952381      253        172       
7.18450159      0.80654762      257        166       
7.19137845      0.78273810      248        163       
7.19825509      0.77678571      251        155       
7.20513174      0.79464286      253        156       
7.21200859      0.76488095      246        156       
7.21888524      0.81250000      269        159       
7.22576188      0.78869048      245        160       
7.23263874      0.81547619      247        174       
7.23951538      0.76488095      248        148       
7.24639203      0.80654762      262        151       
7.25326888      0.79464286      252        165       
7.26014553      0.79761905      263        155       
7.26702238      0.81250000      265        154       
7.27389903      0.79761905      249        162       
7.28077567      0.79761905      256        160       
7.28765253      0.80059524      261        171       
7.29452917      0.78571429      261        155       
7.30140582      0.76190476      253        142       
7.30828267      0.77083333      256        152       
7.31515932      0.81250000      274        156       
7.32203596      0.82142857      266        166       
7.32891282      0.79464286      260        154       
7.33578946      0.80654762      266        165       
7.34266611      0.77976190      248        162       
7.34954296      0.79464286      257        159       
7.35641961      0.81547619      264        165       
7.36329646      0.80059524      259        158       
7.37017310      0.78869048      257        156       
7.37704975      0.80059524      261        162       
7.38392660      0.78571429      244        161       
7.39080325      0.79166667      238        164       
7.39767990      0.74702381      237        144       
7.40455675      0.78869048      253        162       
7.41143339      0.77678571      250        157       
7.41831004      0.78571429      256        153       
7.42518689      0.77083333      255        148       
7.43206354      0.80059524      269        160       
7.43894039      0.77380952      247        151       
7.44581704      0.79761905      249        169       
7.45269368      0.75000000      249        145       
7.45957054      0.79761905      256        157       
7.46644718      0.83630952      275        162       
7.47332383      0.79464286      247        161       
7.48020068      0.81547619      258        166       
7.48707733      0.82142857      259        170       
7.49395397      0.80952381      252        168       
7.50083083      0.73511905      235        145       
7.50770747      0.77976190      250        147       
7.51458433      0.82142857      259        152       
7.52146097      0.80059524      257        161       
7.52833762      0.80357143      251        166       
7.53521447      0.80059524      240        173       
7.53525621      0.77380952      231        170       
7.54213286      0.83928571      264        173       
7.54900971      0.81547619      262        167       
7.55588636      0.79761905      251        164       
7.56276300      0.80654762      261        160       
7.56963986      0.81845238      250        166       
7.57651650      0.76488095      255        150       
7.58339336      0.81845238      260        160       
7.59027000      0.81547619      253        161       
7.59714665      0.78571429      254        155       
7.60402350      0.79464286      244        169       
7.61090015      0.79761905      257        162       
7.61777679      0.79166667      237        167       
7.62465365      0.77083333      248        148       
7.63153029      0.81250000      271        149       
7.63840694      0.82738095      257        158       
7.64528379      0.82440476      252        173       
7.65216044      0.80654762      248        167       
7.65903729      0.79464286      260        154       
7.66591394      0.77976190      250        163       
7.67279058      0.80952381      259        151       
7.67966743      0.80357143      255        159       
7.68654408      0.84226190      255        156       
7.69342073      0.79166667      256        157       
7.70029758      0.83333333      257        165       
7.70717423      0.78273810      248        165       
7.71405087      0.77380952      248        152       
7.72092772      0.79761905      256        158       
7.72780437      0.80654762      251        152       
7.73468102      0.81547619      267        154       
7.74155787      0.78571429      252        162       
7.74843451      0.80952381      243        159       
7.75531137      0.78571429      245        151       
7.76218801      0.77976190      258        146       
7.76906466      0.79761905      267        152       
7.77594151      0.75297619      246        160       
7.78281816      0.84226190      282        166       
7.78969480      0.79761905      256        155       
7.79657166      0.82142857      264        161       
7.80344830      0.76488095      251        149       
7.81032495      0.75892857      251        141       
7.81720180      0.78273810      267        161       
7.82407845      0.78869048      252        166       
7.83095530      0.76785714      255        150       
7.83783195      0.76488095      261        151       
7.84470859      0.77976190      244        157       
7.85158545      0.81845238      262        160       
7.85846209      0.82738095      259        161       
7.86533874      0.78869048      250        145       
7.87221559      0.76488095      262        132       
7.87909224      0.80952381      264        152       
7.88596888      0.77083333      238        162       
7.89284574      0.78273810      250        152       
7.89972238      0.77976190      268        139       
7.90659924      0.78273810      245        169       
7.91347588      0.76785714      241        159       
7.92035253      0.80654762      270        155       
7.92712056      0.79761905      248        159       
7.93399721      0.81250000      253        164       
7.94087406      0.80654762      254        174       
7.94775070      0.76488095      248        148       
7.95462735      0.79761905      245        165       
7.96150420      0.79761905      254        154       
7.96838085      0.79761905      259        156       
7.97525770      0.77678571      250        148       
7.98213435      0.79761905      262        156       
7.98901099      0.80654762      262        151       
7.99588785      0.74404762      245        144       
8.00276449      0.80357143      257        162       
8.00964114      0.77380952      252        152       
8.01651799      0.75297619      248        142       
8.02339464      0.81250000      267        149       
8.03027128      0.79464286      264        144       
8.03714814      0.80654762      279        143       
8.04402478      0.77083333      276        139       
8.05090164      0.74404762      250        142       
8.05777828      0.75297619      243        145       
8.06465493      0.78273810      255        158       
8.07153178      0.73511905      257        126       
8.07840843      0.79464286      274        138       
8.08528507      0.78571429      261        143       
8.09216193      0.77083333      246        139       
8.09903857      0.75892857      255        136       
8.10591522      0.80654762      280        150       
8.11279207      0.75892857      245        151       
8.11966872      0.75892857      245        148       
8.12654536      0.76785714      257        143       
8.13342222      0.75595238      256        141       
8.14029886      0.73809524      246        141       
8.14717571      0.72916667      242        135       
8.15405236      0.78273810      248        151       
8.16092901      0.82142857      273        161       
8.16780586      0.82738095      275        157       
8.17468251      0.80357143      256        164       
8.18155915      0.79761905      256        150       
8.18843600      0.81250000      267        148       
8.19531265      0.76785714      255        148       
8.20218930      0.75892857      256        141       
8.20906615      0.79464286      265        147       
8.21594280      0.81845238      272        154       
8.22281965      0.80654762      270        147       
8.22969629      0.82440476      271        156       
8.23657294      0.81547619      272        151       
8.24344979      0.77976190      253        156       
8.25032644      0.80654762      260        155       
8.25720308      0.81250000      266        165       
8.26407994      0.80357143      270        149       
8.27095658      0.75595238      253        141       
8.27783323      0.76190476      251        143       
8.28471008      0.72619048      239        151       
8.29158673      0.80059524      253        166       
8.29846358      0.76190476      235        159       
8.30534023      0.78571429      248        155       
8.31221687      0.75000000      248        136       
8.31878305      0.77678571      253        152       
8.32565970      0.78869048      252        148       
8.33253655      0.74404762      239        144       
8.33941319      0.77678571      258        139       
8.34628984      0.82440476      266        158       
8.35316669      0.73214286      242        135       
8.36004334      0.77083333      253        143       
8.36692019      0.79166667      267        149       
8.37379684      0.79761905      258        153       
8.38067348      0.78273810      248        159       
8.38755034      0.80059524      283        155       
8.39442698      0.75892857      237        164       
8.40130363      0.80654762      269        156       
8.40818048      0.80357143      257        160       
8.41505713      0.79761905      256        149       
8.42193377      0.74107143      237        156       
8.42881063      0.77380952      255        152       
8.43568727      0.76785714      240        157       
8.44256413      0.77678571      242        157       
8.44944077      0.73214286      234        145       
8.45631742      0.75595238      253        136       
8.46319427      0.75000000      255        137       
8.47007092      0.73511905      251        133       
8.47694756      0.75892857      266        141       
8.48382442      0.77380952      262        139       
8.49070106      0.77976190      270        141       
8.49757771      0.77976190      263        157       
8.50445456      0.78273810      251        151       
8.51133121      0.76190476      255        145       
8.51820785      0.77083333      259        145       
8.52508471      0.77678571      260        147       
8.53196135      0.75000000      273        126       
8.53883820      0.74404762      242        148       
8.54571485      0.77678571      257        155       
8.55259150      0.75892857      243        165       
8.55946835      0.78571429      252        160       
8.56634499      0.81250000      270        145       
8.57322164      0.79166667      263        151       
8.58009849      0.77678571      260        142       
8.58697514      0.77976190      257        157       
8.59385179      0.76488095      253        143       
8.60072864      0.77678571      265        146       
8.60760528      0.77380952      248        145       
8.61448214      0.73809524      244        141       
8.62135878      0.75892857      242        157       
8.62823543      0.78571429      259        153       
8.63511228      0.78869048      252        160       
8.64198893      0.80952381      263        171       
8.64886557      0.81250000      263        163       
8.65574243      0.78869048      248        162       
8.66261907      0.76190476      256        153       
8.66949572      0.77976190      252        156       
8.67637257      0.78273810      277        139       
8.68324922      0.81250000      270        160       
8.69012607      0.75000000      249        140       
8.69700272      0.78571429      260        138       
8.70387936      0.79761905      243        161       
8.71042519      0.79166667      255        143       
8.71730183      0.78869048      260        140       
8.72417869      0.75297619      241        138       
8.73105533      0.77678571      251        152       
8.73793198      0.77976190      250        158       
8.74480883      0.77976190      252        146       
8.75168548      0.76785714      253        158       
8.75856233      0.80059524      256        160       
8.76543898      0.80357143      262        174       
8.77231562      0.79464286      265        143       
8.77919247      0.80357143      253        164       
8.78606912      0.72619048      251        140       
8.79294577      0.80654762      269        160       
8.79982262      0.75892857      252        147       
8.80669927      0.78273810      253        156       
8.81357591      0.77678571      261        153       
8.82045276      0.77380952      254        147       
8.82732941      0.75892857      240        163       
8.83420626      0.76488095      247        155       
8.84108291      0.77083333      255        149       
8.84795956      0.77380952      254        142       
8.85483641      0.74404762      237        143       
8.86171305      0.76190476      257        131       
8.86858970      0.75595238      246        144       
8.87546655      0.80952381      270        149       
8.88234320      0.74404762      247        142       
8.88921984      0.78869048      263        147       
8.89609670      0.80654762      254        156       
8.90297334      0.79166667      267        144       
8.90984999      0.79761905      272        151       
8.91672684      0.79761905      273        149       
8.92360349      0.76785714      248        160       
8.93048034      0.77976190      261        152       
8.93735699      0.73809524      242        138       
8.94423363      0.81547619      269        156       
8.95111049      0.78869048      255        154       
8.95798713      0.80059524      250        167       
8.96486378      0.76488095      249        149       
8.97174063      0.83035714      274        156       
8.97861728      0.76190476      259        155       
8.98549392      0.77976190      257        145       
8.99237078      0.80357143      263        158       
8.99924742      0.79761905      264        157       
9.00612428      0.75297619      248        144       
9.01300092      0.77678571      254        156       
9.01987757      0.77380952      263        150       
9.02675442      0.75595238      242        149       
9.03363107      0.74702381      252        136       
9.04050771      0.76190476      259        134       
9.04738457      0.72619048      246        134       
9.05426121      0.78273810      252        149       
9.06113786      0.78571429      265        147       
9.06801471      0.74107143      255        129       
9.07489136      0.75595238      254        143       
9.08176821      0.77083333      251        148       
9.08864485      0.73214286      231        156       
9.09552150      0.79464286      253        163       
9.10189371      0.80059524      238        161       
9.10877036      0.75892857      236        157       
9.11564721      0.80952381      254        186       
9.12252386      0.78273810      255        161       
9.12940050      0.79166667      248        182       
9.13627735      0.82440476      252        176       
9.14315400      0.75000000      240        164       
9.15003085      0.72916667      222        157       
9.15690750      0.76785714      244        159       
9.16378415      0.77380952      237        168       
9.17066100      0.71726190      229        140       
9.17753764      0.76785714      261        153       
9.18441429      0.77976190      250        156       
9.19129114      0.78273810      240        161       
9.19816779      0.81250000      262        169       
9.20504443      0.80952381      268        157       
9.21192129      0.73511905      218        162       
9.21879793      0.79166667      250        160       
9.22567479      0.80059524      263        160       
9.23255143      0.80654762      273        151       
9.23942808      0.76190476      247        157       
9.24630493      0.80357143      256        159       
9.25318158      0.80952381      251        168       
9.26005822      0.82738095      271        164       
9.26693508      0.81250000      251        177       
9.27381172      0.80654762      271        165       
9.28068837      0.77678571      242        171       
9.28756522      0.82440476      272        169       
9.29444187      0.80952381      245        169       
9.30131851      0.81250000      254        172       
9.30819537      0.83333333      266        183       
9.31507201      0.78571429      249        175       
9.32194887      0.82440476      251        181       
9.32882551      0.79464286      247        169       
9.33570216      0.81250000      266        172       
9.34257901      0.78571429      238        162       
9.34945566      0.83928571      259        178       
9.35633230      0.78869048      244        169       
9.36320916      0.77380952      252        152       
9.37008580      0.81547619      270        156       
9.37696245      0.81845238      276        156       
9.38383930      0.81845238      274        156       
9.39071595      0.80059524      259        150       
9.39759280      0.77380952      252        152       
9.40446945      0.77678571      249        166       
9.41134609      0.79464286      263        155       
9.41822294      0.77976190      255        152       
9.42509959      0.83928571      265        169       
9.43197624      0.81250000      263        178       
9.43885309      0.80654762      253        166       
9.44572973      0.77976190      259        154       
9.45260638      0.77976190      260        152       
9.45948323      0.83333333      265        167       
9.46635988      0.81845238      271        162       
9.47323673      0.83630952      283        169       
9.48011338      0.79761905      266        153       
9.48699002      0.81250000      262        169       
9.49334645      0.81250000      261        160       
9.50022310      0.83333333      262        167       
9.50709995      0.82440476      259        173       
9.51397660      0.81845238      258        184       
9.52085324      0.80357143      253        167       
9.52773010      0.75892857      249        153       
9.53460674      0.78571429      253        146       
9.54148359      0.81547619      261        160       
9.54836024      0.79761905      255        166       
9.55523689      0.83630952      271        166       
9.56211374      0.84226190      270        167       
9.56899039      0.78869048      250        179       
9.57586703      0.77976190      254        147       
9.58274388      0.80357143      274        141       
9.58962053      0.80059524      277        152       
9.59649718      0.84523810      288        167       
9.60337403      0.82738095      276        176       
9.61025067      0.84226190      290        167       
9.61712753      0.83928571      287        163       
9.62400417      0.84523810      283        178       
9.63088082      0.86309524      293        171       
9.63775767      0.85714286      289        169       
9.64463432      0.81547619      268        162       
9.65151096      0.81845238      280        154       
9.65838782      0.80654762      281        155       
9.66526446      0.86607143      296        168       
9.67214111      0.82142857      284        155       
9.67901796      0.80952381      289        147       
9.68589461      0.79761905      265        153       
9.69277125      0.84523810      287        164       
9.69964811      0.86011905      288        171       
9.70652475      0.85119048      291        157       
9.71340161      0.83035714      278        172       
9.72027825      0.83928571      279        170       
9.72715490      0.85416667      289        166       
9.73403175      0.84226190      288        171       
9.74090840      0.84523810      292        162       
9.74778504      0.83333333      288        153       
9.75466190      0.84523810      278        155       
9.76153854      0.82738095      282        162       
9.76841519      0.84226190      279        172       
9.77529204      0.80059524      261        166       
9.78216869      0.81845238      269        166       
9.78904554      0.84821429      290        155       
9.79592219      0.83630952      278        160       
9.80279883      0.82440476      282        156       
9.80967568      0.82142857      286        146       
9.81655233      0.82738095      280        160       
9.82342898      0.82440476      273        169       
9.83030583      0.83333333      281        164       
9.83718248      0.85119048      282        174       
9.84405912      0.85119048      283        170       
9.85093597      0.84523810      273        174       
9.85781262      0.81547619      278        158       
9.86468947      0.79761905      281        153       
9.87156612      0.83333333      289        160       
9.87844277      0.80654762      287        162       
9.88509097      0.85416667      285        163       
