   0.00599         0         0         0        0.00000
   0.01215         0         0         0        0.00000
   0.01231         0         0         0        0.00000
   0.01855         0         0         0        0.00000
   0.01901         0         0         0        0.00000
   0.02535         0         0         0        0.00000
   0.02615         0         0         0        0.00000
   0.03262         0         0         0        0.00000
   0.03389         0         0         0        0.00000
   0.04042         0         0         0        0.00000
   0.04588         0         0         0        0.01488
   0.05247         0         0         0        0.00000
   0.05832         0         0         0        0.00000
   0.06498         0         0         0        0.01786
   0.07165         0         0         0        0.00000
   0.07558         0         0         0        0.00000
   0.08233         0         0         0        0.01488
   0.08908         4         0         0        0.00595
   0.09583         0         0         0        0.01190
   0.09809         0         0         0        0.00000
   0.10497        12        10         0        0.08036
   0.11184         0         0         0        0.11012
   0.11872        12         0         0        0.09524
   0.12560         4         0         0        0.14286
   0.13247         0         0         0        0.17857
   0.13935        16         0         0        0.13095
   0.14623         2        10         0        0.14881
   0.15310         0        12         0        0.14583
   0.15998         2        31         0        0.15476
   0.16686        12        34         0        0.17262
   0.17373        14        11         0        0.09821
   0.18061        14        12         3        0.15476
   0.18749        19         4         0        0.11310
   0.19436        10         0         0        0.15774
   0.20124        23        11         0        0.09524
   0.20812        41         0         4        0.16667
   0.21499        36         8         0        0.19940
   0.22187        35         9         0        0.19048
   0.22875        39        28         0        0.21726
   0.23562        15        39         0        0.14286
   0.24250        52        42         3        0.20833
   0.24938        16        73         0        0.28571
   0.25625         8        37         0        0.22024
   0.26313        17        61         0        0.25893
   0.27001         8        62         0        0.21429
   0.27688        21       156         0        0.29167
   0.28376        36       120         0        0.24107
   0.29064        25       161         1        0.34524
   0.29751        21       144         0        0.34821
   0.30439        15       152         0        0.35714
   0.31127        20       182         0        0.36905
   0.31814        19       195         1        0.39286
   0.32502        29       180         0        0.38988
   0.33190         0       152         0        0.34821
   0.33877        17       243         0        0.51786
   0.34565         8       211         0        0.43452
   0.35253        12       187         0        0.41667
   0.35940        12       190         0        0.38690
   0.36628        17       170         0        0.37202
   0.37316        24       159         0        0.34821
   0.38003        29       157         1        0.34226
   0.38691        25       206         0        0.41964
   0.39379        17       184         0        0.44048
   0.40066        15       202         0        0.49107
   0.40754        22       206         0        0.46429
   0.41442        32       207         0        0.46131
   0.42129        16       215         0        0.45536
   0.42817        17       242         0        0.44643
   0.43505        26       229         0        0.52083
   0.44192        27       219         0        0.47321
   0.44880        43       233         3        0.48214
   0.45568        27       240         0        0.45833
   0.46255        58       270         2        0.48810
   0.46943        15       260         0        0.45536
   0.47631        27       280         0        0.50893
   0.47886         9       260         0        0.48214
   0.48574        16       280         0        0.52381
   0.49261        14       258         1        0.52083
   0.49949        12       260         0        0.47619
   0.50637        17       266         0        0.47321
   0.51324        17       346         0        0.54167
   0.52012        15       226         0        0.43452
   0.52700        11       286         0        0.49107
   0.53387         5       321         0        0.48810
   0.54075         4       279         0        0.50000
   0.54763        26       338         0        0.61905
   0.55450        20       285         0        0.57440
   0.56138        23       313         0        0.54464
   0.56826        12       306         0        0.60714
   0.57513         6       318         0        0.60119
   0.58201        26       341         2        0.61607
   0.58889        23       320         0        0.58036
   0.59576        15       302         0        0.58929
   0.60264         7       294         0        0.58333
   0.60952        14       307         0        0.58631
   0.61639        17       325         0        0.58631
   0.62327        16       377         0        0.66667
   0.63015        13       317         0        0.57143
   0.63702        19       355         0        0.61905
   0.64390         6       358         0        0.58036
   0.65078         6       371         0        0.60119
   0.65765        27       349         0        0.63690
   0.66453         9       401         0        0.65774
   0.67141         6       368         0        0.64286
   0.67828         4       378         0        0.61012
   0.68516        11       337         0        0.61905
   0.69204        17       368         0        0.63095
   0.69891        14       371         0        0.63690
   0.70579        12       361         0        0.66071
   0.71267         8       335         0        0.62202
   0.71954         7       357         0        0.66369
   0.72642         4       365         0        0.65476
   0.73330         4       355         0        0.62500
   0.74017         8       360         0        0.63095
   0.74705         8       391         0        0.64881
   0.75393         6       391         0        0.61607
   0.76081         8       387         0        0.60714
   0.76768        12       382         0        0.64286
   0.77456         8       346         0        0.62798
   0.78144         6       363         0        0.60714
   0.78831         6       336         0        0.60714
   0.79519        13       361         0        0.65774
   0.80207        20       382         0        0.63988
   0.80894        30       333         1        0.64881
   0.81582        28       385         0        0.66964
   0.82270        14       382         1        0.64286
   0.82957        20       381         0        0.64881
   0.83645        28       370         0        0.65476
   0.84333        34       368         0        0.66369
   0.85020        23       362         0        0.66667
   0.85708        24       379         0        0.65476
   0.86133        21       350         0        0.64583
   0.86820        29       370         0        0.62202
   0.87508        27       350         1        0.61310
   0.88196        18       337         0        0.57738
   0.88883        36       358         0        0.61310
   0.89571        23       333         0        0.57143
   0.90259        23       283         0        0.55655
   0.90946        30       317         0        0.55655
   0.91634        16       364         0        0.59524
   0.92322        25       336         0        0.57738
   0.93009        12       320         0        0.58333
   0.93697        25       325         0        0.60119
   0.94385        32       293         0        0.59821
   0.95072        24       335         0        0.59524
   0.95760        24       310         0        0.60119
   0.96448        27       316         0        0.58036
   0.97135        28       325         0        0.59821
   0.97823        23       410         0        0.65179
   0.98511        24       349         0        0.69048
   0.99198        25       354         0        0.63095
   0.99886        16       302         0        0.53571
   1.00574         5       328         0        0.57143
   1.01261        31       392         0        0.63988
   1.01949         6       358         0        0.57738
   1.02637         0       433         0        0.60714
   1.03324         7       403         0        0.67857
   1.04012         6       364         0        0.67262
   1.04700        18       413         0        0.72917
   1.05387         5       432         0        0.67560
   1.06075         4       425         0        0.61310
   1.06763         6       424         0        0.66964
   1.07450         4       433         0        0.64286
   1.08138         4       442         0        0.63988
   1.08826         4       371         0        0.65476
   1.09513        12       434         1        0.65179
   1.10201         9       407         0        0.63988
   1.10889         4       442         0        0.68750
   1.11576        16       425         0        0.71429
   1.12264         9       457         0        0.73512
   1.12952        20       391         0        0.66667
   1.13639        29       409         0        0.69643
   1.14327        27       394         0        0.70238
   1.15015        25       416         0        0.71131
   1.15702        17       418         0        0.68155
   1.16390        16       402         0        0.66667
   1.17078        16       409         0        0.71429
   1.17765        15       432         0        0.69345
   1.18453        22       437         0        0.72917
   1.19141        29       365         0        0.69345
   1.19828        30       353         0        0.65774
   1.20516        36       408         0        0.71131
   1.21204        34       418         0        0.67857
   1.21892        28       418         0        0.69345
   1.22579        31       430         0        0.70238
   1.23267        23       406         0        0.70833
   1.23955        26       433         0        0.75298
   1.24349        21       418         0        0.76190
   1.25037        22       407         0        0.71131
   1.25725        28       412         0        0.73512
   1.26412        33       417         0        0.74405
   1.27100        22       408         0        0.70833
   1.27788        21       448         0        0.77976
   1.28475        23       421         0        0.72321
   1.29163        19       428         0        0.73214
   1.29851        20       371         0        0.69345
   1.30538        31       351         0        0.65179
   1.31226        28       355         0        0.70536
   1.31914        28       390         0        0.69345
   1.32601        19       380         0        0.68750
   1.33289        43       397         0        0.69940
   1.33977        27       416         0        0.74107
   1.34664        37       386         0        0.71131
   1.35352        35       407         0        0.75595
   1.36040        19       378         0        0.69345
   1.36727        29       393         0        0.74107
   1.37415        23       403         0        0.68750
   1.38103        17       345         0        0.67262
   1.38790        39       381         0        0.69643
   1.39478        22       396         0        0.73214
   1.40166        33       395         0        0.68750
   1.40854        36       356         0        0.69643
   1.41541        37       372         0        0.66667
   1.42229        38       406         0        0.74702
   1.42917        17       376         0        0.67262
   1.43604        38       395         0        0.65476
   1.44292        27       426         0        0.72321
   1.44980        12       423         0        0.66071
   1.45667        34       415         0        0.66964
   1.46355        29       372         0        0.67857
   1.47043        53       389         2        0.71429
   1.47730        31       406         1        0.69940
   1.48418        21       417         0        0.73512
   1.49106        32       393         0        0.68452
   1.49793        20       379         0        0.65476
   1.50481        36       364         0        0.65476
   1.51169        25       364         0        0.68750
   1.51856        34       402         0        0.69345
   1.52544        21       399         0        0.70238
   1.53232        22       413         0        0.74107
   1.53919        24       399         0        0.73214
   1.54607        16       391         0        0.73512
   1.55295        25       411         0        0.69643
   1.55982        28       386         0        0.67560
   1.56670        24       393         0        0.69345
   1.57358        31       412         0        0.74107
   1.58045        42       431         0        0.76488
   1.58733        29       371         0        0.67857
   1.59421        27       365         0        0.69940
   1.60108        18       421         0        0.72619
   1.60796        19       399         0        0.72619
   1.61484        18       362         0        0.68750
   1.62171        30       447         0        0.75298
   1.62599        34       420         0        0.72917
   1.63287        22       431         0        0.70536
   1.63974        28       401         0        0.71726
   1.64662        26       394         0        0.74405
   1.65350        24       354         0        0.67262
   1.66037        27       410         0        0.73214
   1.66725        20       389         0        0.72917
   1.67413        16       403         0        0.73214
   1.68100        26       409         0        0.71726
   1.68788        24       422         0        0.71726
   1.69476        39       356         0        0.66369
   1.70163        28       405         0        0.69940
   1.70851        46       408         0        0.71726
   1.71539        23       377         0        0.66369
   1.72226        23       442         0        0.73214
   1.72914        29       442         0        0.74405
   1.73602        24       405         0        0.69940
   1.74289        33       398         0        0.69643
   1.74977        22       437         0        0.76786
   1.75665        43       414         0        0.74702
   1.76352        23       386         0        0.73512
   1.77040        21       409         0        0.74107
   1.77728        34       358         0        0.70833
   1.78415        20       407         0        0.74405
   1.79103        35       434         0        0.75595
   1.79791        25       409         0        0.75298
   1.80478        24       388         0        0.74107
   1.81166        23       426         0        0.74405
   1.81854        36       405         0        0.72321
   1.82541        25       426         0        0.73810
   1.83229        36       426         0        0.77381
   1.83917        23       405         0        0.72321
   1.84604        32       402         0        0.75000
   1.85292        19       396         0        0.74107
   1.85980        18       421         0        0.76190
   1.86667        26       398         0        0.72619
   1.87355        33       329         0        0.66964
   1.88043        26       390         0        0.67560
   1.88730        26       392         0        0.70833
   1.89418        21       399         0        0.66964
   1.90106        27       399         0        0.73512
   1.90793        23       411         0        0.73512
   1.91481        20       461         0        0.74107
   1.92169        26       414         0        0.71726
   1.92856        32       479         0        0.75595
   1.93544        27       461         0        0.76786
   1.94232        33       456         0        0.75893
   1.94919        40       466         0        0.76786
   1.95607        41       469         0        0.78571
   1.96295        16       445         0        0.70833
   1.96982        34       417         0        0.74702
   1.97670        38       431         0        0.71429
   1.98358        28       456         2        0.74107
   1.99045        25       459         0        0.73512
   1.99733        28       416         0        0.74405
   2.00421        17       427         0        0.68452
   2.00906        19       461         0        0.72024
   2.01593        38       486         0        0.75000
   2.02281        23       464         0        0.77381
   2.02969        37       452         0        0.72024
   2.03656        23       429         0        0.74405
   2.04344        32       460         0        0.78274
   2.05032        22       432         0        0.70833
   2.05719        21       450         0        0.73214
   2.06407        28       460         0        0.73810
   2.07095        21       514         0        0.78274
   2.07782        24       467         0        0.75000
   2.08470        33       467         0        0.78571
   2.09158        16       458         0        0.74107
   2.09845        22       430         0        0.72619
   2.10533        19       472         0        0.75595
   2.11221        31       431         0        0.74107
   2.11908        25       493         0        0.77976
   2.12596        33       435         0        0.68452
   2.13284        28       454         0        0.78274
   2.13971        24       463         0        0.73512
   2.14659        19       472         0        0.75893
   2.15347        23       494         0        0.73810
   2.16034        32       471         0        0.74702
   2.16722        19       494         0        0.74405
   2.17410        23       479         0        0.74405
   2.18097        20       504         0        0.79464
   2.18785        25       542         0        0.79762
   2.19473        16       529         0        0.77083
   2.20160        13       506         0        0.76488
   2.20848        17       511         0        0.75893
   2.21536        10       479         0        0.74405
   2.22223        17       407         0        0.71429
   2.22911        17       473         0        0.72321
   2.23599        22       457         0        0.73214
   2.24286        23       497         0        0.76488
   2.24974        25       449         0        0.71726
   2.25662        23       450         0        0.72619
   2.26349        27       456         0        0.78571
   2.27037        22       412         0        0.72024
   2.27725        16       426         0        0.72619
   2.28412        27       407         0        0.76190
   2.29100        33       457         0        0.76190
   2.29788        30       453         0        0.74107
   2.30476        20       486         0        0.75000
   2.31163        23       431         0        0.73512
   2.31851        28       422         0        0.73810
   2.32539        37       471         0        0.76786
   2.33226        15       412         0        0.70833
   2.33914        27       424         0        0.72321
   2.34602        23       466         0        0.72321
   2.35289        19       466         0        0.75595
   2.35977        29       450         0        0.74702
   2.36665        35       491         0        0.73512
   2.37352        27       409         0        0.72917
   2.38040        34       455         0        0.72321
   2.38728        22       459         0        0.75298
   2.39225        29       436         0        0.75893
   2.39913        24       458         0        0.75298
   2.40600        17       480         0        0.74405
   2.41288        25       454         0        0.72619
   2.41976        15       481         0        0.75893
   2.42663        20       477         0        0.79464
   2.43351        18       449         0        0.75595
   2.44039        18       419         0        0.76488
   2.44726        21       416         0        0.71726
   2.45414        26       498         0        0.79464
   2.46102        18       410         0        0.68750
   2.46789        34       482         1        0.76190
   2.47477        35       446         0        0.77679
   2.48165        37       425         0        0.74107
   2.48852        39       459         1        0.77381
   2.49540        23       403         0        0.72024
   2.50228        40       429         0        0.75595
   2.50915        21       456         0        0.75595
   2.51603        26       423         0        0.73810
   2.52291        28       425         0        0.75298
   2.52979        41       395         0        0.72024
   2.53666        20       425         0        0.74107
   2.54354        30       429         0        0.73214
   2.55042        20       409         0        0.75000
   2.55729        29       417         0        0.72619
   2.56417        20       405         0        0.73810
   2.57105        21       436         0        0.73214
   2.57792        32       432         0        0.73214
   2.58480        20       416         0        0.72917
   2.59168        39       427         0        0.74405
   2.59855        38       403         0        0.69048
   2.60543        18       419         0        0.69940
   2.61231        36       450         0        0.74405
   2.61918        22       437         0        0.75893
   2.62606        14       479         0        0.77083
   2.63294        44       446         1        0.77976
   2.63981        33       420         1        0.73214
   2.64669        13       408         1        0.70833
   2.65357        25       450         0        0.73512
   2.66044        27       428         0        0.70238
   2.66732        18       398         0        0.69048
   2.67420        17       415         0        0.68155
   2.68107        12       417         0        0.70536
   2.68795        21       434         0        0.68750
   2.69483        22       420         0        0.72024
   2.70170        18       447         0        0.71429
   2.70858        15       450         0        0.72917
   2.71546        22       447         0        0.73214
   2.72233        17       466         0        0.76786
   2.72921        19       489         0        0.74702
   2.73609        31       453         0        0.75000
   2.74296        19       466         0        0.76190
   2.74984        16       456         0        0.72024
   2.75672        35       414         0        0.74702
   2.76359        21       432         0        0.75595
   2.77047        31       444         0        0.77381
   2.77515        27       446         0        0.72024
   2.78202        26       460         0        0.73214
   2.78890        25       449         0        0.72321
   2.79578        33       444         0        0.75595
   2.80265        20       425         0        0.72619
   2.80953        22       439         0        0.77083
   2.81641        24       407         0        0.69048
   2.82328        24       414         0        0.74107
   2.83016        21       420         0        0.72619
   2.83704        26       442         0        0.74107
   2.84391        32       496         1        0.77679
   2.85079        48       456         3        0.81548
   2.85767        27       437         0        0.73214
   2.86454        36       449         0        0.72024
   2.87142        28       432         0        0.73512
   2.87830        34       449         0        0.73810
   2.88517        36       475         0        0.76488
   2.89205        30       424         0        0.75000
   2.89893        18       463         0        0.75893
   2.90580        30       432         0        0.72917
   2.91268        29       386         0        0.70536
   2.91956        27       455         0        0.72024
   2.92643        36       448         0        0.72024
   2.93331        19       450         0        0.72619
   2.94019        24       454         0        0.74405
   2.94706        26       439         0        0.75893
   2.95394        38       438         0        0.75000
   2.96082        23       485         0        0.78571
   2.96769        18       454         0        0.78274
   2.97457        21       443         0        0.76190
   2.98145        21       462         0        0.78274
   2.98832        20       446         0        0.74107
   2.99520        24       454         0        0.73214
   3.00208        34       431         0        0.71726
   3.00895        21       461         0        0.79464
   3.01583        14       535         0        0.81548
   3.02271        29       466         0        0.72619
   3.02958        22       478         0        0.74405
   3.03646        22       457         0        0.78869
   3.04334        15       497         0        0.76786
   3.05022        33       453         0        0.75893
   3.05709        35       451         0        0.78571
   3.06397        25       448         0        0.78571
   3.07085        21       472         0        0.76786
   3.07772        20       492         0        0.80357
   3.08460        14       419         0        0.73810
   3.09148        26       507         0        0.80357
   3.09835        30       511         0        0.77679
   3.10523        20       434         0        0.75893
   3.11211        18       469         0        0.71131
   3.11898        18       423         0        0.73214
   3.12586        22       499         0        0.79762
   3.13274        20       476         0        0.77083
   3.13961        17       447         0        0.75000
   3.14649        16       423         0        0.73810
   3.15337        14       471         0        0.74107
   3.15826        21       464         0        0.73214
   3.16513        45       422         0        0.70833
   3.17201        21       463         0        0.74702
   3.17889        24       471         0        0.75000
   3.18576        24       492         0        0.77679
   3.19264        19       438         0        0.71429
   3.19952        26       472         0        0.73214
   3.20639        25       473         0        0.75595
   3.21327        27       468         0        0.75298
   3.22015        34       451         0        0.74702
   3.22702        18       403         0        0.70833
   3.23390        17       422         0        0.72917
   3.24078        20       450         0        0.75595
   3.24765        22       433         0        0.75893
   3.25453        18       405         0        0.75595
   3.26141        26       454         0        0.78571
   3.26828        25       478         0        0.77976
   3.27516        16       448         0        0.78869
   3.28204        14       466         0        0.79464
   3.28891        27       443         0        0.78274
   3.29579        18       422         0        0.76190
   3.30267        25       417         0        0.76190
   3.30954        23       424         0        0.74107
   3.31642        15       429         0        0.75000
   3.32330        16       435         0        0.75595
   3.33017        21       455         0        0.80060
   3.33705        26       469         0        0.79167
   3.34393        24       438         0        0.77381
   3.35080        19       433         0        0.77976
   3.35768        19       393         0        0.74405
   3.36456        10       434         0        0.79762
   3.37143        20       464         0        0.78869
   3.37831        28       417         0        0.72917
   3.38519        24       432         0        0.77381
   3.39206        34       395         0        0.73810
   3.39894        24       445         0        0.74107
   3.40582        15       475         0        0.78869
   3.41269        13       421         0        0.75298
   3.41957        26       462         0        0.77381
   3.42645        25       446         0        0.78571
   3.43332        16       441         0        0.79762
   3.44020        16       443         0        0.79464
   3.44708        32       454         0        0.79167
   3.45395        36       470         0        0.77381
   3.46083        36       447         0        0.77679
   3.46771        30       442         0        0.77381
   3.47458        27       447         0        0.78274
   3.48146        30       477         1        0.80952
   3.48834        23       425         0        0.77679
   3.49522        26       444         0        0.79464
   3.50209        31       455         0        0.75595
   3.50897        23       456         0        0.78571
   3.51585        20       462         0        0.79464
   3.52272        36       442         0        0.75893
   3.52960        22       455         0        0.76488
   3.53648        30       465         0        0.76488
   3.54156        26       436         0        0.75595
   3.54843        29       462         0        0.75298
   3.55531        25       447         0        0.78571
   3.56219        37       432         0        0.74107
   3.56906        22       442         0        0.77083
   3.57594        24       434         0        0.76488
   3.58282        27       473         0        0.74702
   3.58969        22       426         0        0.69940
   3.59657        22       450         0        0.76786
   3.60345        24       443         0        0.77679
   3.61032        21       443         0        0.75000
   3.61720        24       473         0        0.77976
   3.62408        16       407         0        0.75595
   3.63095        25       490         0        0.78869
   3.63783        24       456         0        0.76786
   3.64471        25       503         0        0.80655
   3.65158        23       436         0        0.69643
   3.65846        27       475         0        0.76786
   3.66534        24       435         0        0.77083
   3.67221        17       434         0        0.75595
   3.67909        25       451         0        0.79464
   3.68597        26       433         0        0.76190
   3.69284        32       440         0        0.73810
   3.69972        25       459         0        0.76786
   3.70660        22       378         0        0.72619
   3.71347        21       412         0        0.72024
   3.72035        31       436         0        0.75595
   3.72723        31       446         0        0.77381
   3.73411        23       449         0        0.73512
   3.74098        24       439         0        0.73810
   3.74786        23       447         0        0.78869
   3.75474        17       457         0        0.78869
   3.76161        25       438         0        0.76786
   3.76849        30       454         0        0.76190
   3.77537        24       480         0        0.77679
   3.78224        30       437         0        0.77381
   3.78912        29       477         0        0.78274
   3.79600        30       463         0        0.77976
   3.80287        22       481         0        0.77381
   3.80975        27       437         0        0.77381
   3.81663        24       442         0        0.77381
   3.82350        35       498         0        0.78571
   3.83038        15       432         0        0.75595
   3.83726        20       424         0        0.76786
   3.84413        25       433         0        0.77083
   3.85101        29       470         0        0.78274
   3.85789        30       419         0        0.77083
   3.86476        24       425         0        0.77381
   3.87164        33       456         0        0.75298
   3.87852        22       504         0        0.80060
   3.88539        15       469         0        0.75893
   3.89227        25       448         0        0.79464
   3.89915        22       451         0        0.76786
   3.90602        28       480         0        0.77679
   3.91290        18       431         0        0.73214
   3.91978        15       434         0        0.76786
   3.92557        17       475         0        0.75298
   3.93244        12       418         0        0.71726
   3.93932        23       421         0        0.75000
   3.94620        10       415         0        0.75000
   3.95307        25       397         0        0.74405
   3.95995        22       443         0        0.75893
   3.96683        18       456         0        0.74702
   3.97370        21       430         0        0.75893
   3.98058        20       464         0        0.79167
   3.98746        29       463         0        0.78869
   3.99433        25       452         0        0.79464
   4.00121        28       467         0        0.79167
   4.00809        21       472         0        0.76786
   4.01497        18       465         0        0.77381
   4.02184        24       450         0        0.74107
   4.02872        17       465         0        0.78869
   4.03560        24       463         0        0.75298
   4.04247        21       444         0        0.77083
   4.04935        28       454         0        0.78274
   4.05623        32       433         0        0.79167
   4.06310        26       435         0        0.74405
   4.06998        26       461         0        0.76190
   4.07686        12       451         0        0.76786
   4.08373        16       417         0        0.73214
   4.09061        27       410         0        0.72321
   4.09749        21       418         0        0.74405
   4.10436        31       475         0        0.76786
   4.11124        27       451         0        0.76488
   4.11812        20       425         0        0.76190
   4.12499        31       476         0        0.78869
   4.13187        26       458         0        0.80357
   4.13875        29       437         0        0.78869
   4.14562        26       447         0        0.75893
   4.15250        25       445         0        0.78869
   4.15938        30       447         0        0.77381
   4.16625        20       435         0        0.77976
   4.17313        27       445         0        0.78571
   4.18001        20       451         0        0.72619
   4.18688        18       423         0        0.76786
   4.19376        19       442         0        0.75893
   4.20064        28       433         0        0.75298
   4.20751        14       423         0        0.76786
   4.21439        20       411         0        0.75893
   4.22127        18       431         0        0.76190
   4.22814        19       422         0        0.80357
   4.23502        18       417         0        0.75893
   4.24190        18       435         0        0.78869
   4.24877        20       422         0        0.75298
   4.25565        22       450         0        0.76786
   4.26253        18       423         0        0.75893
   4.26940        30       412         0        0.74702
   4.27628        22       440         0        0.80655
   4.28316        20       419         0        0.76190
   4.29003        24       421         0        0.77381
   4.29691        24       425         0        0.75298
   4.30379        18       413         0        0.76786
   4.30946        23       440         0        0.76190
   4.31634        17       427         0        0.75595
   4.32321        28       415         0        0.74107
   4.33009        22       439         0        0.76488
   4.33697        28       448         0        0.78571
   4.34384        20       480         0        0.79167
   4.35072        23       446         0        0.74405
   4.35760        23       465         0        0.81250
   4.36447        25       440         0        0.75298
   4.37135        25       495         0        0.79464
   4.37823        24       431         0        0.74405
   4.38510        27       448         0        0.77381
   4.39198        25       428         0        0.77381
   4.39886        29       469         0        0.76488
   4.40573        31       473         0        0.74107
   4.41261        31       490         1        0.78274
   4.41949        25       428         0        0.75595
   4.42636        31       402         0        0.75893
   4.43324        14       437         0        0.75595
   4.44012        27       446         0        0.75000
   4.44699        42       487         0        0.75298
   4.45387        28       441         0        0.75298
   4.46075        21       436         0        0.76488
   4.46762        23       448         0        0.76190
   4.47450        23       459         0        0.78274
   4.48138        24       458         0        0.75595
   4.48825        28       424         0        0.75595
   4.49513        26       466         0        0.77083
   4.50201        21       475         0        0.80060
   4.50888        26       446         0        0.75298
   4.51576        30       498         0        0.82738
   4.52264        23       465         0        0.79762
   4.52951        25       444         0        0.77381
   4.53639        27       478         0        0.78869
   4.54327        22       476         0        0.77976
   4.55014        24       461         0        0.77679
   4.55702        31       479         0        0.77976
   4.56390        26       414         0        0.73214
   4.57077        28       468         0        0.79167
   4.57765        31       432         0        0.76488
   4.58453        30       467         0        0.77381
   4.59140        21       462         0        0.76488
   4.59828        25       463         0        0.76488
   4.60516        27       446         0        0.78274
   4.61203        29       428         0        0.76786
   4.61891        26       415         0        0.76786
   4.62579        33       447         0        0.78571
   4.63266        26       424         0        0.74107
   4.63954        28       461         0        0.78274
   4.64642        20       438         0        0.76488
   4.65329        21       440         0        0.77381
   4.66017        30       418         0        0.75893
   4.66705        15       456         0        0.72619
   4.67393        17       452         0        0.77083
   4.68080        20       381         0        0.70536
   4.68768        49       409         0        0.72024
   4.69291        16       409         0        0.75893
   4.69979        32       388         0        0.78571
   4.70667        15       449         0        0.75298
   4.71354        26       411         0        0.72917
   4.72042        16       456         0        0.77083
   4.72730        22       455         0        0.76786
   4.73418        20       421         0        0.73810
   4.74105        14       431         0        0.73810
   4.74793        27       435         0        0.77976
   4.75481        29       403         0        0.71726
   4.76168        31       393         0        0.74107
   4.76856        19       444         0        0.75595
   4.77544        19       447         0        0.72024
   4.78231        22       437         0        0.75298
   4.78919        22       433         0        0.75893
   4.79607        20       471         0        0.77083
   4.80294        17       473         0        0.77381
   4.80982        22       413         0        0.76786
   4.81670        31       416         0        0.78869
   4.82357        21       466         0        0.76488
   4.83045        27       475         0        0.76190
   4.83733        22       387         0        0.69048
   4.84420        24       468         0        0.75000
   4.85108        23       461         0        0.73810
   4.85796        24       457         0        0.76190
   4.86483        22       431         0        0.74107
   4.87171        22       466         0        0.75595
   4.87859        27       424         0        0.78274
   4.88546        24       447         0        0.75298
   4.89234        29       448         0        0.76190
   4.89922        24       446         0        0.74702
   4.90609        26       444         0        0.75298
   4.91297        28       441         0        0.78571
   4.91985        16       529         0        0.77381
   4.92672        22       415         0        0.73810
   4.93360        27       451         0        0.79762
   4.94048        21       416         0        0.74405
   4.94735        43       417         0        0.80060
   4.95423        22       464         0        0.80357
   4.96111        36       448         0        0.72619
   4.96798        22       484         0        0.75298
   4.97486        22       401         0        0.76786
   4.98174        26       443         0        0.75298
   4.98861        17       469         0        0.76190
   4.99549        32       441         0        0.74107
   5.00237        38       458         0        0.76786
   5.00924        33       443         0        0.74107
   5.01612        29       446         0        0.72321
   5.02300        45       440         0        0.70536
   5.02987        31       450         0        0.75893
   5.03675        29       443         0        0.74702
   5.04363        27       455         0        0.75595
   5.05050        26       432         0        0.72321
   5.05738        28       489         0        0.76786
   5.06426        23       409         0        0.75893
   5.07113        37       433         0        0.76190
   5.07663        24       426         0        0.76190
   5.08351        32       425         0        0.72917
   5.09038        22       450         0        0.74405
   5.09726        27       457         0        0.75595
   5.10414        29       434         0        0.75298
   5.11101        21       427         0        0.73512
   5.11789        23       465         0        0.77083
   5.12477        30       413         0        0.75000
   5.13164        20       465         0        0.75595
   5.13852        27       453         0        0.77381
   5.14540        27       454         0        0.75893
   5.15227        25       462         0        0.77083
   5.15915        12       427         0        0.73214
   5.16603        26       440         0        0.76786
   5.17290        29       457         0        0.74405
   5.17978        20       447         0        0.76190
   5.18666        27       475         0        0.73810
   5.19353        20       469         0        0.74405
   5.20041        27       440         0        0.74405
   5.20729        24       458         0        0.79167
   5.21417        17       404         0        0.71429
   5.22104        20       448         0        0.73810
   5.22792        29       427         0        0.75000
   5.23480        27       421         0        0.74405
   5.24167        22       412         0        0.73512
   5.24855        30       454         0        0.74702
   5.25543        24       440         0        0.73214
   5.26230        28       424         0        0.75298
   5.26918        23       454         0        0.77381
   5.27606        17       415         0        0.73512
   5.28293        24       433         0        0.75298
   5.28981        20       430         0        0.76786
   5.29669        23       451         0        0.75298
   5.30356        28       460         0        0.78571
   5.31044        24       413         0        0.72321
   5.31732        34       444         0        0.74405
   5.32419        26       432         0        0.75298
   5.33107        30       416         0        0.77083
   5.33795        27       424         0        0.75000
   5.34482        28       409         0        0.76190
   5.35170        45       467         0        0.77083
   5.35858        26       441         0        0.77679
   5.36545        22       423         0        0.77381
   5.37233        28       458         0        0.78274
   5.37921        32       465         0        0.77083
   5.38608        23       464         0        0.75298
   5.39296        20       460         0        0.74107
   5.39984        28       435         0        0.75595
   5.40671        24       444         0        0.75893
   5.41359        18       439         0        0.77083
   5.42047        24       439         0        0.75595
   5.42734        16       453         0        0.78869
   5.43422        23       432         0        0.75298
   5.44110        24       464         0        0.79464
   5.44797        28       434         0        0.76786
   5.45485        24       457         0        0.80952
   5.46051        18       435         0        0.77976
   5.46739        34       448         0        0.73214
   5.47426        36       455         0        0.75298
   5.48114        33       434         0        0.76190
   5.48802        25       398         0        0.75298
   5.49489        28       406         0        0.73214
   5.50177        29       411         0        0.76488
   5.50865        27       385         0        0.71131
   5.51552        24       436         0        0.74405
   5.52240        25       427         0        0.74107
   5.52928        30       442         0        0.74405
   5.53615        36       443         0        0.74702
   5.54303        19       408         0        0.74702
   5.54991        36       431         0        0.76488
   5.55678        22       409         0        0.74702
   5.56366        30       440         0        0.74405
   5.57054        27       409         0        0.75000
   5.57741        23       436         0        0.77976
   5.58429        23       443         0        0.74702
   5.59117        19       433         0        0.75000
   5.59804        24       442         0        0.75595
   5.60492        19       399         0        0.71429
   5.61180        18       418         0        0.76488
   5.61867        20       401         0        0.75595
   5.62555        30       479         0        0.77976
   5.63243        26       484         0        0.78571
   5.63930        30       443         0        0.77679
   5.64618        16       450         0        0.78274
   5.65306        27       407         0        0.73214
   5.65993        22       443         0        0.75595
   5.66681        22       447         0        0.76190
   5.67369        21       410         0        0.76786
   5.68056        16       438         0        0.78274
   5.68744        20       433         0        0.77976
   5.69432        26       444         0        0.75893
   5.70119        30       465         0        0.76786
   5.70807        23       517         0        0.79762
   5.71495        38       486         0        0.76190
   5.72183        18       443         0        0.78869
   5.72870        25       440         0        0.80060
   5.73558        21       475         0        0.76488
   5.74246        24       443         0        0.77679
   5.74933        34       486         0        0.79762
   5.75621        30       459         0        0.78869
   5.76309        34       440         0        0.75000
   5.76996        23       459         0        0.78571
   5.77684        19       480         0        0.79167
   5.78372        25       437         0        0.75595
   5.79059        28       429         0        0.76786
   5.79747        22       440         0        0.74405
   5.80435        28       427         1        0.79464
   5.81122        30       465         0        0.77083
   5.81810        29       450         1        0.76488
   5.82498        28       435         0        0.75893
   5.83185        20       427         0        0.74702
   5.83873        18       433         0        0.74702
   5.84459        29       439         0        0.72321
   5.85147        19       432         0        0.75000
   5.85834        17       411         0        0.74107
   5.86522        26       451         0        0.78571
   5.87210        25       443         0        0.77083
   5.87897        20       440         0        0.78274
   5.88585        22       411         0        0.76786
   5.89273        27       435         0        0.77083
   5.89960        30       422         0        0.77083
   5.90648        27       445         0        0.72917
   5.91336        25       453         0        0.77976
   5.92023        26       407         0        0.74405
   5.92711        24       441         0        0.72619
   5.93399        16       423         0        0.72321
   5.94086        18       412         0        0.76190
   5.94774        20       425         0        0.75298
   5.95462        22       418         0        0.73214
   5.96149        25       435         0        0.74107
   5.96837        28       431         0        0.76190
   5.97525        16       468         0        0.77083
   5.98212        34       458         0        0.77679
   5.98900        26       440         0        0.77083
   5.99588        15       438         0        0.72321
   6.00275        35       491         0        0.76786
   6.00963        24       438         0        0.79167
   6.01651        21       443         0        0.78869
   6.02338        15       472         0        0.75893
   6.03026        15       431         0        0.75298
   6.03714        20       434         0        0.80357
   6.04401        24       436         0        0.76190
   6.05089        21       415         0        0.78274
   6.05777        26       455         0        0.75893
   6.06464        24       488         0        0.82143
   6.07152        20       446         0        0.74107
   6.07840        13       431         0        0.78274
   6.08527        25       477         0        0.77083
   6.09215        33       454         0        0.77976
   6.09903        21       447         0        0.76190
   6.10590        20       470         0        0.76190
   6.11278        24       451         0        0.78571
   6.11966        26       491         0        0.78274
   6.12653        30       482         0        0.79167
   6.13341        21       429         0        0.77679
   6.14029        30       447         0        0.79762
   6.14716        14       449         0        0.75595
   6.15404        23       429         0        0.72917
   6.16092        32       420         0        0.75595
   6.16779        26       435         0        0.76786
   6.17467        19       439         0        0.75000
   6.18155        24       412         0        0.76190
   6.18843        31       443         0        0.77679
   6.19530        26       445         0        0.78274
   6.20218        20       438         0        0.76488
   6.20906        26       444         0        0.73810
   6.21593        18       442         0        0.77083
   6.22281        24       468         0        0.76488
   6.22866        27       440         0        0.77381
   6.23554        22       447         0        0.73810
   6.24241        20       444         1        0.75893
   6.24929        26       471         1        0.77976
   6.25617        49       445         0        0.77679
   6.26304        17       427         0        0.75595
   6.26992        39       433         0        0.74405
   6.27680        16       432         0        0.76488
   6.28367        24       476         0        0.75000
   6.29055        35       440         0        0.77679
   6.29743        25       453         0        0.77381
   6.30430        18       445         0        0.77083
   6.31118        19       408         0        0.76190
   6.31806        22       432         0        0.77976
   6.32493        28       406         0        0.72024
   6.33181        20       419         0        0.73214
   6.33869        24       433         0        0.76488
   6.34556        37       448         0        0.79762
   6.35244        30       449         0        0.79464
   6.35932        25       457         0        0.75000
   6.36619        30       416         0        0.72917
   6.37307        24       476         0        0.76786
   6.37995        41       452         0        0.76190
   6.38682        24       444         0        0.74107
   6.39370        46       451         0        0.76786
   6.40058        31       485         0        0.81548
   6.40745        25       457         0        0.76786
   6.41433        23       424         0        0.73512
   6.42121        30       464         0        0.76786
   6.42808        31       397         0        0.73214
   6.43496        30       462         0        0.79167
   6.44184        31       453         0        0.79464
   6.44871        18       460         0        0.82440
   6.45559        14       448         0        0.75893
   6.46247        20       454         0        0.77083
   6.46934        20       396         0        0.74405
   6.47622        21       479         0        0.76488
   6.48310        17       475         0        0.80952
   6.48997        26       462         0        0.74702
   6.49685        19       472         0        0.78571
   6.50373        18       463         0        0.76786
   6.51060        20       429         0        0.77083
   6.51748        25       463         0        0.79762
   6.52436        22       432         0        0.75595
   6.53123        22       474         0        0.80060
   6.53811        16       446         0        0.75595
   6.54499        19       435         0        0.73810
   6.55186        12       425         0        0.75893
   6.55874        19       442         0        0.76786
   6.56562        20       449         0        0.72321
   6.57250        16       443         0        0.79167
   6.57937        19       468         0        0.77381
   6.58625        34       476         0        0.76488
   6.59313        22       429         0        0.77083
   6.60000        20       443         0        0.77381
   6.60688        26       482         0        0.81548
   6.61256        26       483         0        0.76488
   6.61943        17       421         0        0.76190
   6.62631        21       444         0        0.77381
   6.63319        16       484         0        0.77083
   6.64006        20       422         0        0.75893
   6.64694        17       419         0        0.74405
   6.65382        26       463         0        0.75595
   6.66069        19       448         0        0.76190
   6.66757        21       399         0        0.76190
   6.67445        18       415         0        0.77381
   6.68132        27       485         0        0.78571
   6.68820        20       418         0        0.75298
   6.69508        24       444         0        0.73810
   6.70195        21       466         0        0.77381
   6.70883        33       462         0        0.78571
   6.71571        20       422         0        0.73810
   6.72259        25       437         0        0.78274
   6.72946        20       459         0        0.79762
   6.73634        17       451         0        0.75298
   6.74322        32       421         0        0.76488
   6.75009        24       455         0        0.78869
   6.75697        22       443         0        0.80655
   6.76385        26       436         0        0.79167
   6.77072        46       412         0        0.77381
   6.77760        26       456         0        0.76190
   6.78448        26       449         0        0.79167
   6.79135        28       473         0        0.78274
   6.79823        33       446         0        0.76488
   6.80511        24       479         0        0.77381
   6.81198        20       429         0        0.75595
   6.81886        31       452         0        0.76488
   6.82574        29       411         0        0.73810
   6.83261        14       449         0        0.77679
   6.83949        28       427         0        0.76488
   6.84637        22       431         0        0.72619
   6.85324        16       417         0        0.70833
   6.86012        18       449         0        0.74405
   6.86700        16       439         0        0.74107
   6.87387        26       384         0        0.73810
   6.88075        24       418         0        0.74702
   6.88763        27       453         0        0.77381
   6.89450        22       409         0        0.72619
   6.90138        24       435         0        0.77976
   6.90826        36       406         0        0.74702
   6.91513        34       414         0        0.75595
   6.92201        27       421         0        0.72024
   6.92889        22       427         0        0.74107
   6.93576        17       397         0        0.71726
   6.94264        29       407         0        0.75595
   6.94952        41       422         0        0.77679
   6.95639        26       387         0        0.70238
   6.96327        16       426         0        0.75893
   6.97015        20       389         0        0.72917
   6.97702        27       434         0        0.79762
   6.98390        32       463         0        0.76190
   6.99078        16       473         0        0.80357
   6.99660        16       437         0        0.76190
   7.00347        25       448         0        0.73214
   7.01035        23       442         0        0.77976
   7.01723        20       446         0        0.77679
   7.02410        18       434         0        0.76786
   7.03098        24       448         0        0.77679
   7.03786        25       420         0        0.74702
   7.04473        29       449         0        0.78571
   7.05161        26       465         0        0.77381
   7.05849        22       501         0        0.76488
   7.06536        25       420         0        0.74107
   7.07224        16       468         0        0.77083
   7.07912        28       454         0        0.73214
   7.08599        30       437         0        0.75298
   7.09287        16       415         0        0.74702
   7.09975        23       454         0        0.74702
   7.10662        22       431         0        0.72619
   7.11350        18       420         0        0.72917
   7.12038        25       473         0        0.77083
   7.12725        22       481         0        0.78274
   7.13413        19       432         0        0.75000
   7.14101        19       441         0        0.77976
   7.14788        23       453         0        0.77679
   7.15476        25       415         0        0.74702
   7.16164        27       445         0        0.75298
   7.16851        27       423         0        0.77381
   7.17539        26       426         0        0.75595
   7.18227        26       475         0        0.80655
   7.18914        31       430         0        0.75595
   7.19602        39       423         0        0.75595
   7.20290        21       445         0        0.75893
   7.20977        29       433         0        0.75893
   7.21665        34       458         0        0.74702
   7.22353        27       444         0        0.77083
   7.23040        22       488         0        0.80060
   7.23728        28       481         0        0.79167
   7.24416        33       406         0        0.73810
   7.25103        33       444         0        0.75298
   7.25791        29       475         0        0.75893
   7.26479        33       451         0        0.77976
   7.27167        32       471         0        0.79464
   7.27854        35       432         0        0.78274
   7.28542        25       426         0        0.75595
   7.29230        33       464         0        0.77083
   7.29917        43       494         0        0.80952
   7.30605        25       459         0        0.78274
   7.31293        24       457         0        0.77381
   7.31980        31       442         0        0.75595
   7.32668        20       468         0        0.80952
   7.33356        30       421         0        0.76488
   7.34043        29       442         0        0.78274
   7.34731        22       455         0        0.77381
   7.35419        32       431         0        0.78869
   7.36106        27       428         0        0.78571
   7.36794        30       439         0        0.77679
   7.37482        27       452         0        0.76190
   7.38074        37       457         0        0.74702
   7.38762        36       441         0        0.76488
   7.39450        31       454         0        0.78571
   7.40137        16       422         0        0.76786
   7.40825        23       426         0        0.77976
   7.41513        21       451         0        0.80357
   7.42200        18       438         0        0.76190
   7.42888        22       461         0        0.78571
   7.43576        32       475         0        0.76786
   7.44263        26       432         0        0.74702
   7.44951        14       431         0        0.76488
   7.45639        20       459         0        0.75298
   7.46326        24       443         0        0.78869
   7.47014        27       454         0        0.80357
   7.47702        28       459         0        0.76190
   7.48389        24       423         0        0.77679
   7.49077        25       430         0        0.77976
   7.49765        25       449         0        0.76786
   7.50452        29       496         0        0.80357
   7.51140        20       428         0        0.79762
   7.51828        20       453         0        0.78869
   7.52515        19       426         0        0.78274
   7.53203        28       429         0        0.71429
   7.53891        30       484         0        0.76488
   7.54578        22       441         0        0.78571
   7.55266        20       432         0        0.77083
   7.55954        19       450         0        0.73512
   7.56641        26       444         0        0.78869
   7.57329        28       471         0        0.79762
   7.58017        17       418         0        0.75298
   7.58704        24       387         0        0.72024
   7.59392        25       448         0        0.78869
   7.60080        22       429         0        0.77083
   7.60767        25       459         0        0.76786
   7.61455        20       470         0        0.78274
   7.62143        20       421         0        0.75893
   7.62830        20       401         0        0.72321
   7.63518        28       437         0        0.76786
   7.64206        28       497         0        0.80952
   7.64893        33       438         0        0.75893
   7.65581        18       469         0        0.78869
   7.66269        22       454         0        0.77976
   7.66956        22       436         0        0.78274
   7.67644        29       453         0        0.79167
   7.68332        24       449         0        0.79762
   7.69019        26       451         0        0.77976
   7.69707        26       458         0        0.77083
   7.70395        36       447         0        0.77679
   7.71082        26       476         0        0.81250
   7.71770        24       461         0        0.76786
   7.72458        28       453         0        0.75298
   7.73145        29       453         0        0.76488
   7.73833        20       472         0        0.78274
   7.74521        20       431         0        0.77083
   7.75209        22       406         0        0.77679
   7.75896        37       434         0        0.76488
   7.76482        25       429         0        0.77381
   7.77170        27       453         0        0.72321
   7.77858        14       468         0        0.77083
   7.78545        33       454         0        0.79762
   7.79233        17       438         0        0.76190
   7.79921        18       451         0        0.81250
   7.80608        24       454         0        0.76190
   7.81296        34       448         0        0.76488
   7.81984        22       430         0        0.75298
   7.82671        26       446         0        0.76786
   7.83359        35       429         0        0.75893
   7.84047        22       415         0        0.75298
   7.84734        22       454         0        0.77976
   7.85422        22       420         0        0.73512
   7.86110        36       412         0        0.77381
   7.86797        21       447         0        0.74107
   7.87485        27       454         0        0.75298
   7.88173        22       397         0        0.73810
   7.88860        31       449         0        0.74107
   7.89548        33       454         0        0.79167
   7.90236        20       431         0        0.75298
   7.90923        20       446         0        0.80357
   7.91611        33       447         0        0.77083
   7.92299        20       424         0        0.76190
   7.92986        18       445         0        0.76488
   7.93674        29       452         0        0.78571
   7.94362        29       409         0        0.74405
   7.95049        36       438         0        0.74405
   7.95737        29       467         0        0.77083
   7.96425        20       417         0        0.77381
   7.97112        39       461         0        0.77083
   7.97800        16       440         0        0.75000
   7.98488        26       459         0        0.77381
   7.99175        19       448         0        0.75000
   7.99863        29       489         0        0.78274
   8.00551        22       437         0        0.78274
   8.01238        29       447         0        0.76786
   8.01926        18       470         0        0.78274
   8.02614        22       434         0        0.76190
   8.03301        24       456         0        0.79464
   8.03989        20       462         0        0.78869
   8.04677        23       432         0        0.79464
   8.05364        16       407         0        0.73512
   8.06052        22       459         0        0.77381
   8.06740        21       440         0        0.77679
   8.07428        28       466         0        0.77381
   8.08115        26       467         0        0.78274
   8.08803        21       452         0        0.73512
   8.09491        21       454         0        0.78571
   8.10178        29       452         0        0.73810
   8.10866        24       457         0        0.77083
   8.11554        24       445         0        0.79167
   8.12241        19       484         0        0.77679
   8.12929        16       440         0        0.77083
   8.13617        13       474         0        0.76190
   8.14304        21       464         0        0.79762
   8.14888        19       432         0        0.75298
   8.15576        24       408         0        0.74702
   8.16264        29       468         0        0.79464
   8.16951        26       478         0        0.78274
   8.17639        21       443         0        0.79464
   8.18327        21       468         0        0.78274
   8.19014        18       448         0        0.76786
   8.19702        21       459         0        0.76190
   8.20390        27       489         0        0.78274
   8.21077        14       444         0        0.75595
   8.21765        21       481         0        0.80952
   8.22453        25       461         0        0.77381
   8.23140        21       440         0        0.73512
   8.23828        18       446         0        0.76488
   8.24516        24       446         0        0.77083
   8.25203        24       477         0        0.78869
   8.25891        17       414         0        0.74702
   8.26579        30       462         0        0.77083
   8.27266        32       459         0        0.77083
   8.27954        17       461         0        0.79762
   8.28642        29       461         0        0.77083
   8.29329        18       431         0        0.77381
   8.30017        23       476         0        0.78274
   8.30705        22       382         0        0.71429
   8.31392        30       427         0        0.74702
   8.32080        34       403         0        0.74405
   8.32768        23       412         0        0.74405
   8.33455        21       452         0        0.75298
   8.34143        22       412         0        0.79464
   8.34831        20       432         0        0.77381
   8.35519        22       459         0        0.74702
   8.36206        21       478         0        0.77679
   8.36894        20       437         0        0.79762
   8.37582        22       403         0        0.76488
   8.38269        24       422         0        0.75893
   8.38957        24       403         0        0.75000
   8.39645        36       421         0        0.74702
   8.40332        20       438         0        0.77083
   8.41020        29       432         0        0.77083
   8.41708        23       479         0        0.75595
   8.42395        28       446         0        0.79762
   8.43083        16       415         0        0.77976
   8.43771        19       444         0        0.80357
   8.44458        20       419         0        0.72321
   8.45146        22       441         0        0.76786
   8.45834        25       420         0        0.76786
   8.46521        16       456         0        0.75595
   8.47209        21       468         0        0.80060
   8.47897        22       435         0        0.74405
   8.48584        28       438         0        0.77679
   8.49272        23       420         0        0.79167
   8.49960        28       457         0        0.77083
   8.50647        28       398         0        0.74702
   8.51335        29       436         0        0.76190
   8.52023        16       442         0        0.77083
   8.52710        22       481         0        0.79167
   8.53298        20       469         0        0.77381
   8.53986        22       468         0        0.79762
   8.54673        28       428         0        0.74107
   8.55361        20       417         0        0.74405
   8.56049        18       434         0        0.75595
   8.56737        12       421         0        0.75298
   8.57424        23       482         0        0.77679
   8.58112        24       480         0        0.75893
   8.58800        21       413         0        0.77381
   8.59487        21       435         0        0.76488
   8.60175        20       455         0        0.76488
   8.60863        20       459         0        0.78869
   8.61550        15       445         0        0.72619
   8.62238        17       456         0        0.77083
   8.62926        20       474         0        0.78274
   8.63613        17       443         0        0.77679
   8.64301        18       422         0        0.75000
   8.64989        16       464         0        0.78571
   8.65676        20       430         0        0.76190
   8.66364        22       462         0        0.73810
   8.67052        26       429         0        0.72024
   8.67739        16       450         0        0.77083
   8.68427        30       463         0        0.79464
   8.69115        19       436         0        0.71131
   8.69802        21       435         0        0.76190
   8.70490        22       439         0        0.78869
   8.71178        23       412         0        0.74405
   8.71865        20       480         0        0.78571
   8.72553        16       453         0        0.77679
   8.73241        18       483         0        0.79167
   8.73928        21       469         0        0.79464
   8.74616        13       432         0        0.75000
   8.75304        18       430         0        0.79167
   8.75991        18       432         0        0.76190
   8.76679        25       479         0        0.80655
   8.77367        23       449         0        0.76190
   8.78054        16       470         0        0.80357
   8.78742        23       423         0        0.73214
   8.79430        22       417         0        0.77381
   8.80117        23       435         0        0.76190
   8.80805        24       450         0        0.73512
   8.81493        20       420         0        0.72024
   8.82180        27       440         0        0.76488
   8.82868        27       432         0        0.74405
   8.83556        22       428         0        0.75298
   8.84243        22       444         0        0.75000
   8.84931        17       438         0        0.77083
   8.85619        17       445         0        0.78274
   8.86306        20       475         0        0.78274
   8.86994        29       452         0        0.77381
   8.87682        14       457         0        0.77381
   8.88369        23       449         0        0.75595
   8.89057        18       441         0        0.76488
   8.89745        19       407         0        0.72917
   8.90432        21       429         0        0.77083
   8.91120        16       452         0        0.75893
   8.91700        29       468         0        0.77679
   8.92388        27       476         0        0.77679
   8.93076        25       436         0        0.74702
   8.93763        16       478         0        0.80060
   8.94451        14       436         0        0.75000
   8.95139        23       467         0        0.78869
   8.95826        20       446         0        0.75893
   8.96514        22       422         0        0.75000
   8.97202        27       423         0        0.75000
   8.97889        31       454         0        0.77679
   8.98577        26       441         0        0.77381
   8.99265        19       446         0        0.77679
   8.99952        21       461         0        0.75893
   9.00640        23       453         0        0.79167
   9.01328        21       437         0        0.77381
   9.02015        28       417         1        0.74405
   9.02703        14       450         0        0.74405
   9.03391        18       422         0        0.76190
   9.04078        20       402         0        0.72917
   9.04766        25       429         0        0.74405
   9.05454        23       442         0        0.74702
   9.06141        19       439         0        0.78571
   9.06829        25       472         0        0.75595
   9.07517        20       451         0        0.79464
   9.08204        21       468         0        0.81250
   9.08892        20       453         0        0.80060
   9.09580        22       426         0        0.76488
   9.10268        19       437         0        0.80060
   9.10955        25       420         0        0.75595
   9.11643        26       430         0        0.75595
   9.12331        21       435         0        0.77381
   9.13018        20       437         0        0.78274
   9.13706        31       424         0        0.75000
   9.14394        28       406         0        0.72619
   9.15081        20       465         0        0.79167
   9.15769        16       447         0        0.77083
   9.16457        22       473         0        0.75893
   9.17144        32       444         0        0.77679
   9.17832        22       484         0        0.78571
   9.18520        19       464         0        0.79762
   9.19207        17       462         0        0.76786
   9.19895        17       420         0        0.74107
   9.20583        22       397         0        0.72917
   9.21270        34       478         0        0.79464
   9.21958        25       413         0        0.72024
   9.22646        26       433         0        0.75000
   9.23333        32       426         0        0.77679
   9.24021        26       455         0        0.77381
   9.24709        22       428         0        0.79167
   9.25396        19       425         0        0.75595
   9.26084        27       431         0        0.76190
   9.26772        42       471         0        0.78571
   9.27459        31       432         0        0.76190
   9.28147        22       444         0        0.75893
   9.28835        18       432         0        0.77976
   9.29522        28       445         0        0.76190
   9.30086        22       435         0        0.79762
   9.30773        22       430         0        0.78869
   9.31461        21       434         0        0.76190
   9.32149        23       456         0        0.79464
   9.32837        22       453         0        0.77679
   9.33524        18       436         0        0.75000
   9.34212        24       431         0        0.77679
   9.34900        14       424         0        0.76786
   9.35587        40       448         0        0.74702
   9.36275        31       428         0        0.74405
   9.36963        26       443         0        0.77381
   9.37650        19       421         0        0.74405
   9.38338        27       440         0        0.76488
   9.39026        20       414         0        0.77083
   9.39713        24       503         0        0.80655
   9.40401        20       426         0        0.76190
   9.41089        15       436         0        0.76488
   9.41776        20       472         0        0.78274
   9.42464        28       448         0        0.75893
   9.43152        23       449         0        0.77976
   9.43839        28       487         0        0.79762
   9.44527        25       431         0        0.77679
   9.45215        26       443         0        0.77083
   9.45902        20       471         0        0.79464
   9.46590        22       443         0        0.77976
   9.47278        24       444         0        0.77679
   9.47965        27       459         0        0.78571
   9.48653        23       451         0        0.77381
   9.49341        27       439         0        0.77381
   9.50028        25       478         0        0.79762
   9.50716        41       433         0        0.74107
   9.51404        37       444         0        0.76786
   9.52091        31       429         0        0.75595
   9.52779        24       437         0        0.77976
   9.53467        17       415         0        0.74702
   9.54154        24       439         0        0.75595
   9.54842        38       441         0        0.80060
   9.55530        28       442         0        0.75298
   9.56217        22       438         0        0.77679
   9.56905        27       464         0        0.75893
   9.57593        30       437         0        0.76488
   9.58280        16       500         0        0.81250
   9.58968        31       500         0        0.81548
   9.59656        22       425         0        0.74405
   9.60343        24       456         0        0.77976
   9.61031        22       472         0        0.77679
   9.61719        25       473         0        0.77679
   9.62406        27       451         0        0.79762
   9.63094        24       427         0        0.75893
   9.63782        18       476         0        0.78869
   9.64469        20       455         0        0.77381
   9.65157        23       459         0        0.77083
   9.65845        18       449         0        0.78869
   9.66532        21       458         0        0.76190
   9.67220        21       451         0        0.76786
   9.67908        13       441         0        0.74107
   9.68514        15       468         0        0.78869
