   0.00578         0         0         0        0.00000
   0.01188         0         0         0        0.00000
   0.01812         0         0         0        0.00000
   0.01835         0         0         0        0.00000
   0.02469         0         0         0        0.00000
   0.02524         0         0         0        0.00000
   0.03171         0         0         0        0.00000
   0.03271         0         0         0        0.00000
   0.03923         0         0         0        0.00000
   0.04429         4         0         0        0.00595
   0.05088         4         0         0        0.00595
   0.05630         0         0         0        0.00000
   0.06297         4         0         0        0.02083
   0.06963         0         0         0        0.02381
   0.07295         0         0         0        0.01488
   0.07970         0         0         0        0.00000
   0.08645         4         6         0        0.02976
   0.09320         0         0         0        0.03571
   0.09465         4         0         0        0.00595
   0.10150         8        16         0        0.08333
   0.10835        22        10         1        0.09821
   0.11520        16         6         0        0.06845
   0.12205         0         0         0        0.08333
   0.12890         0         0         0        0.07738
   0.13575         2        10         0        0.08036
   0.14260         0         0         0        0.05655
   0.14945        14         0         0        0.06250
   0.15630         6         0         0        0.07440
   0.16314        10         4         0        0.08631
   0.16999        11         7         0        0.09226
   0.17684         6         7         0        0.02976
   0.18369         6        20         0        0.14583
   0.19054        15        53         0        0.15476
   0.19739        14        30         2        0.10714
   0.20424         2        33         0        0.10119
   0.21109        10        31         0        0.08631
   0.21794        14        76         0        0.20536
   0.22479        15        61         0        0.12798
   0.23164        17        76         0        0.19048
   0.23849         0        87         0        0.19345
   0.24534        14       106         1        0.24702
   0.25218         8       101         0        0.19940
   0.25903         5       108         0        0.24107
   0.26588        22       105         0        0.26488
   0.27273        10       121         0        0.25595
   0.27958        12       142         0        0.28869
   0.28643        15       113         0        0.24702
   0.29328         9        98         0        0.21429
   0.30013         0       146         0        0.27679
   0.30698         7       151         0        0.25893
   0.31383         4       159         0        0.30357
   0.32068        11       124         2        0.22321
   0.32753         4       131         0        0.26786
   0.33437        10       110         2        0.27381
   0.34122         0       127         0        0.23810
   0.34807         1       110         0        0.23512
   0.35492        12       117         0        0.27381
   0.36177        14       117         0        0.25893
   0.36862        25       165         0        0.37202
   0.37547         0       156         0        0.38988
   0.38232         7       164         0        0.29762
   0.38917        24       132         6        0.33333
   0.39602         2       126         0        0.31250
   0.40287        10       131         0        0.26488
   0.40972        11       116         0        0.26190
   0.41657        13       146         0        0.32143
   0.42341        17       157         0        0.32738
   0.43026         4       163         0        0.36012
   0.43711        12       165         0        0.38393
   0.44396        10       166         0        0.35119
   0.45081        32       179         1        0.38095
   0.45766        17       159         0        0.34226
   0.45828         6       138         0        0.27381
   0.46513        15       153         0        0.36310
   0.47198        12       157         0        0.35417
   0.47883         3       117         0        0.24702
   0.48567        15       154         0        0.27679
   0.49252        30       148         2        0.34524
   0.49937        19       165         0        0.37500
   0.50622        16       149         0        0.32143
   0.51307         9       182         0        0.40476
   0.51992        33       164         1        0.35119
   0.52677        11       157         0        0.38988
   0.53362        12       172         0        0.39881
   0.54047        10       196         0        0.39286
   0.54732         6       178         0        0.40774
   0.55417         0       168         0        0.36012
   0.56102         3       190         0        0.37798
   0.56786        15       147         0        0.33333
   0.57471        25       180         0        0.40179
   0.58156         7       162         0        0.35119
   0.58841         9       154         0        0.33929
   0.59526        14       165         2        0.38095
   0.60211        20       173         0        0.38095
   0.60896         8       192         0        0.39881
   0.61581        14       164         0        0.33333
   0.62266         0       156         0        0.32143
   0.62951        13       177         0        0.40179
   0.63636        23       183         1        0.34226
   0.64321        19       185         0        0.36310
   0.65006         6       152         0        0.31250
   0.65690        11       175         0        0.40179
   0.66375         4       158         0        0.28869
   0.67060        19       189         0        0.33929
   0.67745        19       147         0        0.27083
   0.68430        27       133         5        0.30060
   0.69115         6       143         0        0.22917
   0.69800        14       184         3        0.33333
   0.70485        12       211         1        0.37500
   0.71170         8       163         0        0.32143
   0.71855         8       210         0        0.37202
   0.72540         1       150         0        0.26488
   0.73225         0       150         0        0.31250
   0.73909         7       154         0        0.30060
   0.74594        12       198         0        0.32440
   0.75279        16       181         0        0.30952
   0.75964        33       191         2        0.34524
   0.76649        11       184         0        0.30060
   0.77334        23       207         0        0.34821
   0.78019         7       204         0        0.33036
   0.78704        40       182         0        0.32143
   0.79389        18       204         0        0.38095
   0.80074         9       207         0        0.36310
   0.80759         4       246         0        0.38988
   0.81444         1       175         0        0.32738
   0.82129         5       228         0        0.36012
   0.82133         6       229         0        0.36905
   0.82818        28       218         2        0.37202
   0.83503         4       209         0        0.31548
   0.84188        27       245         0        0.40476
   0.84873         3       215         0        0.33631
   0.85558         7       240         0        0.39286
   0.86243        16       251         0        0.41369
   0.86928        10       261         0        0.44048
   0.87613         4       214         0        0.33333
   0.88298         0       223         0        0.38095
   0.88983        14       240         0        0.37500
   0.89668        27       264         2        0.51786
   0.90352         0       219         0        0.40179
   0.91037        37       231         0        0.37798
   0.91722        50       220         2        0.38690
   0.92407         0       251         0        0.36310
   0.93092         5       274         0        0.42262
   0.93777        14       262         0        0.36012
   0.94462         2       231         0        0.35417
   0.95147        13       248         0        0.40179
   0.95832        10       236         0        0.41667
   0.96517        11       301         0        0.45536
   0.97202         0       278         0        0.36905
   0.97887         4       261         0        0.38393
   0.98571         3       241         0        0.42262
   0.99256         0       251         0        0.40179
   0.99941         4       264         0        0.43750
   1.00626         2       257         0        0.44940
   1.01311        13       259         0        0.42857
   1.01996         8       261         0        0.40476
   1.02681         2       302         0        0.44345
   1.03366        53       300         0        0.47619
   1.04051        34       262         0        0.48512
   1.04736        45       254         0        0.44643
   1.05421        16       275         0        0.49405
   1.06106        46       287         0        0.48512
   1.06791        37       256         0        0.42262
   1.07475        30       219         0        0.41964
   1.08160        23       303         0        0.45238
   1.08845        19       283         0        0.49405
   1.09530        27       317         0        0.53274
   1.10215        22       295         0        0.48512
   1.10900        11       250         0        0.46726
   1.11585        28       293         0        0.54464
   1.12270        35       288         0        0.50000
   1.12955        10       289         0        0.43750
   1.13640        20       296         0        0.53274
   1.14325        25       259         1        0.45238
   1.15010         9       305         0        0.46429
   1.15695        31       256         3        0.44345
   1.16379        37       223         5        0.42857
   1.17064        20       237         0        0.47024
   1.17749         7       292         0        0.46726
   1.18434         5       273         0        0.47917
   1.18481        12       306         0        0.49107
   1.19166        12       292         0        0.48214
   1.19851         0       260         0        0.43155
   1.20536        10       337         0        0.47024
   1.21221        23       268         0        0.52083
   1.21906         6       284         0        0.46726
   1.22591        24       277         0        0.49405
   1.23276        36       312         0        0.54762
   1.23961        39       308         5        0.51786
   1.24646        26       279         0        0.50893
   1.25331        39       311         2        0.56845
   1.26016        13       277         0        0.50298
   1.26701         4       299         0        0.56845
   1.27385         8       261         0        0.44940
   1.28070         3       266         0        0.48512
   1.28755        17       313         0        0.52679
   1.29440         2       322         0        0.47024
   1.30125        22       350         0        0.49405
   1.30810        12       308         0        0.45238
   1.31495        28       296         0        0.49107
   1.32180        22       322         0        0.49107
   1.32865        12       286         0        0.45536
   1.33550        10       316         0        0.48214
   1.34235        21       337         0        0.47619
   1.34920        34       263         0        0.48512
   1.35604        12       258         0        0.46726
   1.36289        15       309         0        0.47917
   1.36974        29       290         3        0.44048
   1.37659        24       280         0        0.51786
   1.38344        21       267         0        0.46726
   1.39029        18       286         0        0.47321
   1.39714        30       287         0        0.49107
   1.40399         5       275         0        0.41369
   1.41084         4       275         0        0.42560
   1.41769        14       318         0        0.53571
   1.42454         8       244         0        0.38988
   1.43139        27       301         4        0.52083
   1.43824        11       322         0        0.53274
   1.44508        22       319         0        0.48810
   1.45193        29       309         0        0.47619
   1.45878        33       282         0        0.48214
   1.46563        27       292         0        0.50595
   1.47248         8       290         0        0.50298
   1.47933        19       306         0        0.53571
   1.48618        24       305         1        0.50298
   1.49303        13       278         0        0.46429
   1.49988        26       257         2        0.46131
   1.50673        43       297         3        0.51488
   1.51358        17       257         0        0.46726
   1.52043         6       270         0        0.49107
   1.52727        15       272         0        0.51786
   1.53412         9       291         0        0.43452
   1.54097         8       272         0        0.46726
   1.54782        19       293         0        0.47321
   1.54839        15       292         0        0.48512
   1.55524         7       283         0        0.43155
   1.56208         8       304         0        0.46429
   1.56893        11       305         0        0.45536
   1.57578        16       325         0        0.52381
   1.58263         6       308         0        0.47321
   1.58948         9       288         0        0.44940
   1.59633        20       351         0        0.51190
   1.60318         7       305         0        0.46131
   1.61003        10       280         0        0.42262
   1.61688        20       292         0        0.47917
   1.62373        18       276         0        0.44048
   1.63058        12       340         0        0.50000
   1.63743        14       302         0        0.52679
   1.64428        17       285         0        0.46726
   1.65112        21       270         0        0.43452
   1.65797         0       302         0        0.38393
   1.66482        10       329         0        0.45536
   1.67167        29       274         0        0.41964
   1.67852         6       265         0        0.42560
   1.68537        24       277         0        0.43155
   1.69222        34       309         0        0.42560
   1.69907         8       339         0        0.47024
   1.70592        24       313         0        0.45238
   1.71277         8       254         0        0.39583
   1.71962        26       321         0        0.50893
   1.72647        56       316         0        0.54167
   1.73331        33       252         0        0.46429
   1.74016        25       319         0        0.47917
   1.74701        38       319         2        0.48512
   1.75386        14       285         0        0.44345
   1.76071         7       239         0        0.40476
   1.76756        53       250         0        0.46726
   1.77441        12       277         0        0.43452
   1.78126        10       257         0        0.41667
   1.78811        33       299         0        0.50000
   1.79496        29       322         0        0.47619
   1.80181         4       271         0        0.40774
   1.80866        14       330         0        0.47321
   1.81551        17       240         0        0.39881
   1.82235        15       316         0        0.46726
   1.82920        11       343         0        0.46131
   1.83605         3       278         0        0.45238
   1.84290        10       272         0        0.44048
   1.84975        11       294         0        0.45536
   1.85660         5       302         0        0.41071
   1.86345        43       300         3        0.47321
   1.87030        25       301         0        0.47917
   1.87715        25       277         0        0.48810
   1.88400        18       317         4        0.48810
   1.89085         9       316         0        0.49107
   1.89770         9       287         0        0.47321
   1.90454         7       287         0        0.47321
   1.91139         6       273         0        0.44345
   1.91173        17       286         0        0.49405
   1.91858        16       305         0        0.49702
   1.92543        24       285         0        0.42262
   1.93228        18       264         0        0.47024
   1.93913        16       246         0        0.39881
   1.94598        13       267         0        0.44940
   1.95283        23       294         0        0.51786
   1.95968        11       318         0        0.46131
   1.96653        27       308         0        0.52083
   1.97338        13       287         0        0.42857
   1.98023         0       306         0        0.43452
   1.98707        28       279         2        0.44643
   1.99392        10       219         0        0.41369
   2.00077         8       308         0        0.46131
   2.00762        21       280         0        0.47321
   2.01447        28       302         0        0.49405
   2.02132        17       317         0        0.49702
   2.02817        17       292         0        0.48512
   2.03502        14       274         0        0.47024
   2.04187        21       277         0        0.47024
   2.04872        28       261         0        0.49107
   2.05557        25       261         0        0.42560
   2.06242        34       260         0        0.43452
   2.06926        18       278         0        0.51190
   2.07611        18       251         0        0.47321
   2.08296        32       256         0        0.47619
   2.08981        45       288         1        0.50298
   2.09666        41       247         0        0.47024
   2.10351        11       286         0        0.49107
   2.11036        19       253         0        0.44048
   2.11721        12       268         0        0.43750
   2.12406        14       273         0        0.43750
   2.13091        11       221         0        0.41071
   2.13776        12       213         0        0.39286
   2.14461        22       281         0        0.51190
   2.15146        38       227         0        0.50595
   2.15830        26       219         0        0.43452
   2.16515        14       242         0        0.42857
   2.17200        21       236         0        0.42560
   2.17885        39       238         0        0.46429
   2.18570        34       246         0        0.48214
   2.19255        36       256         0        0.44940
   2.19940        29       265         0        0.44048
   2.20625        31       223         0        0.43750
   2.21310        30       287         0        0.50595
   2.21995         6       286         0        0.45833
   2.22680        42       315         0        0.47917
   2.23365        49       260         3        0.47024
   2.24049        43       244         0        0.47917
   2.24734        11       234         0        0.45536
   2.25419        18       205         0        0.37798
   2.26104        10       220         0        0.38690
   2.26789        11       245         0        0.41964
   2.27469        45       258         2        0.40476
   2.28154         4       218         0        0.38095
   2.28839        20       253         0        0.38690
   2.29524         9       271         0        0.38988
   2.30209         3       224         0        0.40476
   2.30894        19       258         0        0.41667
   2.31579        29       225         0        0.39286
   2.32264        12       305         0        0.46131
   2.32949        13       259         0        0.39881
   2.33634        19       272         0        0.45833
   2.34318         4       288         0        0.47619
   2.35003        12       258         0        0.41369
   2.35688        25       240         0        0.41071
   2.36373        20       256         0        0.42857
   2.37058         7       223         0        0.34226
   2.37743        23       250         1        0.40179
   2.38428        22       244         0        0.44048
   2.39113        45       273         4        0.42857
   2.39798        13       266         0        0.45536
   2.40483        19       291         0        0.47917
   2.41168         9       312         0        0.45238
   2.41853        19       284         0        0.47917
   2.42537        13       341         0        0.44048
   2.43222        15       303         0        0.47024
   2.43907         6       306         0        0.41071
   2.44592        30       384         2        0.55655
   2.45277         9       331         0        0.50298
   2.45962        15       338         0        0.52381
   2.46647        11       341         0        0.45238
   2.47332        16       270         0        0.46131
   2.48017        15       329         0        0.50595
   2.48702        11       310         0        0.46726
   2.49387        12       326         0        0.48214
   2.50072        11       298         0        0.42262
   2.50757         4       316         0        0.48214
   2.51441        29       282         0        0.44048
   2.52126        18       267         0        0.43452
   2.52811        51       331         0        0.46131
   2.53496        27       334         0        0.52083
   2.54181         6       301         0        0.46726
   2.54866        17       312         0        0.48214
   2.55551         8       323         0        0.48810
   2.56236         5       329         0        0.47917
   2.56921        13       330         0        0.48512
   2.57606         0       313         0        0.46429
   2.58291         2       276         0        0.43155
   2.58976         4       316         0        0.43452
   2.59660         8       318         0        0.48810
   2.60345        16       305         0        0.45833
   2.61030         8       314         0        0.47619
   2.61715        14       289         0        0.49405
   2.62400         7       301         0        0.44048
   2.63085         9       341         0        0.50893
   2.63770        20       300         0        0.46726
   2.63774        11       288         0        0.46726
   2.64459        17       288         0        0.47321
   2.65144         4       320         0        0.47619
   2.65828         4       309         0        0.45833
   2.66513        13       325         0        0.48810
   2.67198        16       269         0        0.46726
   2.67883         8       266         0        0.45536
   2.68568        10       314         0        0.47321
   2.69253        15       283         0        0.40179
   2.69938        32       301         0        0.41071
   2.70623        16       250         0        0.33631
   2.71308        37       275         0        0.43452
   2.71993         8       333         0        0.40179
   2.72678        15       302         0        0.42857
   2.73363        17       271         0        0.38988
   2.74048         9       345         0        0.44048
   2.74732        33       348         0        0.47917
   2.75417        14       324         0        0.45833
   2.76102        12       294         0        0.44345
   2.76787        22       287         3        0.47917
   2.77472        19       282         3        0.43155
   2.78157         8       350         0        0.47321
   2.78842        17       325         0        0.46429
   2.79527        30       350         0        0.49405
   2.80212        20       317         0        0.52976
   2.80897        10       273         0        0.49107
   2.81582        11       328         0        0.48512
   2.82267        16       331         0        0.50595
   2.82952        31       253         0        0.47024
   2.83636        12       324         0        0.47321
   2.84321        17       270         0        0.42560
   2.85006        13       334         0        0.51488
   2.85691        17       354         0        0.48512
   2.86376        12       331         0        0.51190
   2.87061        11       267         0        0.42560
   2.87746        19       299         0        0.44048
   2.88431        11       320         0        0.50000
   2.89116         6       327         0        0.44643
   2.89801         9       293         0        0.44643
   2.90486        10       334         0        0.50298
   2.91171        20       300         0        0.44048
   2.91855        22       330         3        0.51190
   2.92540        19       323         0        0.51190
   2.93225        18       360         0        0.49107
   2.93910        33       308         0        0.48810
   2.94595         6       315         0        0.47619
   2.95280        16       324         0        0.41964
   2.95965         3       341         0        0.53274
   2.96650        48       339         0        0.55060
   2.97335        31       310         2        0.47321
   2.98020        46       384         0        0.56250
   2.98705        25       316         0        0.48214
   2.99390        15       295         0        0.50000
   3.00075        28       324         4        0.51190
   3.00086        35       250         3        0.50298
   3.00771        11       297         0        0.45833
   3.01456         7       290         0        0.49702
   3.02141        16       335         0        0.50000
   3.02826        11       321         0        0.49702
   3.03510        25       349         0        0.52083
   3.04195        14       303         0        0.50000
   3.04880        15       314         0        0.50000
   3.05565        25       374         0        0.51786
   3.06250        22       316         0        0.50893
   3.06935        12       288         0        0.46429
   3.07620        36       303         0        0.54762
   3.08305        17       268         0        0.51488
   3.08990        24       330         0        0.53274
   3.09675        18       289         2        0.49702
   3.10360        22       335         0        0.52381
   3.11045        23       336         0        0.51190
   3.11729        27       303         0        0.51190
   3.12414        13       312         0        0.50595
   3.13099         5       303         0        0.45833
   3.13784        20       315         0        0.53571
   3.14469        16       291         0        0.47917
   3.15154        36       318         0        0.48512
   3.15839        27       318         0        0.52381
   3.16524        28       282         0        0.45536
   3.17209        30       301         0        0.48810
   3.17894        23       263         0        0.44345
   3.18579        19       304         0        0.47917
   3.19264        14       282         0        0.55952
   3.19949        45       267         0        0.53274
   3.20633        11       248         0        0.45238
   3.21318        36       334         0        0.52381
   3.22003        22       303         0        0.53571
   3.22688        19       280         0        0.48214
   3.23373        23       325         0        0.55952
   3.24058        36       380         0        0.58929
   3.24743        13       340         0        0.50298
   3.25428        22       334         0        0.56250
   3.26113        22       292         0        0.52083
   3.26798        23       320         0        0.56548
   3.27483        25       305         0        0.55060
   3.28168        30       331         0        0.52083
   3.28852        26       339         0        0.58036
   3.29537        13       332         0        0.52679
   3.30222        36       316         2        0.53571
   3.30907        40       347         3        0.52679
   3.31592        25       341         0        0.56250
   3.32277        24       342         0        0.54762
   3.32962        21       345         0        0.49405
   3.33647        18       288         0        0.50595
   3.34332        13       344         0        0.53571
   3.35017        29       351         0        0.54464
   3.35702        20       297         0        0.49702
   3.36387        23       351         0        0.57738
   3.36484        11       315         0        0.51786
   3.37169        12       299         0        0.51190
   3.37854        13       344         0        0.52083
   3.38539         9       341         0        0.52976
   3.39224        26       324         0        0.56845
   3.39908        22       352         0        0.50000
   3.40593        15       295         0        0.50000
   3.41278        10       304         0        0.52381
   3.41963        16       321         0        0.53274
   3.42648        22       396         0        0.60417
   3.43333        25       291         0        0.55952
   3.44018        33       370         0        0.62202
   3.44703        23       312         0        0.53869
   3.45388        28       331         0        0.58036
   3.46073        26       345         0        0.55060
   3.46758        17       369         0        0.55655
   3.47443        24       386         0        0.63095
   3.48128        16       382         0        0.58929
   3.48812         9       371         0        0.52083
   3.49497        16       328         0        0.55060
   3.50182         6       320         0        0.55655
   3.50867        14       342         0        0.56548
   3.51552        20       372         0        0.52381
   3.52237        16       389         0        0.56548
   3.52922        24       358         0        0.59524
   3.53607        18       322         0        0.53869
   3.54292        21       410         0        0.52381
   3.54977        24       341         0        0.52083
   3.55662        34       346         0        0.54167
   3.56347        34       326         0        0.50298
   3.57031        12       354         0        0.52976
   3.57716        31       327         0        0.52679
   3.58401        28       310         0        0.55655
   3.59086        21       318         0        0.50595
   3.59771        18       296         0        0.50298
   3.60456        21       300         0        0.55357
   3.61141        18       309         0        0.52976
   3.61826        23       327         0        0.55952
   3.62511        31       351         0        0.57143
   3.63196        24       318         0        0.53869
   3.63881        10       354         0        0.53274
   3.64566        11       328         0        0.54167
   3.65251        26       300         0        0.54464
   3.65935        32       302         0        0.50595
   3.66620        34       291         0        0.49107
   3.67305        49       357         0        0.53274
   3.67990        43       322         0        0.55357
   3.68675        24       311         0        0.51488
   3.69360        25       303         0        0.55357
   3.70045        52       328         1        0.56250
   3.70730        11       277         0        0.50000
   3.71415        16       331         0        0.57143
   3.72100        33       290         0        0.50595
   3.72785        33       330         2        0.57143
   3.72876        16       331         0        0.53869
   3.73561        33       339         0        0.58631
   3.74246        22       347         0        0.56548
   3.74931        22       310         0        0.52976
   3.75616        18       348         0        0.56845
   3.76301        51       303         0        0.51488
   3.76986        36       328         0        0.51786
   3.77671        31       314         0        0.54167
   3.78356        30       318         0        0.54762
   3.79040        19       294         0        0.56250
   3.79725        27       366         0        0.58929
   3.80410        37       345         0        0.58929
   3.81095        10       235         0        0.48512
   3.81780        27       330         0        0.60119
   3.82465        32       332         0        0.55952
   3.83150        35       304         0        0.48810
   3.83835        21       293         0        0.54762
   3.84520        43       328         2        0.50893
   3.85205        24       307         0        0.51488
   3.85890        37       313         0        0.52976
   3.86575        71       339         0        0.59821
   3.87260        26       290         0        0.52679
   3.87944        16       315         0        0.52381
   3.88629        28       304         0        0.51488
   3.89314        18       325         0        0.55952
   3.89999        18       334         0        0.51190
   3.90684        16       339         0        0.53274
   3.91369        12       338         0        0.54167
   3.92054        24       343         0        0.55952
   3.92739        14       304         0        0.51786
   3.93424        35       364         0        0.56548
   3.94109        16       346         0        0.53274
   3.94794        32       336         0        0.50893
   3.95479        38       315         0        0.58631
   3.96163        13       359         0        0.57440
   3.96848        21       262         0        0.50595
   3.97533        14       374         0        0.58929
   3.98218        24       311         0        0.55357
   3.98903        22       343         0        0.51190
   3.99588        20       352         0        0.59524
   4.00273        40       353         3        0.52381
   4.00958        15       333         0        0.50893
   4.01643        27       335         0        0.55060
   4.02328        30       346         0        0.57440
   4.03013        24       327         0        0.52976
   4.03698        25       366         0        0.56845
   4.04383        41       401         0        0.54762
   4.05067        34       340         0        0.52381
   4.05752        36       326         0        0.57143
   4.06437        35       348         0        0.58036
   4.07122        32       332         0        0.54464
   4.07807        11       342         0        0.54464
   4.08492        26       298         0        0.52976
   4.09177        15       357         0        0.52381
   4.09277        18       288         0        0.50893
   4.09962        28       313         0        0.54762
   4.10647        23       360         0        0.52381
   4.11332        22       315         0        0.54167
   4.12017        20       315         0        0.50595
   4.12702        16       338         0        0.50298
   4.13387        23       305         0        0.54464
   4.14071        15       333         0        0.53274
   4.14756        34       329         1        0.58333
   4.15441        25       333         0        0.52976
   4.16126        21       355         0        0.53571
   4.16811        16       360         0        0.58631
   4.17496        13       358         0        0.52679
   4.18181        15       336         0        0.52679
   4.18866        13       314         0        0.54167
   4.19551        13       305         0        0.52381
   4.20236        25       300         0        0.49702
   4.20921        26       347         0        0.52083
   4.21606        26       311         0        0.51488
   4.22291        26       334         0        0.52083
   4.22975        26       335         0        0.51190
   4.23660        14       347         0        0.58333
   4.24345        25       303         0        0.49405
   4.25030        28       353         0        0.52679
   4.25715        18       344         0        0.55357
   4.26400        26       362         4        0.53869
   4.27085        16       359         0        0.52381
   4.27770        21       323         0        0.58631
   4.28455        18       344         0        0.52083
   4.29140        23       372         0        0.53869
   4.29825        23       353         0        0.58929
   4.30510        42       332         0        0.50000
   4.31194        14       301         0        0.47619
   4.31879        19       280         0        0.48512
   4.32564         2       351         0        0.58333
   4.33249        29       368         4        0.60417
   4.33934        10       380         0        0.55060
   4.34619        24       354         0        0.60119
   4.35304        11       367         0        0.57738
   4.35989         7       416         0        0.55952
   4.36674         9       405         0        0.58929
   4.37359        10       372         0        0.55060
   4.38044        10       340         0        0.52083
   4.38729         7       396         0        0.56548
   4.39414         9       383         0        0.56548
   4.40098        15       412         0        0.58333
   4.40783        11       327         0        0.56548
   4.41468        19       356         0        0.62798
   4.42153         9       353         0        0.63690
   4.42838         4       394         0        0.66071
   4.43523         9       388         0        0.66667
   4.44208        25       340         0        0.61905
   4.44893        11       404         0        0.58036
   4.45578        17       360         0        0.61607
   4.45664        31       347         0        0.57440
   4.46349         9       328         0        0.58631
   4.47034         9       381         0        0.63988
   4.47719        17       408         0        0.63690
   4.48404        14       390         0        0.64881
   4.49089        19       408         0        0.63988
   4.49774        21       381         0        0.57143
   4.50459         7       358         0        0.56250
   4.51144        24       339         0        0.53869
   4.51829         8       359         0        0.56845
   4.52513         9       359         0        0.65774
   4.53198        10       398         0        0.59226
   4.53883        33       383         0        0.66964
   4.54568        10       416         0        0.66667
   4.55253        41       408         0        0.64881
   4.55938        11       346         0        0.61905
   4.56623        32       367         0        0.62500
   4.57308        18       403         0        0.58929
   4.57993        19       338         0        0.60119
   4.58678        16       342         0        0.58036
   4.59363        34       360         0        0.57440
   4.60048        22       304         0        0.57143
   4.60732        24       312         0        0.52679
   4.61417        25       327         0        0.53571
   4.62102        10       332         0        0.58929
   4.62787         7       383         0        0.61607
   4.63472        26       392         0        0.58333
   4.64157         8       375         0        0.58929
   4.64842        15       331         0        0.54762
   4.65527        29       342         0        0.60119
   4.66212         9       376         0        0.58631
   4.66897        17       349         0        0.56845
   4.67582        22       334         0        0.59524
   4.68267        11       345         0        0.56845
   4.68952         5       415         0        0.57738
   4.69636        13       435         0        0.62798
   4.70321        13       372         0        0.63095
   4.71006         8       408         0        0.62500
   4.71691        22       373         0        0.60119
   4.72376        11       409         0        0.61310
   4.73061         8       412         0        0.58333
   4.73746        26       418         0        0.60119
   4.74431        22       398         0        0.62798
   4.75116        15       377         0        0.59821
   4.75801        47       441         0        0.65476
   4.76486         9       372         0        0.58333
   4.77171        32       350         0        0.58333
   4.77855        29       359         0        0.61607
   4.78540        26       322         0        0.61012
   4.79225        63       368         0        0.66071
   4.79910        34       351         0        0.61012
   4.80595        13       335         0        0.60714
   4.81280        47       379         0        0.65179
   4.81965        10       376         0        0.58036
   4.82105        15       324         0        0.58929
   4.82789        17       356         0        0.64583
   4.83474        26       347         3        0.64881
   4.84159        19       357         0        0.65179
   4.84844         9       355         0        0.62202
   4.85529         0       353         0        0.62202
   4.86214        21       336         0        0.60119
   4.86899        14       311         0        0.59226
   4.87584        13       352         0        0.62500
   4.88269        19       383         0        0.65476
   4.88954        12       424         0        0.64286
   4.89639        32       344         0        0.63393
   4.90324        22       424         0        0.66369
   4.91008        20       406         0        0.62202
   4.91693        10       371         0        0.64583
   4.92378        17       410         0        0.66071
   4.93063         9       428         0        0.67560
   4.93748        22       384         1        0.59821
   4.94433        14       384         0        0.64583
   4.95118        42       368         0        0.69345
   4.95803        12       403         0        0.67262
   4.96488        18       400         0        0.63988
   4.97173         7       410         0        0.64286
   4.97858        27       376         0        0.68750
   4.98543        16       404         0        0.63690
   4.99228        11       398         0        0.61012
   4.99912         8       438         0        0.66369
   5.00597        27       380         0        0.67857
   5.01282        23       371         0        0.66964
   5.01967        12       385         0        0.64583
   5.02652        37       399         3        0.70536
   5.03337        27       386         0        0.66071
   5.04022        27       417         0        0.70238
   5.04707        18       385         0        0.64881
   5.05392         4       468         0        0.69643
   5.06077        17       380         0        0.63690
   5.06762        20       411         0        0.68155
   5.07447        20       384         0        0.68155
   5.08131        13       358         0        0.63988
   5.08816        24       389         0        0.68452
   5.09501        38       307         3        0.64286
   5.10186        32       394         3        0.68750
   5.10871        12       343         0        0.61012
   5.11556         9       363         0        0.61905
   5.12241        19       364         0        0.62798
   5.12926         9       409         0        0.65476
   5.13611        12       392         0        0.61012
   5.14296        10       378         0        0.66369
   5.14981        21       373         0        0.68452
   5.15666         6       344         0        0.62798
   5.16351        20       379         0        0.63988
   5.17035        17       381         0        0.62798
   5.17720         4       366         0        0.56250
   5.18405        14       353         0        0.63393
   5.18699        18       394         0        0.64583
   5.19384        13       418         0        0.66964
   5.20068        10       344         0        0.61310
   5.20753        14       414         0        0.66369
   5.21438        21       382         0        0.61905
   5.22123        12       385         0        0.66667
   5.22808        20       458         0        0.66369
   5.23493        14       413         0        0.64286
   5.24178         5       345         0        0.63095
   5.24863        16       353         0        0.65476
   5.25548        17       368         0        0.67857
   5.26233         8       410         0        0.64286
   5.26918        10       424         0        0.64286
   5.27603         7       345         0        0.62798
   5.28287        31       351         0        0.65179
   5.28972        17       314         0        0.62202
   5.29657        17       379         0        0.66369
   5.30342        12       392         0        0.65179
   5.31027        33       373         0        0.65774
   5.31712        16       361         0        0.61905
   5.32397         9       391         0        0.65179
   5.33082        21       362         0        0.62798
   5.33767        25       444         0        0.64583
   5.34452        30       389         0        0.64583
   5.35137        11       386         0        0.59524
   5.35822        26       383         0        0.64286
   5.36507        11       392         0        0.63095
   5.37191        10       367         0        0.60714
   5.37876        12       380         0        0.63095
   5.38561        27       355         0        0.64583
   5.39246        22       380         0        0.66071
   5.39931         8       420         0        0.65476
   5.40616        17       377         0        0.64583
   5.41301        17       404         0        0.66369
   5.41986         8       353         0        0.61310
   5.42671        15       414         0        0.64583
   5.43356         9       383         0        0.64286
   5.44041        18       361         0        0.65179
   5.44726        18       371         0        0.61905
   5.45410        22       340         0        0.58631
   5.46095         2       353         0        0.60714
   5.46780        15       383         0        0.63393
   5.47465        19       336         0        0.60417
   5.48150        13       344         0        0.62202
   5.48835        16       387         0        0.65476
   5.49520        12       363         0        0.63690
   5.50205        15       366         0        0.66964
   5.50890        24       368         0        0.63690
   5.51575        24       354         0        0.63393
   5.52260        36       375         0        0.67560
   5.52945        49       351         0        0.67560
   5.53630        17       396         0        0.66667
   5.54314        23       352         0        0.64881
   5.54999         8       339         0        0.63690
   5.55280        10       345         0        0.62500
   5.55965         3       373         0        0.61607
   5.56650        15       338         0        0.61607
   5.57335         8       335         0        0.62500
   5.58020        10       416         0        0.64583
   5.58705         8       360         0        0.63988
   5.59390        16       418         0        0.65774
   5.60075        10       417         0        0.68452
   5.60759        10       386         0        0.70238
   5.61444        11       427         0        0.66071
   5.62129        19       385         0        0.66071
   5.62814        16       401         0        0.75595
   5.63499         5       387         0        0.67560
   5.64184         5       421         0        0.67560
   5.64869        18       438         0        0.70833
   5.65554         9       475         0        0.71131
   5.66239         7       414         0        0.68452
   5.66924        14       404         0        0.67560
   5.67609         6       388         0        0.69940
   5.68294         9       389         0        0.65179
   5.68979         7       402         0        0.66964
   5.69663        13       389         0        0.68452
   5.70348         5       366         0        0.62798
   5.71033         6       382         0        0.67857
   5.71718        15       387         0        0.66667
   5.72403        14       405         0        0.67857
   5.73088         9       373         0        0.68452
   5.73773        22       416         0        0.69643
   5.74458        10       387         0        0.68750
   5.75143        21       368         0        0.68155
   5.75828        23       405         3        0.69940
   5.76513        16       381         0        0.66667
   5.77198        10       375         0        0.67262
   5.77882        30       415         0        0.69345
   5.78567         3       362         0        0.67262
   5.79252         6       383         0        0.66667
   5.79937         7       362         0        0.65774
   5.80622        20       375         0        0.67262
   5.81307        25       401         0        0.67262
   5.81992        21       399         0        0.72917
   5.82677        20       419         0        0.73214
   5.83362        25       382         0        0.70536
   5.84047        16       380         0        0.66964
   5.84732        19       403         2        0.68155
   5.85417         7       394         0        0.69643
   5.86102         9       430         0        0.63095
   5.86786        27       425         0        0.63988
   5.87471        33       394         0        0.65774
   5.88156        19       376         0        0.64881
   5.88841        12       394         0        0.67560
   5.89526        22       364         0        0.64583
   5.90211        15       352         0        0.63690
   5.90896        10       344         0        0.61012
   5.91581        17       403         0        0.65774
   5.91878         0       363         0        0.60714
   5.92563        12       421         0        0.65476
   5.93248        11       396         0        0.66667
   5.93933         6       383         0        0.63690
   5.94618        20       361         0        0.65179
   5.95303         7       380         0        0.65774
   5.95988        18       377         0        0.64881
   5.96673        20       387         0        0.67857
   5.97358        16       358         0        0.67262
   5.98043        16       374         0        0.62798
   5.98727        14       368         0        0.61012
   5.99412         4       382         0        0.67262
   6.00097        16       424         0        0.68155
   6.00782        14       399         0        0.67560
   6.01467        10       436         0        0.66667
   6.02152         4       391         0        0.68750
   6.02837        16       397         0        0.65774
   6.03522         8       383         0        0.60417
   6.04207         5       412         0        0.66667
   6.04892        33       420         0        0.68452
   6.05577         4       396         0        0.65774
   6.06262        18       393         0        0.69048
   6.06946        27       417         0        0.67560
   6.07631        16       429         0        0.72024
   6.08316         7       358         0        0.65774
   6.09001        21       423         0        0.69048
   6.09686        10       403         0        0.66369
   6.10371        15       376         0        0.67857
   6.11056        18       388         0        0.67560
   6.11741         8       388         0        0.67560
   6.12426        14       369         0        0.67560
   6.13111        22       405         0        0.68155
   6.13796        12       381         0        0.69048
   6.14481         7       396         0        0.66667
   6.15166         6       421         0        0.68452
   6.15850        17       396         0        0.65179
   6.16535         9       397         0        0.66369
   6.17220        15       365         0        0.66071
   6.17905         5       393         0        0.67857
   6.18590        14       395         0        0.63690
   6.19275        22       376         0        0.63988
   6.19960        14       407         0        0.69048
   6.20645        12       393         0        0.65179
   6.21330        12       333         0        0.63690
   6.22015         8       379         0        0.62798
   6.22700        17       375         0        0.66667
   6.23385         2       384         0        0.63988
   6.24069        13       403         0        0.62500
   6.24754         7       376         0        0.66964
   6.25439        12       391         0        0.68155
   6.26124        11       402         0        0.65476
   6.26809        15       360         0        0.64286
   6.27494        12       430         0        0.67857
   6.28179        12       356         0        0.63690
   6.28526         9       372         0        0.64583
   6.29211         8       345         0        0.64881
   6.29896        11       412         0        0.67857
   6.30581        23       402         0        0.70536
   6.31266         9       351         0        0.59226
   6.31951        13       368         3        0.66369
   6.32635         9       387         0        0.61310
   6.33320        12       388         0        0.69048
   6.34005        16       409         0        0.68155
   6.34690        20       369         0        0.66964
   6.35375        35       379         0        0.61905
   6.36060        18       394         0        0.67857
   6.36745        11       353         0        0.62500
   6.37430         6       399         0        0.63095
   6.38115         9       368         0        0.61310
   6.38800        15       388         0        0.59821
   6.39485        13       345         0        0.60417
   6.40170        11       390         0        0.62798
   6.40854         8       363         0        0.58333
   6.41539        15       383         0        0.64583
   6.42224         4       387         0        0.63690
   6.42909        18       380         0        0.63095
   6.43594         3       365         0        0.59821
   6.44279         3       436         0        0.63988
   6.44964        15       370         0        0.66964
   6.45649         0       407         0        0.64583
   6.46334         9       375         0        0.58929
   6.47019        23       426         0        0.64286
   6.47704        19       392         0        0.66667
   6.48389        13       384         0        0.65476
   6.49073        13       412         0        0.68155
   6.49758         7       424         0        0.65774
   6.50443        11       396         0        0.64286
   6.51128        20       375         0        0.62500
   6.51813         4       378         0        0.64583
   6.52498         4       368         0        0.64583
   6.53183         0       413         0        0.63988
   6.53868        10       421         0        0.69048
   6.54553         9       400         0        0.63393
   6.55238         9       399         0        0.66071
   6.55923         6       441         0        0.63095
   6.56608        17       378         0        0.63095
   6.57293        13       431         0        0.64286
   6.57977         2       398         0        0.61310
   6.58662        12       427         0        0.67857
   6.59347        13       392         0        0.65476
   6.60032         7       406         0        0.63988
   6.60717         7       366         0        0.58929
   6.61402        10       383         0        0.64583
   6.62087         8       378         0        0.60119
   6.62772         3       384         0        0.62202
   6.63457         5       382         0        0.63988
   6.64142         6       374         0        0.66667
   6.64827        23       369         0        0.62500
   6.65110        22       366         0        0.62500
   6.65795        12       388         0        0.67262
   6.66479         5       418         0        0.66369
   6.67164         9       428         0        0.67560
   6.67849         6       350         0        0.58929
   6.68534         5       392         0        0.63690
   6.69219        12       346         0        0.61607
   6.69904         5       425         0        0.69345
   6.70589         8       376         0        0.62798
   6.71274        20       357         0        0.60714
   6.71959         4       372         0        0.63095
   6.72644        14       377         0        0.66369
   6.73329         9       429         0        0.64583
   6.74014        14       434         0        0.71131
   6.74698        18       395         3        0.67857
   6.75383         5       392         0        0.62500
   6.76068         3       350         0        0.58631
   6.76753         0       447         0        0.61905
   6.77438        11       412         0        0.61310
   6.78123        13       383         0        0.64881
   6.78808        14       425         0        0.62202
   6.79493        14       390         0        0.61310
   6.80178         6       380         0        0.63690
   6.80863         8       354         0        0.64881
   6.81548        24       375         3        0.61012
   6.82233         9       381         0        0.62500
   6.82918         8       369         0        0.62202
   6.83602        10       375         0        0.61310
   6.84287        23       387         1        0.64583
   6.84972         7       358         0        0.59226
   6.85657         6       403         0        0.63095
   6.86342         3       372         0        0.62500
   6.87027        14       365         0        0.61012
   6.87712        12       339         0        0.60417
   6.88397        16       367         0        0.62202
   6.89082         2       379         0        0.62500
   6.89767        23       357         0        0.60119
   6.90452        13       316         0        0.60714
   6.91137         4       356         0        0.62202
   6.91821         8       374         0        0.62798
   6.92506        30       418         0        0.65476
   6.93191        31       411         0        0.68155
   6.93876         7       362         0        0.63393
   6.94561        14       403         0        0.70536
   6.95246         1       356         0        0.62202
   6.95931        12       397         0        0.64881
   6.96616         3       356         0        0.63393
   6.97301        13       400         0        0.68750
   6.97986         9       351         0        0.63393
   6.98671         7       421         0        0.65476
   6.99356        21       370         0        0.61607
   7.00040        20       394         0        0.62202
   7.00725        10       366         0        0.59821
   7.01410         7       424         0        0.66071
   7.01696        19       391         0        0.66369
   7.02381         8       398         0        0.61607
   7.03066         5       403         0        0.65774
   7.03751         0       367         0        0.68452
   7.04436         9       361         0        0.60417
   7.05121         5       374         0        0.63393
   7.05806         8       376         0        0.64583
   7.06491        14       363         0        0.63393
   7.07176         2       368         0        0.62798
   7.07861        16       361         0        0.64881
   7.08546        12       375         2        0.66667
   7.09230        14       439         2        0.70536
   7.09915        19       381         2        0.67857
   7.10600        12       384         0        0.63690
   7.11285         5       389         0        0.64286
   7.11970         6       339         0        0.60119
   7.12655        20       431         0        0.66964
   7.13340        14       375         0        0.63393
   7.14025        10       379         0        0.60417
   7.14710        14       402         0        0.67262
   7.15395        12       371         0        0.65774
   7.16080         0       395         0        0.65774
   7.16765         5       348         0        0.62798
   7.17449         4       378         0        0.66369
   7.18134         2       434         0        0.67560
   7.18819         2       398         0        0.68155
   7.19504         7       411         0        0.72321
   7.20189         0       415         0        0.66071
   7.20874        10       378         2        0.65179
   7.21559         5       389         0        0.63690
   7.22244         3       412         0        0.69048
   7.22929         6       402         0        0.68452
   7.23614         0       404         0        0.66071
   7.24299         3       379         0        0.65476
   7.24984        10       405         0        0.70238
   7.25669         2       422         0        0.72321
   7.26353         0       422         0        0.70833
   7.27038         6       376         0        0.69643
   7.27723         0       443         0        0.70833
   7.28408         4       450         0        0.70833
   7.29093         0       415         0        0.68750
   7.29778        10       354         0        0.63393
   7.30463         8       360         0        0.65774
   7.31148         9       365         0        0.62202
   7.31833         8       382         0        0.67560
   7.32518         2       406         0        0.66369
   7.33203        10       419         0        0.68155
   7.33888         2       413         0        0.70536
   7.34572        10       416         0        0.71131
   7.35257         2       440         0        0.69345
   7.35942         3       364         0        0.64881
   7.36627         5       394         0        0.65774
   7.37312         2       388         0        0.67560
   7.37997         3       392         0        0.71131
   7.38341         4       400         0        0.67262
   7.39026         6       360         0        0.68452
   7.39711         9       395         0        0.67262
   7.40396         1       362         0        0.68155
   7.41081        21       408         0        0.72321
   7.41766         2       408         0        0.73214
   7.42451         4       361         0        0.66071
   7.43136         2       400         0        0.66369
   7.43821         4       425         0        0.68155
   7.44505         7       386         0        0.66369
   7.45190         7       383         0        0.69345
   7.45875        11       382         0        0.69345
   7.46560        16       376         0        0.66071
   7.47245         2       426         0        0.70238
   7.47930         6       426         0        0.74107
   7.48615        13       401         0        0.67560
   7.49300         8       403         0        0.63095
   7.49985         5       453         0        0.73214
   7.50670         2       382         0        0.66667
   7.51355         4       374         0        0.65476
   7.52040         0       381         0        0.68452
   7.52724         2       384         0        0.68155
   7.53409         0       396         0        0.68155
   7.54094         0       389         0        0.65179
   7.54779         0       419         0        0.70833
   7.55464         0       399         0        0.68155
   7.56149         0       393         0        0.65476
   7.56834         8       426         0        0.71131
   7.57519        10       387         0        0.66964
   7.58204         6       409         0        0.68452
   7.58889         5       412         0        0.69048
   7.59574         0       394         0        0.67262
   7.60259         0       357         0        0.64583
   7.60944         0       390         0        0.69940
   7.61628         0       350         0        0.65179
   7.62313         9       419         0        0.67560
   7.62998        10       385         0        0.70238
   7.63683         8       371         0        0.65179
   7.64368         6       409         0        0.68452
   7.65053         7       371         0        0.67560
   7.65738         0       424         0        0.70536
   7.66423         0       421         0        0.69048
   7.67108         2       401         0        0.70536
   7.67793         2       436         0        0.73810
   7.68478         1       453         0        0.69345
   7.69163         5       417         0        0.71726
   7.69847         0       393         0        0.68452
   7.70532         1       414         0        0.69643
   7.71217         0       435         0        0.69048
   7.71902         0       412         0        0.71131
   7.72587         4       393         0        0.68750
   7.73272         0       421         0        0.73512
   7.73957         2       423         0        0.70833
   7.74642         0       435         0        0.73214
   7.75079         0       415         0        0.71131
   7.75764         0       416         0        0.66964
   7.76449         2       433         0        0.74107
   7.77134         0       422         0        0.70833
   7.77819         0       433         0        0.70536
   7.78504         0       423         0        0.70833
   7.79188         0       417         0        0.69643
   7.79873         0       408         0        0.69048
   7.80558         2       408         0        0.72619
   7.81243         4       369         0        0.66667
   7.81928         9       393         0        0.71429
   7.82613         2       427         0        0.69345
   7.83298         0       399         0        0.65476
   7.83983         0       407         0        0.70833
   7.84668         2       379         0        0.64583
   7.85353         0       391         0        0.70238
   7.86038         3       399         0        0.72321
   7.86723         0       404         0        0.63988
   7.87407         6       441         0        0.70536
   7.88092         0       378         0        0.66964
   7.88777         0       377         0        0.64583
   7.89462        10       413         0        0.72917
   7.90147         6       403         0        0.71726
   7.90832         6       409         0        0.72024
   7.91517         9       400         0        0.69643
   7.92202        14       375         0        0.71131
   7.92887        14       384         0        0.69940
   7.93572         0       423         0        0.70536
   7.94257         0       427         0        0.70238
   7.94942         0       421         0        0.71429
   7.95627        20       435         2        0.70833
   7.96311         0       445         0        0.70833
   7.96996        12       413         0        0.72917
   7.97681         8       376         0        0.71131
   7.98366         3       436         0        0.72321
   7.99051         2       439         0        0.68750
   7.99736         0       406         0        0.66964
   8.00421         8       355         0        0.67560
   8.01106         2       389         0        0.72619
   8.01791         6       417         0        0.69048
   8.02476         8       375         0        0.69940
   8.03161         8       379         0        0.74405
   8.03846         2       411         0        0.69940
   8.04530        14       384         0        0.71429
   8.05215         8       372         0        0.69643
   8.05900         8       378         0        0.69643
   8.06585         8       393         0        0.74405
   8.07270         2       391         0        0.71131
   8.07955         4       394         0        0.71429
   8.08640         7       430         0        0.72024
   8.09325         7       353         0        0.66667
   8.10010         0       429         0        0.69643
   8.10695         2       434         0        0.72321
   8.11380         5       371         0        0.66369
   8.11878         4       426         0        0.69345
   8.12563         2       361         0        0.66964
   8.13248        12       400         0        0.68452
   8.13933        20       377         0        0.73512
   8.14618         4       400         0        0.70536
   8.15303         2       408         0        0.72917
   8.15988         0       425         0        0.71131
   8.16673        20       407         0        0.72024
   8.17358         2       378         0        0.67857
   8.18043        10       379         0        0.68452
   8.18728         7       409         0        0.69048
   8.19412         3       409         0        0.71429
   8.20097         3       423         0        0.74702
   8.20782         4       408         0        0.74702
   8.21467         0       442         0        0.73512
   8.22152         0       394         0        0.70536
   8.22837         2       419         0        0.70238
   8.23522         6       405         0        0.76190
   8.24207         0       411         0        0.72619
   8.24892         5       425         0        0.72024
   8.25577         2       389         0        0.75000
   8.26262         0       413         0        0.73810
   8.26947         0       422         0        0.76786
   8.27632         2       421         0        0.71429
   8.28316         0       402         0        0.72619
   8.29001         0       398         0        0.70536
   8.29686         0       434         0        0.74107
   8.30371         0       406         0        0.73512
   8.31056         5       396         0        0.71131
   8.31741         7       389         0        0.70536
   8.32426         6       414         0        0.76488
   8.33111         2       414         0        0.73810
   8.33796        11       412         0        0.77083
   8.34481        19       417         0        0.72321
   8.35166         6       411         0        0.74107
   8.35851         9       456         0        0.78274
   8.36535         0       437         0        0.76190
   8.37220         4       419         0        0.73810
   8.37905        12       420         0        0.74107
   8.38590         0       422         0        0.74702
   8.39275         2       399         0        0.70833
   8.39960         0       372         0        0.71726
   8.40645         4       429         0        0.72917
   8.41330         6       441         0        0.77381
   8.42015         5       415         0        0.75298
   8.42700         3       449         0        0.75893
   8.43385         2       414         0        0.73810
   8.44070         0       397         0        0.69345
   8.44755         0       434         0        0.75298
   8.45439         0       451         0        0.75298
   8.46124         0       389         0        0.68750
   8.46809         0       447         0        0.73810
   8.47494         0       432         0        0.77679
   8.48179         0       395         0        0.72321
   8.48703         2       436         0        0.72321
   8.49388         0       386         0        0.72024
   8.50073         0       414         0        0.76488
   8.50758         0       412         0        0.73214
   8.51443         0       425         0        0.74702
   8.52128         0       389         0        0.73810
   8.52813         0       414         0        0.78869
   8.53498         0       431         0        0.76190
   8.54183         0       419         0        0.73512
   8.54868         2       409         0        0.73810
   8.55553         0       421         0        0.78571
   8.56237         0       439         0        0.76190
   8.56922         0       426         0        0.77083
   8.57607         0       441         0        0.77976
   8.58292         2       401         0        0.71726
   8.58977         0       467         0        0.80357
   8.59662         0       460         0        0.79167
   8.60347         0       409         0        0.72024
   8.61032         0       392         0        0.72917
   8.61717         1       413         0        0.77083
   8.62402         3       438         0        0.76488
   8.63087         9       448         0        0.77381
   8.63772         0       454         0        0.78869
   8.64456         0       443         0        0.77083
   8.65141         3       512         0        0.78571
   8.65826         2       424         0        0.76488
   8.66511         0       427         0        0.77976
   8.67196         0       412         0        0.70833
   8.67881         4       415         0        0.79464
   8.68566         0       409         0        0.69048
   8.69251         0       432         0        0.80952
   8.69936         0       451         0        0.79167
   8.70621         0       403         0        0.76488
   8.71306         0       409         0        0.74702
   8.71991         0       406         0        0.73214
   8.72676         0       459         0        0.80357
   8.73360         0       401         0        0.73214
   8.74045         0       458         0        0.80655
   8.74730         6       432         0        0.73810
   8.75415         0       445         0        0.77976
   8.76100         0       424         0        0.76786
   8.76785         0       428         0        0.77083
   8.77470         0       406         0        0.75893
   8.78155         0       417         0        0.77083
   8.78840         0       408         0        0.77976
   8.79525         0       421         0        0.76488
   8.80210         2       398         0        0.70238
   8.80895         5       408         0        0.76488
   8.81579         0       448         0        0.75595
   8.82264         0       432         0        0.75595
   8.82949         0       372         0        0.70238
   8.83634         2       376         0        0.71726
   8.84319         0       477         0        0.77976
   8.85004         0       425         0        0.77976
   8.85577         0       417         0        0.74107
   8.86261         0       427         0        0.74405
   8.86946         0       422         0        0.70238
   8.87631         3       417         0        0.76488
   8.88316         0       428         0        0.78274
   8.89001         0       428         0        0.76488
   8.89686         0       415         0        0.71131
   8.90371         1       418         0        0.76488
   8.91056         0       419         0        0.77976
   8.91741         0       420         0        0.80655
   8.92426         0       417         0        0.73810
   8.93111         0       415         0        0.73810
   8.93796         0       407         0        0.68155
   8.94480         3       430         0        0.76488
   8.95165         0       421         0        0.79464
   8.95850         8       427         0        0.76190
   8.96535         6       441         0        0.81845
   8.97220         4       442         0        0.77976
   8.97905         0       398         0        0.73810
   8.98590         2       434         0        0.75595
   8.99275         0       450         0        0.75298
   8.99960         0       476         0        0.79464
   9.00645         6       434         0        0.75298
   9.01330         2       449         0        0.75000
   9.02015         0       426         0        0.75298
   9.02700         0       421         0        0.72917
   9.03384         6       397         0        0.75000
   9.04069         9       432         0        0.78571
   9.04754         0       386         0        0.75000
   9.05439         0       408         0        0.79464
   9.06124         2       440         0        0.76786
   9.06809         0       438         0        0.77679
   9.07494         0       427         0        0.77083
   9.08179         4       404         0        0.70536
   9.08864         4       405         0        0.75000
   9.09549         0       451         0        0.76488
   9.10234         0       415         0        0.72917
   9.10919         6       446         0        0.79762
   9.11603         4       431         0        0.79167
   9.12288         0       425         0        0.78571
   9.12973         0       387         0        0.74107
   9.13658         0       440         0        0.78571
   9.14343         0       401         0        0.76190
   9.15028         0       400         0        0.73512
   9.15713         0       410         0        0.71429
   9.16398         0       420         0        0.75000
   9.17083         0       444         0        0.75595
   9.17768         3       402         0        0.76190
   9.18453        11       418         0        0.75893
   9.19138         4       406         0        0.73810
   9.19823         6       449         0        0.80357
   9.20507         2       451         0        0.80357
   9.21192         0       415         0        0.77381
   9.21877         0       451         0        0.78869
   9.22440        12       386         0        0.74405
