   0.00587         0         0         0        0.00000
   0.01203         0         0         0        0.00000
   0.01205         0         0         0        0.00000
   0.01829         0         0         0        0.00000
   0.01861         0         0         0        0.00000
   0.02495         0         0         0        0.00000
   0.02560         0         0         0        0.00000
   0.03207         0         0         0        0.00000
   0.03316         0         0         0        0.00000
   0.03969         0         0         0        0.00000
   0.04492         0         0         0        0.00000
   0.05151         0         0         0        0.00000
   0.05710         0         0         0        0.00000
   0.06377         0         0         0        0.00000
   0.07043         0         0         0        0.01786
   0.07399         4         0         0        0.00595
   0.08074         2         0         0        0.00595
   0.08749         4         0         0        0.00595
   0.09424         0         0         0        0.01190
   0.09599         0         0         0        0.01488
   0.10287         4        26         1        0.13690
   0.10975        18        59         1        0.12500
   0.11662         6        23         0        0.12500
   0.12350        22        36         0        0.15476
   0.13038         6        46         1        0.14286
   0.13725        12        44         0        0.16667
   0.14413        14        50         0        0.13393
   0.15101        23        33         0        0.17262
   0.15788        16        63         3        0.15179
   0.16476        12        41         0        0.12202
   0.17164         0        47         0        0.10714
   0.17851         0        83         0        0.17857
   0.18539         0        88         0        0.15774
   0.19227        12        69         0        0.21131
   0.19914        10        68         0        0.16667
   0.20602        34        49         0        0.25595
   0.21290        13        61         0        0.18750
   0.21977        14        54         0        0.19940
   0.22665         9        84         1        0.19048
   0.23353        31        63         0        0.21131
   0.24040        30       109         0        0.25893
   0.24728        30       115         0        0.28571
   0.25416        22       104         0        0.23214
   0.26103        25       156         0        0.31548
   0.26791        20       175         0        0.29167
   0.27479        23       151         0        0.32440
   0.28167        15       143         0        0.23512
   0.28854        21       107         0        0.24702
   0.29542        23       120         0        0.29762
   0.30230        25       111         0        0.27976
   0.30917        54       130         0        0.31845
   0.31605        59       161         0        0.35714
   0.32293        33       158         0        0.37202
   0.32980        32       133         0        0.35417
   0.33668        32       160         0        0.35119
   0.34356        35       131         3        0.32440
   0.35043        41       152         0        0.33036
   0.35731        39       155         0        0.30952
   0.36419        18       180         0        0.38095
   0.37106        26       149         0        0.34821
   0.37794        50       192         0        0.39286
   0.38482        54       200         0        0.36607
   0.39169        63       175         0        0.33631
   0.39857        94       173         0        0.37798
   0.40545        35       171         0        0.38988
   0.41232        58       230         0        0.46429
   0.41920        60       160         0        0.39583
   0.42608        56       189         0        0.38690
   0.43295        52       162         0        0.30060
   0.43983        23       148         0        0.29762
   0.44671        38       195         0        0.38690
   0.45358        54       197         0        0.36012
   0.46046        45       231         0        0.41667
   0.46734        38       151         1        0.28869
   0.46908        58       185         0        0.35417
   0.47596        34       163         1        0.34226
   0.48283        51       203         0        0.37798
   0.48971        31       197         0        0.33036
   0.49659        29       264         0        0.41369
   0.50346        38       222         0        0.36310
   0.51034        29       254         0        0.40179
   0.51722        23       214         0        0.38393
   0.52409        30       250         0        0.46131
   0.53097        39       285         0        0.42857
   0.53785        29       186         0        0.43155
   0.54472        39       221         0        0.43750
   0.55160        36       192         0        0.35119
   0.55848        57       218         0        0.45238
   0.56535        36       224         0        0.39286
   0.57223        43       206         0        0.37500
   0.57911        42       214         0        0.48214
   0.58598        46       220         0        0.40179
   0.59286        63       229         0        0.48214
   0.59974        36       187         0        0.40179
   0.60661        24       193         0        0.44643
   0.61349        30       236         0        0.46726
   0.62037        37       228         0        0.41964
   0.62724        47       293         1        0.50893
   0.63412        40       308         0        0.54167
   0.64100        72       281         3        0.53869
   0.64787        77       273         0        0.52679
   0.65475        55       251         1        0.54167
   0.66163        39       241         0        0.52083
   0.66850        43       225         1        0.53274
   0.67538        54       271         1        0.54167
   0.68226        49       269         0        0.55952
   0.68913        50       272         0        0.54762
   0.69601        41       288         1        0.53571
   0.70289        50       320         0        0.56250
   0.70976        69       320         0        0.61012
   0.71664        48       328         0        0.59821
   0.72352        44       311         0        0.58631
   0.73039        47       340         1        0.60417
   0.73727        47       336         1        0.58036
   0.74415        41       331         1        0.59821
   0.75103        55       306         0        0.61012
   0.75790        28       331         0        0.58333
   0.76478        40       314         0        0.57440
   0.77166        44       344         0        0.58631
   0.77853        40       346         0        0.57143
   0.78541        27       307         0        0.58929
   0.79229        41       339         1        0.58333
   0.79916        22       295         0        0.54464
   0.80604        43       281         0        0.57143
   0.81292        37       314         0        0.58631
   0.81979        28       315         1        0.56548
   0.82667        29       322         0        0.50298
   0.83355        32       295         0        0.55060
   0.84042        32       320         0        0.57143
   0.84246        33       309         0        0.55952
   0.84933        32       363         0        0.59524
   0.85621        25       307         0        0.57143
   0.86309        28       307         0        0.56548
   0.86996        30       378         0        0.55655
   0.87684        26       309         0        0.55357
   0.88372        32       382         0        0.59524
   0.89059        21       306         0        0.52381
   0.89747        27       344         0        0.58929
   0.90435        31       320         0        0.62500
   0.91122        31       297         0        0.52381
   0.91810        17       347         0        0.59524
   0.92498        18       325         0        0.55060
   0.93185        34       299         0        0.58036
   0.93873        12       319         0        0.52679
   0.94561        26       297         0        0.54464
   0.95249        32       250         0        0.51488
   0.95936        32       316         0        0.57143
   0.96624        20       351         0        0.58333
   0.97312        17       368         0        0.58333
   0.97999        44       355         0        0.61012
   0.98687        25       341         0        0.52083
   0.99375        21       345         0        0.55357
   1.00062        20       305         0        0.54464
   1.00750        32       320         0        0.56548
   1.01438        33       324         0        0.58929
   1.02125        35       317         0        0.54464
   1.02813        34       324         0        0.58631
   1.03501        37       278         0        0.52083
   1.04188        37       333         0        0.57738
   1.04876        24       294         0        0.59524
   1.05564        19       370         0        0.58929
   1.06251        14       316         0        0.57440
   1.06939        18       303         0        0.58631
   1.07627        29       307         0        0.58036
   1.08314        30       302         0        0.63690
   1.09002        16       366         0        0.62798
   1.09690        18       308         0        0.63393
   1.10377        40       341         0        0.55060
   1.11065        26       377         0        0.61012
   1.11753        43       370         0        0.57738
   1.12440        53       360         0        0.60417
   1.13128        32       390         1        0.64881
   1.13816        27       378         0        0.58929
   1.14503        26       348         1        0.58333
   1.15191        39       419         2        0.63095
   1.15879        31       347         0        0.60417
   1.16566        31       399         0        0.64286
   1.17254        35       356         0        0.63690
   1.17942         8       388         0        0.57738
   1.18629        30       342         0        0.58333
   1.19317        48       385         0        0.62202
   1.20005        29       318         0        0.51786
   1.20692        60       356         0        0.57143
   1.21380        51       358         0        0.63690
   1.21642        28       363         0        0.57440
   1.22329        39       354         0        0.56250
   1.23017        37       336         0        0.55655
   1.23705        34       343         0        0.58333
   1.24392        45       380         0        0.61607
   1.25080        35       342         0        0.63988
   1.25768        44       417         0        0.64583
   1.26455        28       364         0        0.59226
   1.27143        36       334         0        0.61607
   1.27831        43       320         0        0.57738
   1.28518        34       382         0        0.60714
   1.29206        20       370         0        0.57738
   1.29894        40       394         0        0.63095
   1.30581        32       345         0        0.59524
   1.31269        34       336         0        0.63988
   1.31957        32       356         0        0.59821
   1.32644        31       321         0        0.58036
   1.33332        31       333         0        0.61012
   1.34020        29       351         0        0.61607
   1.34707        24       378         0        0.60714
   1.35395        19       361         0        0.59226
   1.36083        26       342         0        0.58036
   1.36770        24       346         0        0.60714
   1.37458        22       382         0        0.63988
   1.38146        27       371         0        0.65179
   1.38833        18       344         0        0.63393
   1.39521        24       318         0        0.56548
   1.40209        28       347         0        0.56548
   1.40896        26       353         0        0.54167
   1.41584        29       338         0        0.53869
   1.42272        43       313         0        0.57143
   1.42960        26       360         0        0.62500
   1.43647        33       342         0        0.57738
   1.44335        27       341         0        0.58333
   1.45023        19       346         0        0.62798
   1.45710        28       346         0        0.62798
   1.46398        30       335         0        0.61012
   1.47086        44       334         0        0.60119
   1.47773        33       327         0        0.60119
   1.48461        44       385         3        0.66667
   1.49149        36       358         0        0.66071
   1.49836        30       340         0        0.64286
   1.50524        40       357         0        0.64286
   1.51212        43       359         0        0.56845
   1.51899        35       342         0        0.60119
   1.52587        52       394         0        0.64286
   1.53275        52       391         0        0.61905
   1.53962        38       345         0        0.65774
   1.54650        35       375         0        0.61310
   1.55338        40       367         1        0.61310
   1.56025        42       401         1        0.64286
   1.56713        49       375         0        0.64286
   1.57401        37       383         0        0.64286
   1.58088        51       347         0        0.64881
   1.58776        48       346         0        0.57143
   1.59071        36       323         0        0.61310
   1.59759        35       367         0        0.63988
   1.60446        36       440         0        0.70536
   1.61134        43       399         0        0.66964
   1.61822        33       383         0        0.65774
   1.62509        46       377         0        0.63393
   1.63197        43       364         0        0.64286
   1.63885        28       339         0        0.62798
   1.64572        46       385         0        0.65476
   1.65260        47       368         0        0.67560
   1.65948        32       339         0        0.65179
   1.66635        46       409         0        0.66369
   1.67323        32       380         0        0.61310
   1.68011        28       364         0        0.60417
   1.68698        47       399         0        0.64286
   1.69386        39       374         0        0.59821
   1.70074        38       376         0        0.65476
   1.70761        36       352         0        0.62798
   1.71449        37       339         0        0.60714
   1.72137        51       387         0        0.60417
   1.72824        50       376         0        0.64286
   1.73512        48       394         0        0.63690
   1.74200        49       365         0        0.66369
   1.74887        65       355         0        0.64583
   1.75575        38       349         0        0.58333
   1.76263        70       368         0        0.63095
   1.76950        60       327         0        0.58631
   1.77638        58       362         0        0.62798
   1.78326        46       400         0        0.60119
   1.79013        40       385         0        0.59821
   1.79701        52       389         0        0.60119
   1.80389        38       385         0        0.62202
   1.81076        38       349         0        0.63690
   1.81764        47       363         0        0.63988
   1.82452        38       385         0        0.64881
   1.83139        49       387         0        0.67857
   1.83827        29       429         0        0.68452
   1.84515        33       419         0        0.64286
   1.85202        52       416         0        0.67262
   1.85890        40       382         0        0.63095
   1.86578        42       381         0        0.65179
   1.87265        36       433         0        0.67560
   1.87953        41       353         0        0.65774
   1.88641        38       367         0        0.61012
   1.89329        33       340         0        0.63393
   1.90016        34       406         0        0.65476
   1.90704        36       378         0        0.65179
   1.91392        47       392         0        0.62202
   1.92079        29       422         0        0.61905
   1.92767        41       345         0        0.62500
   1.93455        42       405         0        0.63690
   1.94142        25       404         0        0.59524
   1.94830        39       351         0        0.62500
   1.95518        38       388         0        0.56845
   1.96205        34       364         0        0.63095
   1.96601        33       381         0        0.62798
   1.97288        59       350         0        0.61607
   1.97976        43       392         0        0.65476
   1.98664        31       444         0        0.64286
   1.99351        44       421         0        0.63393
   2.00039        39       377         0        0.67857
   2.00727        33       340         0        0.62202
   2.01414        41       378         0        0.70536
   2.02102        49       340         0        0.66667
   2.02790        38       442         0        0.65476
   2.03477        35       417         0        0.66369
   2.04165        44       418         0        0.69345
   2.04853        43       400         0        0.63393
   2.05540        30       401         0        0.63690
   2.06228        44       417         0        0.62500
   2.06916        32       376         0        0.61905
   2.07603        37       418         0        0.66964
   2.08291        47       381         0        0.63690
   2.08979        48       357         0        0.68750
   2.09666        50       395         0        0.67560
   2.10354        46       385         0        0.68452
   2.11042        49       336         0        0.68155
   2.11729        44       425         0        0.69345
   2.12417        42       388         0        0.66667
   2.13105        46       415         0        0.66667
   2.13792        50       391         0        0.68452
   2.14480        49       360         0        0.64286
   2.15168        40       421         0        0.68452
   2.15855        47       384         0        0.66964
   2.16543        39       425         0        0.66964
   2.17231        49       407         0        0.65774
   2.17918        38       386         0        0.66964
   2.18606        41       392         0        0.66964
   2.19294        39       361         0        0.64583
   2.19981        49       422         0        0.68155
   2.20669        59       388         0        0.64881
   2.21357        56       358         0        0.67262
   2.22044        55       388         0        0.70536
   2.22732        58       352         0        0.68452
   2.23420        58       424         0        0.71131
   2.24107        52       394         0        0.73512
   2.24795        39       418         0        0.75000
   2.25483        46       338         0        0.69643
   2.26171        44       379         0        0.69643
   2.26858        50       367         0        0.67262
   2.27546        30       432         0        0.73512
   2.28234        30       434         0        0.68452
   2.28921        37       354         0        0.64286
   2.29609        43       375         0        0.69940
   2.30297        43       416         0        0.73512
   2.30984        44       384         0        0.70833
   2.31672        44       365         0        0.66369
   2.32360        50       423         0        0.69643
   2.33047        48       420         0        0.68452
   2.33735        47       419         0        0.69345
   2.34178        44       343         0        0.66667
   2.34865        44       388         0        0.69345
   2.35553        44       380         0        0.67857
   2.36241        43       379         0        0.69643
   2.36928        46       417         0        0.73810
   2.37616        44       371         0        0.63690
   2.38304        37       374         0        0.67262
   2.38991        44       375         0        0.69643
   2.39679        55       350         0        0.64583
   2.40367        44       348         0        0.68155
   2.41054        49       389         0        0.72619
   2.41742        49       387         0        0.67560
   2.42430        42       409         0        0.69940
   2.43117        50       415         0        0.73810
   2.43805        50       394         0        0.67560
   2.44493        45       425         0        0.71131
   2.45180        66       449         0        0.72917
   2.45868        63       395         0        0.75000
   2.46556        48       372         0        0.71429
   2.47243        48       388         0        0.68155
   2.47931        56       426         0        0.74702
   2.48619        53       380         0        0.70238
   2.49306        47       398         0        0.74107
   2.49994        50       423         0        0.69345
   2.50682        59       368         0        0.69643
   2.51369        56       368         0        0.68750
   2.52057        48       352         0        0.65476
   2.52745        49       346         0        0.70833
   2.53432        52       400         0        0.75893
   2.54120        38       398         0        0.71429
   2.54808        38       366         0        0.69643
   2.55495        46       406         0        0.72321
   2.56183        54       395         0        0.72917
   2.56871        42       420         0        0.75000
   2.57558        44       394         0        0.73214
   2.58246        41       440         0        0.72917
   2.58934        43       449         0        0.77381
   2.59621        48       375         0        0.74702
   2.60309        60       387         0        0.73214
   2.60997        46       380         0        0.76190
   2.61685        50       378         0        0.73214
   2.62372        57       381         0        0.68452
   2.63060        52       400         0        0.68750
   2.63748        59       397         0        0.66667
   2.64435        56       413         0        0.69940
   2.65123        60       348         0        0.69048
   2.65811        64       308         0        0.66369
   2.66498        65       364         0        0.67560
   2.67186        57       348         0        0.74405
   2.67874        58       366         0        0.73214
   2.68561        41       370         0        0.72619
   2.69249        40       471         0        0.74702
   2.69937        45       396         0        0.75000
   2.70624        54       413         0        0.75000
   2.71312        54       449         0        0.73512
   2.71755        50       388         0        0.71131
   2.72443        68       408         0        0.72917
   2.73131        54       387         0        0.69048
   2.73818        48       366         0        0.71726
   2.74506        60       351         0        0.72321
   2.75194        56       323         0        0.69940
   2.75881        56       359         0        0.71131
   2.76569        60       416         0        0.77083
   2.77257        68       424         0        0.75893
   2.77944        54       377         0        0.73214
   2.78632        54       391         0        0.75893
   2.79320        53       365         0        0.74702
   2.80007        54       364         0        0.74107
   2.80695        48       386         0        0.71131
   2.81383        60       363         0        0.73214
   2.82070        66       414         0        0.77083
   2.82758        72       383         0        0.77083
   2.83446        65       364         0        0.75000
   2.84133        57       405         0        0.72917
   2.84821        67       442         0        0.77381
   2.85509        66       380         0        0.73810
   2.86197        65       424         0        0.75893
   2.86884        48       375         0        0.70238
   2.87572        67       391         0        0.69940
   2.88260        60       328         0        0.63988
   2.88947        57       306         0        0.64881
   2.89635        59       389         0        0.71726
   2.90323        55       351         0        0.69643
   2.91010        72       407         0        0.72024
   2.91698        63       384         0        0.65476
   2.92386        48       382         0        0.69940
   2.93073        61       345         0        0.69345
   2.93761        71       399         0        0.75298
   2.94449        59       362         0        0.71131
   2.95136        57       358         0        0.72619
   2.95824        55       358         0        0.74107
   2.96512        60       380         0        0.72024
   2.97199        56       378         0        0.73810
   2.97887        56       339         0        0.71726
   2.98575        75       351         0        0.75595
   2.99262        53       338         0        0.67560
   2.99950        60       369         0        0.74107
   3.00638        60       329         0        0.70536
   3.01325        62       344         0        0.72024
   3.02013        54       327         0        0.72024
   3.02701        61       363         0        0.75000
   3.03388        61       382         1        0.75000
   3.04076        66       381         0        0.70536
   3.04764        67       337         0        0.65179
   3.05451        55       395         0        0.72024
   3.06139        56       331         0        0.70238
   3.06827        63       369         0        0.72619
   3.07514        65       370         0        0.74702
   3.08202        54       339         0        0.70536
   3.08890        70       369         0        0.69940
   3.09451        60       340         0        0.69643
   3.10139        64       414         0        0.69940
   3.10827        68       383         1        0.73214
   3.11514        62       368         0        0.68155
   3.12202        61       370         1        0.73214
   3.12890        58       373         0        0.71726
   3.13577        67       352         0        0.69048
   3.14265        55       390         0        0.72321
   3.14953        57       392         0        0.72321
   3.15640        54       335         0        0.71726
   3.16328        64       407         0        0.71726
   3.17016        56       386         0        0.74107
   3.17703        69       438         0        0.72917
   3.18391        67       398         0        0.73810
   3.19079        58       398         1        0.72619
   3.19766        75       376         0        0.71131
   3.20454        54       338         0        0.70833
   3.21142        50       373         0        0.72917
   3.21829        76       350         3        0.70833
   3.22517        56       350         0        0.72321
   3.23205        64       360         0        0.70536
   3.23892        56       339         0        0.67560
   3.24580        62       365         0        0.71726
   3.25268        55       379         0        0.68750
   3.25955        58       376         0        0.71131
   3.26643        63       385         0        0.73512
   3.27331        84       406         0        0.74702
   3.28018        62       407         0        0.73214
   3.28706        53       379         0        0.72024
   3.29394        54       340         0        0.71429
   3.30081        62       390         0        0.73214
   3.30769        61       329         0        0.71131
   3.31457        73       329         0        0.68750
   3.32144        70       356         0        0.73214
   3.32832        64       356         0        0.71131
   3.33520        61       367         0        0.72321
   3.34207        63       387         0        0.75298
   3.34895        68       345         0        0.72321
   3.35583        62       402         1        0.71429
   3.36270        62       341         1        0.67560
   3.36958        66       352         0        0.74405
   3.37646        69       382         0        0.75298
   3.38333        69       402         0        0.80357
   3.39021        73       347         0        0.73512
   3.39709        63       390         1        0.70536
   3.40397        50       401         0        0.76190
   3.41084        59       381         0        0.72321
   3.41772        48       360         0        0.68452
   3.42460        56       377         1        0.71131
   3.43147        58       364         0        0.74107
   3.43835        74       399         0        0.70833
   3.44523        41       378         0        0.68452
   3.45210        55       345         0        0.68750
   3.45898        55       362         0        0.69048
   3.46586        82       347         0        0.70238
   3.47114        86       325         0        0.68155
   3.47801        59       365         0        0.69940
   3.48489        81       363         0        0.73512
   3.49177        66       367         2        0.73810
   3.49864        56       373         0        0.69345
   3.50552        83       362         0        0.69643
   3.51240        71       345         0        0.73214
   3.51927        59       385         0        0.68155
   3.52615        48       382         0        0.73512
   3.53303        50       372         0        0.74405
   3.53990        58       418         0        0.71726
   3.54678        61       329         0        0.69643
   3.55366        50       319         0        0.71131
   3.56053        58       413         0        0.77976
   3.56741        59       394         0        0.74702
   3.57429        71       401         0        0.77381
   3.58117        59       396         0        0.77679
   3.58804        69       363         0        0.72321
   3.59492        67       394         0        0.72917
   3.60180        55       359         0        0.72321
   3.60867        60       393         0        0.74107
   3.61555        70       343         0        0.74405
   3.62243        70       357         0        0.72917
   3.62930        62       390         0        0.73512
   3.63618        78       364         0        0.68750
   3.64306        79       410         0        0.74107
   3.64993        64       352         0        0.73810
   3.65681        60       348         0        0.69345
   3.66369        66       395         0        0.74702
   3.67056        62       390         0        0.72024
   3.67744        60       335         0        0.71726
   3.68432        68       368         0        0.71726
   3.69119        70       325         0        0.71131
   3.69807        56       363         0        0.69048
   3.70495        70       364         0        0.72321
   3.71182        72       344         0        0.71429
   3.71870        64       338         0        0.67560
   3.72558        66       375         0        0.72024
   3.73245        69       347         0        0.71726
   3.73933        65       369         0        0.71726
   3.74621        60       377         1        0.68452
   3.75308        64       325         1        0.68750
   3.75996        59       330         0        0.64583
   3.76684        58       360         0        0.71726
   3.77371        63       366         0        0.73214
   3.78059        66       319         0        0.69940
   3.78747        57       351         0        0.69048
   3.79434        67       355         0        0.72024
   3.80122        62       319         0        0.70238
   3.80810        76       357         0        0.69940
   3.81497        67       374         0        0.77083
   3.82185        56       337         0        0.68750
   3.82873        55       350         0        0.70833
   3.83560        67       374         0        0.72619
   3.84248        68       353         0        0.70238
   3.84743        51       335         0        0.68750
   3.85431        68       351         1        0.74107
   3.86119        69       344         0        0.71131
   3.86806        60       345         0        0.71131
   3.87494        58       343         1        0.72024
   3.88182        72       404         0        0.75000
   3.88869        76       339         1        0.74405
   3.89557        65       348         0        0.69643
   3.90245        62       363         1        0.72024
   3.90932        62       404         0        0.75298
   3.91620        56       375         0        0.70833
   3.92308        61       329         0        0.66071
   3.92995        63       373         0        0.74107
   3.93683        90       420         1        0.73810
   3.94371        68       328         0        0.75595
   3.95058        71       352         1        0.71131
   3.95746        73       341         0        0.70536
   3.96434        66       327         1        0.71726
   3.97122        69       340         1        0.69940
   3.97809        76       319         0        0.66667
   3.98497        65       370         0        0.72619
   3.99185        75       389         1        0.69940
   3.99872        72       369         0        0.73512
   4.00560        72       366         1        0.69940
   4.01248        77       386         0        0.72619
   4.01935        63       333         0        0.69643
   4.02623        67       373         1        0.70536
   4.03311        73       356         1        0.72024
   4.03998        63       327         0        0.66369
   4.04686        72       359         0        0.69048
   4.05374        56       329         0        0.68155
   4.06061        61       324         0        0.67262
   4.06749        70       352         0        0.68750
   4.07437        62       337         0        0.66964
   4.08124        48       371         0        0.68750
   4.08812        68       340         0        0.68155
   4.09500        62       374         1        0.70833
   4.10187        62       389         0        0.70238
   4.10875        63       393         1        0.71131
   4.11563        66       368         0        0.67262
   4.12250        65       354         0        0.69643
   4.12938        55       365         0        0.72321
   4.13626        72       391         0        0.70238
   4.14313        56       372         0        0.69643
   4.15001        47       424         0        0.69643
   4.15689        57       405         1        0.71429
   4.16376        58       377         0        0.68155
   4.17064        59       401         0        0.67262
   4.17752        52       404         0        0.67857
   4.18439        51       362         0        0.69345
   4.19127        58       368         0        0.70536
   4.19815        54       321         0        0.68750
   4.20502        68       356         0        0.68452
   4.21190        52       383         0        0.71131
   4.21878        48       362         0        0.69048
   4.22338        54       364         0        0.66369
   4.23026        66       417         0        0.72917
   4.23713        56       415         0        0.69940
   4.24401        82       358         0        0.68452
   4.25089        53       349         0        0.69643
   4.25776        71       361         1        0.69643
   4.26464        60       363         1        0.70536
   4.27152        61       397         0        0.70238
   4.27839        62       383         1        0.71131
   4.28527        57       324         1        0.60119
   4.29215        60       350         0        0.70833
   4.29902        56       357         0        0.68750
   4.30590        48       408         0        0.72619
   4.31278        67       370         0        0.68750
   4.31965        62       381         0        0.70536
   4.32653        64       362         0        0.67857
   4.33341        59       385         0        0.74405
   4.34028        68       350         0        0.67262
   4.34716        56       351         0        0.72619
   4.35404        87       343         0        0.71726
   4.36091        58       398         0        0.73512
   4.36779        57       339         0        0.69643
   4.37467        72       389         0        0.72619
   4.38154        85       339         0        0.71726
   4.38842        69       362         0        0.72321
   4.39530        67       364         0        0.72321
   4.40217        75       395         0        0.68750
   4.40905        56       364         0        0.72024
   4.41593        64       321         0        0.69048
   4.42280        65       347         0        0.67262
   4.42968        72       364         0        0.67560
   4.43656        83       388         0        0.75000
   4.44343        65       377         0        0.66964
   4.45031        56       362         0        0.71726
   4.45719        68       369         0        0.72321
   4.46406        60       370         0        0.67857
   4.47094        69       382         0        0.71131
   4.47782        73       392         0        0.69345
   4.48469        69       350         0        0.69048
   4.49157        70       375         0        0.67560
   4.49845        61       370         0        0.68452
   4.50532        61       385         0        0.72321
   4.51220        48       416         0        0.71429
   4.51908        66       390         0        0.70238
   4.52595        53       412         0        0.73214
   4.53283        70       383         0        0.71131
   4.53971        66       339         0        0.66071
   4.54658        53       315         0        0.69940
   4.55346        70       347         0        0.72619
   4.56034        62       380         0        0.69345
   4.56721        69       384         0        0.71726
   4.57409        73       289         0        0.66369
   4.58097        67       329         0        0.65179
   4.58784        71       325         0        0.68155
   4.59472        69       309         0        0.65476
   4.59946        74       402         0        0.73214
   4.60634        59       348         0        0.72619
   4.61321        57       307         0        0.69345
   4.62009        50       392         0        0.68155
   4.62697        54       376         0        0.70833
   4.63384        65       332         0        0.74405
   4.64072        76       324         0        0.69940
   4.64760        56       321         0        0.67857
   4.65447        71       360         0        0.76488
   4.66135        66       347         0        0.71131
   4.66823        70       359         0        0.75595
   4.67510        58       344         0        0.73214
   4.68198        49       348         0        0.73512
   4.68886        50       381         0        0.70238
   4.69574        66       327         0        0.67857
   4.70261        66       399         0        0.71429
   4.70949        61       353         0        0.71429
   4.71637        71       347         0        0.72619
   4.72324        64       358         0        0.72024
   4.73012        59       355         0        0.70833
   4.73700        75       333         0        0.69643
   4.74387        56       384         0        0.72024
   4.75075        80       366         0        0.73810
   4.75763        69       410         0        0.74107
   4.76450        57       364         0        0.74405
   4.77138        73       373         0        0.75000
   4.77826        65       367         0        0.75595
   4.78513        60       366         0        0.72321
   4.79201        69       338         0        0.72917
   4.79889        78       351         0        0.75893
   4.80576        69       305         0        0.69940
   4.81264        54       319         0        0.71131
   4.81952        59       395         0        0.73512
   4.82639        77       364         0        0.77976
   4.83327        65       345         0        0.74405
   4.84015        59       333         0        0.69643
   4.84702        60       332         0        0.71131
   4.85390        63       374         1        0.71726
   4.86078        58       337         1        0.68750
   4.86765        54       320         0        0.66667
   4.87453        64       336         0        0.67560
   4.88141        69       359         1        0.75000
   4.88828        74       336         0        0.72024
   4.89516        56       346         0        0.71429
   4.90204        65       351         0        0.68750
   4.90891        61       367         0        0.67857
   4.91579        66       347         0        0.69345
   4.92267        56       360         0        0.69345
   4.92954        73       354         0        0.66369
   4.93642        78       320         0        0.69345
   4.94330        79       311         0        0.66369
   4.95017        66       329         0        0.67560
   4.95705        65       282         0        0.68452
   4.96393        84       313         0        0.75298
   4.97080        68       301         1        0.67857
   4.97605        74       343         0        0.68155
   4.98293        64       350         0        0.70833
   4.98981        71       359         0        0.73512
   4.99668        62       337         0        0.69940
   5.00356        58       350         0        0.74107
   5.01044        70       323         0        0.66369
   5.01731        70       326         0        0.75000
   5.02419        60       305         0        0.68155
   5.03107        70       305         0        0.71429
   5.03794        50       311         0        0.71131
   5.04482        71       354         0        0.71429
   5.05170        62       383         0        0.72321
   5.05857        66       336         0        0.70833
   5.06545        58       393         0        0.72619
   5.07233        64       334         0        0.71726
   5.07920        57       387         0        0.69940
   5.08608        54       338         0        0.65476
   5.09296        59       391         0        0.71131
   5.09983        54       340         1        0.70536
   5.10671        69       364         0        0.73810
   5.11359        59       416         0        0.77381
   5.12046        48       380         0        0.72321
   5.12734        42       370         1        0.69643
   5.13422        55       378         0        0.71726
   5.14109        58       410         0        0.70536
   5.14797        56       388         0        0.75000
   5.15485        68       352         0        0.73810
   5.16172        54       370         0        0.72917
   5.16860        58       368         0        0.71131
   5.17548        51       382         0        0.71429
   5.18235        37       360         0        0.69345
   5.18923        56       354         0        0.72917
   5.19611        53       347         0        0.69048
   5.20298        58       364         0        0.73512
   5.20986        71       398         0        0.74702
   5.21674        74       328         0        0.72917
   5.22361        71       308         0        0.69048
   5.23049        56       382         0        0.74405
   5.23737        62       345         0        0.70536
   5.24424        56       366         0        0.72321
   5.25112        65       349         0        0.75595
   5.25800        60       383         0        0.71726
   5.26487        62       362         0        0.74405
   5.27175        69       379         0        0.72619
   5.27863        70       382         0        0.72619
   5.28550        70       351         0        0.72024
   5.29238        61       358         0        0.72321
   5.29926        64       406         0        0.72321
   5.30613        62       379         0        0.71429
   5.31301        58       390         0        0.75000
   5.31989        64       363         0        0.71131
   5.32676        58       375         0        0.72619
   5.33364        57       393         1        0.71131
   5.34052        78       428         0        0.74405
   5.34740        60       415         0        0.72321
   5.35282        69       354         0        0.69643
   5.35970        63       351         0        0.69345
   5.36658        60       378         0        0.72024
   5.37345        52       378         0        0.74107
   5.38033        58       354         0        0.69643
   5.38721        59       385         0        0.74702
   5.39408        52       395         0        0.72321
   5.40096        64       381         0        0.72619
   5.40784        48       320         0        0.72917
   5.41471        58       372         0        0.74107
   5.42159        64       372         0        0.74702
   5.42847        67       388         0        0.74405
   5.43534        56       405         0        0.72917
   5.44222        58       366         0        0.70536
   5.44910        64       357         0        0.72321
   5.45597        52       388         0        0.72619
   5.46285        51       403         0        0.69940
   5.46973        52       404         0        0.74107
   5.47660        56       379         0        0.74107
   5.48348        56       386         0        0.75893
   5.49036        50       424         0        0.74405
   5.49723        49       333         0        0.72619
   5.50411        53       338         0        0.72619
   5.51099        56       359         0        0.68452
   5.51786        80       359         0        0.72321
   5.52474        54       325         0        0.68155
   5.53162        71       359         0        0.70238
   5.53849        60       358         0        0.72024
   5.54537        48       329         0        0.70536
   5.55225        50       341         0        0.69048
   5.55912        61       403         0        0.68452
   5.56600        54       352         0        0.68452
   5.57288        57       354         0        0.72321
   5.57975        42       334         0        0.66369
   5.58663        45       356         0        0.68155
   5.59351        51       374         1        0.69345
   5.60038        67       397         0        0.73810
   5.60726        69       374         0        0.72619
   5.61414        52       369         0        0.72024
   5.62101        66       390         0        0.75595
   5.62789        62       388         0        0.73214
   5.63477        65       392         0        0.76190
   5.64164        68       431         0        0.72917
   5.64852        60       358         0        0.73214
   5.65540        69       379         0        0.72321
   5.66227        67       350         0        0.70536
   5.66915        45       378         0        0.71429
   5.67603        53       372         0        0.70238
   5.68290        62       418         0        0.74702
   5.68978        51       344         0        0.67560
   5.69666        74       383         0        0.73214
   5.70353        64       351         0        0.71131
   5.71041        65       380         0        0.74405
   5.71729        69       324         0        0.67560
   5.72417        70       342         0        0.70833
   5.72953        80       346         0        0.70536
   5.73641        68       342         0        0.69643
   5.74329        78       339         0        0.66964
   5.75016        74       388         0        0.72619
   5.75704        65       392         0        0.75000
   5.76392        74       374         0        0.72024
   5.77079        66       373         0        0.71429
   5.77767        65       329         0        0.69643
   5.78455        72       382         0        0.72321
   5.79142        71       358         0        0.68155
   5.79830        65       355         0        0.71726
   5.80518        64       389         0        0.70833
   5.81205        71       345         0        0.67560
   5.81893        52       342         0        0.66369
   5.82581        52       322         0        0.66071
   5.83269        68       370         0        0.73214
   5.83956        59       390         0        0.70536
   5.84644        63       359         0        0.68155
   5.85332        54       414         0        0.70833
   5.86019        52       389         0        0.73512
   5.86707        57       337         0        0.69643
   5.87395        50       353         0        0.73214
   5.88082        71       382         0        0.72619
   5.88770        55       378         0        0.73810
   5.89458        51       353         0        0.72917
   5.90145        60       384         0        0.72917
   5.90833        60       437         0        0.76488
   5.91521        50       338         0        0.70238
   5.92208        56       386         0        0.76786
   5.92896        54       369         0        0.71131
   5.93584        73       378         0        0.78869
   5.94271        70       387         0        0.76190
   5.94959        59       379         0        0.75893
   5.95647        54       369         0        0.75298
   5.96334        52       371         0        0.73214
   5.97022        58       341         0        0.70833
   5.97710        64       327         0        0.73810
   5.98397        55       388         0        0.73512
   5.99085        66       359         0        0.75893
   5.99773        56       378         0        0.73214
   6.00460        61       383         0        0.69940
   6.01148        65       387         0        0.75298
   6.01836        75       367         0        0.72917
   6.02523        68       389         0        0.76190
   6.03211        63       399         0        0.71429
   6.03899        56       357         0        0.68750
   6.04586        69       387         0        0.75893
   6.05274        48       374         0        0.73512
   6.05962        62       453         0        0.78571
   6.06649        59       402         0        0.75595
   6.07337        67       381         0        0.73512
   6.08025        58       429         0        0.78274
   6.08712        56       424         0        0.74107
   6.09400        56       351         0        0.72917
   6.10088        57       391         0        0.74107
   6.10646        54       382         0        0.69940
   6.11334        77       402         0        0.71131
   6.12022        67       412         0        0.73810
   6.12709        63       425         0        0.70536
   6.13397        48       412         0        0.72321
   6.14085        60       373         0        0.72321
   6.14772        75       350         0        0.73214
   6.15460        64       373         0        0.71131
   6.16148        53       462         0        0.72619
   6.16835        62       364         0        0.72321
   6.17523        53       388         0        0.72619
   6.18211        59       370         0        0.76786
   6.18898        73       348         0        0.67560
   6.19586        58       341         0        0.69643
   6.20274        54       363         0        0.71726
   6.20961        68       409         0        0.76190
   6.21649        64       390         0        0.77381
   6.22337        60       329         0        0.73214
   6.23024        50       366         0        0.68452
   6.23712        65       376         0        0.73810
   6.24400        87       379         0        0.72321
   6.25087        56       403         0        0.75000
   6.25775        82       306         0        0.69345
   6.26463        86       271         0        0.66667
   6.27150        61       356         0        0.67560
   6.27838        66       350         0        0.70536
   6.28526        69       329         0        0.69345
   6.29213        79       383         0        0.72619
   6.29901        73       336         0        0.67857
   6.30589        62       362         0        0.68452
   6.31276        76       389         0        0.75000
   6.31964        57       349         0        0.68750
   6.32652        71       336         0        0.71726
   6.33339        70       367         0        0.72619
   6.34027        74       336         0        0.72024
   6.34715        56       357         0        0.70536
   6.35402        68       330         0        0.68750
   6.36090        79       372         0        0.69940
   6.36778        76       346         0        0.68452
   6.37466        65       371         0        0.73214
   6.38153        69       377         0        0.68452
   6.38841        77       319         0        0.67560
   6.39529        73       327         1        0.70238
   6.40216        66       339         0        0.69345
   6.40904        69       354         0        0.72917
   6.41592        75       403         0        0.71726
   6.42279        81       372         1        0.68750
   6.42967        77       370         0        0.74107
   6.43655        77       361         0        0.71726
   6.44342        89       382         0        0.75595
   6.45030        72       336         0        0.68750
   6.45718        84       363         0        0.73214
   6.46405        76       347         0        0.71726
   6.47093        79       380         0        0.72619
   6.47781        73       380         0        0.73214
   6.48306        64       383         0        0.74405
   6.48994        58       381         0        0.72024
   6.49682        66       406         0        0.74702
   6.50369        73       371         0        0.72917
   6.51057        62       369         0        0.76786
   6.51745        69       348         0        0.72917
   6.52432        54       351         0        0.70536
   6.53120        55       394         0        0.72917
   6.53808        70       393         0        0.75893
   6.54495        73       347         0        0.74702
   6.55183        70       391         0        0.76190
   6.55871        66       362         0        0.74107
   6.56558        78       355         0        0.72321
   6.57246        68       348         0        0.72619
   6.57934        82       391         0        0.73214
   6.58621        54       367         0        0.69345
   6.59309        63       397         0        0.70238
   6.59997        77       409         0        0.73810
   6.60684        79       365         0        0.69940
   6.61372        73       339         0        0.72321
   6.62060        62       330         0        0.70536
   6.62747        65       365         0        0.69048
   6.63435        73       400         0        0.73214
   6.64123        69       387         0        0.70536
   6.64810        73       363         0        0.71131
   6.65498        73       351         0        0.71131
   6.66186        69       405         1        0.74107
   6.66873        69       394         0        0.72321
   6.67561        69       352         0        0.73512
   6.68249        66       406         0        0.70238
   6.68936        54       363         0        0.68750
   6.69624        61       355         0        0.69643
   6.70312        56       370         0        0.70238
   6.70999        56       361         0        0.69345
   6.71687        62       347         0        0.70833
   6.72375        66       331         0        0.69048
   6.73062        57       407         0        0.75298
   6.73750        66       368         0        0.71726
   6.74438        71       357         0        0.69643
   6.75125        67       436         0        0.72024
   6.75813        71       394         0        0.72024
   6.76501        76       350         0        0.71726
   6.77188        72       333         0        0.67857
   6.77876        76       352         0        0.70238
   6.78564        62       366         0        0.73214
   6.79251        66       355         0        0.72024
   6.79939        69       335         0        0.70238
   6.80627        68       371         0        0.70833
   6.81314        69       326         0        0.69940
   6.82002        70       418         0        0.75298
   6.82690        71       323         0        0.71131
   6.83377        82       340         0        0.66071
   6.84065        81       381         0        0.70536
   6.84753        89       424         0        0.70833
   6.85441        70       303         0        0.65774
   6.85951        66       313         0        0.69345
   6.86639        75       329         0        0.70238
   6.87326        89       359         0        0.72619
   6.88014        77       366         0        0.72917
   6.88702        72       356         0        0.69048
   6.89389        80       441         0        0.72619
   6.90077        69       340         0        0.70833
   6.90765        70       357         0        0.71429
   6.91452        69       360         0        0.70833
   6.92140        54       421         0        0.69048
   6.92828        86       405         0        0.72321
   6.93515        89       376         0        0.70536
   6.94203        70       389         0        0.70536
   6.94891        95       340         0        0.69940
   6.95578        81       385         0        0.72619
   6.96266        73       334         0        0.69940
   6.96954        79       320         0        0.66964
   6.97641        73       324         0        0.69048
   6.98329        64       332         0        0.70238
   6.99017        65       363         0        0.72321
   6.99704        61       374         0        0.74107
   7.00392        71       353         0        0.68452
   7.01080        72       313         0        0.65179
   7.01767        78       381         0        0.66667
   7.02455        68       364         0        0.69048
   7.03143        84       382         0        0.74107
   7.03831        76       359         0        0.72024
   7.04518        57       366         0        0.69643
   7.05206        73       328         0        0.66964
   7.05894        66       345         0        0.70238
   7.06581        60       378         0        0.67262
   7.07269        56       330         0        0.67262
   7.07957        82       394         0        0.69345
   7.08644        90       344         0        0.68155
   7.09332        69       371         0        0.69643
   7.10020        70       364         0        0.72024
   7.10707        71       380         0        0.69940
   7.11395        83       349         0        0.66369
   7.12083        80       351         0        0.70536
   7.12770        78       359         0        0.72619
   7.13458        72       372         1        0.71131
   7.14146        81       378         0        0.71429
   7.14833        69       360         0        0.73810
   7.15521        80       349         0        0.68155
   7.16209        67       330         0        0.68452
   7.16896        75       364         0        0.68155
   7.17584        80       386         0        0.72321
   7.18272        79       365         0        0.73810
   7.18959        78       355         0        0.72321
   7.19647        60       385         0        0.70833
   7.20335        82       378         0        0.73512
   7.21022        78       375         0        0.68452
   7.21710        59       368         0        0.68155
   7.22398        68       398         1        0.73214
   7.23085        74       336         0        0.72024
   7.23610        66       328         0        0.65774
   7.24297        78       358         0        0.71131
   7.24985        54       387         1        0.70238
   7.25673        62       323         0        0.69345
   7.26360        81       334         1        0.68750
   7.27048        80       393         0        0.72917
   7.27736        71       371         0        0.73810
   7.28424        68       368         0        0.70833
   7.29111        85       345         1        0.69940
   7.29799        92       332         1        0.69643
   7.30487        69       383         0        0.70536
   7.31174        66       346         0        0.70833
   7.31862        65       401         0        0.72619
   7.32550        71       356         0        0.71131
   7.33237        77       379         1        0.71429
   7.33925        82       381         0        0.75595
   7.34613        69       360         1        0.71131
   7.35300        70       339         0        0.70536
   7.35988        73       374         0        0.69940
   7.36676        58       350         0        0.69048
   7.37363        69       376         0        0.69048
   7.38051        71       384         0        0.72917
   7.38739        63       378         0        0.72619
   7.39426        57       361         0        0.69643
   7.40114        69       400         0        0.72321
   7.40802        78       362         0        0.70833
   7.41489        54       392         0        0.70833
   7.42177        71       387         0        0.69940
   7.42865        83       415         0        0.74405
   7.43552        63       409         0        0.69345
   7.44240        74       350         0        0.71429
   7.44928        84       390         0        0.70833
   7.45615        64       331         0        0.68750
   7.46303        68       379         0        0.72024
   7.46991        57       329         0        0.70238
   7.47678        63       372         0        0.71131
   7.48366        54       354         0        0.68452
   7.49054        74       373         0        0.71429
   7.49741        83       342         0        0.71429
   7.50429        72       336         0        0.69643
   7.51117        61       360         0        0.67262
   7.51804        76       400         0        0.76488
   7.52492        56       376         0        0.68750
   7.53180        60       362         0        0.69048
   7.53867        58       321         0        0.69643
   7.54555        63       354         0        0.69940
   7.55243        72       402         0        0.72917
   7.55930        54       392         0        0.70833
   7.56618        69       380         0        0.71726
   7.57306        80       350         0        0.73214
   7.57993        76       335         0        0.69940
   7.58681        67       368         0        0.70833
   7.59369        67       349         0        0.71429
   7.60056        71       395         0        0.70833
   7.60744        65       354         0        0.69643
   7.61309        69       363         0        0.68155
   7.61996        62       332         0        0.71131
   7.62684        87       405         0        0.74405
   7.63372        84       317         0        0.68155
   7.64059        66       362         0        0.69048
   7.64747        81       404         0        0.74107
   7.65435        64       336         0        0.69048
   7.66122        68       320         0        0.66667
   7.66810        68       358         0        0.69048
   7.67498        60       341         0        0.67857
   7.68185        67       352         0        0.69940
   7.68873        60       351         0        0.67857
   7.69561        66       347         0        0.67560
   7.70248        63       381         0        0.69048
   7.70936        68       334         0        0.69048
   7.71624        71       355         0        0.72024
   7.72311        66       369         0        0.71726
   7.72999        68       364         0        0.69048
   7.73687        75       333         0        0.68155
   7.74374        66       347         0        0.69048
   7.75062        68       372         0        0.71429
   7.75750        79       366         0        0.72024
   7.76437        68       379         0        0.73810
   7.77125        58       381         0        0.71429
   7.77813        61       353         0        0.67857
   7.78500        60       342         0        0.68750
   7.79188        69       367         0        0.72024
   7.79876        56       363         0        0.68155
   7.80563        59       358         0        0.72619
   7.81251        86       362         0        0.73512
   7.81939        70       395         0        0.73214
   7.82626        49       362         0        0.67560
   7.83314        58       350         0        0.73214
   7.84002        62       350         0        0.74107
   7.84689        73       350         0        0.72619
   7.85377        64       374         0        0.71131
   7.86065        69       391         0        0.70238
   7.86752        72       326         0        0.69940
   7.87440        56       319         0        0.66667
   7.88128        69       355         0        0.68155
   7.88815        61       368         0        0.75000
   7.89503        74       333         0        0.71429
   7.90191        68       359         0        0.73214
   7.90878        69       338         0        0.70238
   7.91566        63       353         0        0.72321
   7.92254        77       365         0        0.69048
   7.92941        88       373         0        0.69048
   7.93629        50       349         0        0.71429
   7.94317        65       354         0        0.75595
   7.95004        52       343         0        0.70833
   7.95692        57       364         0        0.70238
   7.96380        59       349         0        0.70536
   7.97068        73       340         0        0.69940
   7.97755        52       327         0        0.67560
   7.98443        65       303         0        0.65774
   7.98993        79       323         0        0.68750
   7.99681        79       339         0        0.70833
   8.00369        61       326         0        0.71131
   8.01056        67       347         0        0.72917
   8.01744        69       354         0        0.71131
   8.02432        64       359         0        0.70833
   8.03119        58       348         0        0.72917
   8.03807        67       326         0        0.68452
   8.04495        82       358         0        0.72619
   8.05182        55       347         0        0.67262
   8.05870        78       429         0        0.74405
   8.06558        58       357         0        0.72619
   8.07245        71       358         0        0.67262
   8.07933        58       366         0        0.68452
   8.08621        70       329         0        0.68452
   8.09308        65       339         0        0.70833
   8.09996        68       333         0        0.72321
   8.10684        75       358         0        0.70536
   8.11371        68       325         0        0.75595
   8.12059        73       347         0        0.74702
   8.12747        72       343         0        0.68452
   8.13434        82       286         0        0.68750
   8.14122        64       347         0        0.69048
   8.14810        60       374         0        0.75595
   8.15497        77       385         0        0.78274
   8.16185        65       421         0        0.75298
   8.16873        98       385         0        0.77083
   8.17560        77       344         0        0.73214
   8.18248        40       335         0        0.73512
   8.18936        71       367         0        0.76488
   8.19623        66       372         0        0.72024
   8.20311        73       369         0        0.75893
   8.20999        68       360         0        0.70833
   8.21686        65       393         0        0.76786
   8.22374        72       333         0        0.73810
   8.23062        69       403         0        0.75000
   8.23749        73       328         0        0.69643
   8.24437        66       362         0        0.76488
   8.25125        67       342         0        0.73810
   8.25812        68       357         0        0.72619
   8.26500        70       400         0        0.77083
   8.27188        74       376         0        0.74702
   8.27875        56       377         0        0.77381
   8.28563        66       361         0        0.78571
   8.29251        62       347         0        0.70536
   8.29939        63       380         0        0.77679
   8.30626        76       381         0        0.75298
   8.31314        73       384         0        0.75298
   8.32002        80       361         0        0.77381
   8.32689        72       354         0        0.75000
   8.33377        73       383         0        0.76786
   8.34065        77       389         0        0.77083
   8.34752        78       389         0        0.75595
   8.35440        65       362         0        0.73512
   8.36128        86       356         0        0.74107
   8.36742        67       387         0        0.74107
   8.37429        71       322         0        0.74107
   8.38117        78       388         0        0.75000
   8.38805        63       316         0        0.71131
   8.39492        78       341         0        0.74405
   8.40180        90       323         0        0.73810
   8.40868        88       363         0        0.70536
   8.41555        60       331         0        0.70536
   8.42243        73       340         0        0.72619
   8.42931        78       368         0        0.77083
   8.43619        66       340         0        0.71726
   8.44306        79       375         0        0.73214
   8.44994        62       336         0        0.65774
   8.45682        72       375         0        0.73512
   8.46369        68       366         0        0.74107
   8.47057        67       357         0        0.73214
   8.47745        75       356         0        0.73810
   8.48432        82       340         0        0.70536
   8.49120        74       334         0        0.72024
   8.49808        73       370         0        0.73214
   8.50495        74       367         0        0.73512
   8.51183        83       335         0        0.70536
   8.51871        74       364         0        0.74702
   8.52558        80       372         0        0.70238
   8.53246        67       405         0        0.69940
   8.53934        68       364         0        0.74405
   8.54621        83       388         0        0.77083
   8.55309        77       357         0        0.70833
   8.55997        63       381         0        0.74405
   8.56684        69       424         0        0.76190
   8.57372        63       377         0        0.76190
   8.58060        72       330         0        0.74702
   8.58747        64       335         0        0.74107
   8.59435        71       361         0        0.74405
   8.60123        66       339         0        0.72321
   8.60810        61       352         0        0.73810
   8.61498        72       366         0        0.73512
   8.62186        67       358         0        0.75298
   8.62873        68       403         0        0.79464
   8.63561        66       352         0        0.74107
   8.64249        54       329         0        0.72024
   8.64936        84       353         0        0.71726
   8.65624        73       379         0        0.77083
   8.66312        53       362         0        0.74702
   8.66999        81       334         0        0.72917
   8.67687        66       341         0        0.70536
   8.68375        62       325         0        0.70238
   8.69062        71       377         0        0.72917
   8.69750        67       374         0        0.76190
   8.70438        70       353         0        0.72917
   8.71125        74       323         0        0.75298
   8.71813        70       348         0        0.70833
   8.72501        77       331         0        0.68750
   8.73188        75       366         0        0.73810
   8.73876        62       373         0        0.77083
   8.74469        61       397         0        0.74107
   8.75157        53       412         0        0.74107
   8.75844        62       388         0        0.79762
   8.76532        57       399         0        0.78274
   8.77220        56       397         0        0.74702
   8.77907        69       390         0        0.75893
   8.78595        79       401         0        0.76488
   8.79283        53       427         0        0.72024
   8.79971        54       393         0        0.73214
   8.80658        63       421         0        0.76786
   8.81346        62       421         0        0.78274
   8.82034        56       423         0        0.74107
   8.82721        35       442         0        0.69048
   8.83409        36       384         0        0.72619
   8.84097        54       383         0        0.72024
   8.84784        63       373         0        0.75893
   8.85472        59       394         0        0.73810
   8.86160        46       419         0        0.72024
   8.86847        63       381         0        0.79762
   8.87535        66       343         0        0.71131
   8.88223        71       395         0        0.75893
   8.88910        54       377         0        0.74405
   8.89598        66       391         0        0.74702
   8.90286        68       409         0        0.76190
   8.90973        90       391         0        0.75893
   8.91661        50       332         0        0.72321
   8.92349        55       394         0        0.78571
   8.93036        53       405         0        0.80060
   8.93724        78       425         0        0.76190
   8.94412        59       383         0        0.76190
   8.95099        57       396         0        0.78869
   8.95787        57       395         0        0.76190
   8.96475        61       393         0        0.75595
   8.97162        85       403         0        0.76190
   8.97850        78       391         0        0.76786
   8.98538        60       414         0        0.75298
   8.99225        76       390         0        0.77083
   8.99913        70       382         0        0.73512
   9.00601        75       381         0        0.79464
   9.01288        75       410         0        0.74107
   9.01976        60       402         0        0.75893
   9.02664        64       386         0        0.75893
   9.03351        61       370         0        0.74107
   9.04039        70       329         0        0.74107
   9.04727        54       376         0        0.75595
   9.05414        60       332         0        0.72619
   9.06102        51       389         0        0.72619
   9.06790        56       402         0        0.71429
   9.07477        71       371         0        0.73214
   9.08165        67       338         0        0.74405
   9.08853        74       381         0        0.72321
   9.09540        80       337         0        0.73512
   9.10228        83       361         0        0.73810
   9.10916        67       364         0        0.76488
   9.11603        72       313         0        0.73512
   9.12173        63       410         0        0.73512
   9.12861        88       390         0        0.72619
   9.13549        82       407         0        0.77976
   9.14236        77       376         0        0.73214
   9.14924        69       407         0        0.74405
   9.15612        93       315         0        0.72321
   9.16299        78       341         0        0.74405
   9.16987        74       354         0        0.75000
   9.17675        87       375         0        0.78274
   9.18362        79       359         0        0.75595
   9.19050        74       379         0        0.77679
   9.19738        85       382         0        0.79464
   9.20425        71       333         0        0.72917
   9.21113        80       364         0        0.73512
   9.21801        78       368         0        0.72321
   9.22488        73       359         0        0.73214
   9.23176        75       413         0        0.80952
   9.23864        85       394         0        0.79762
   9.24551        75       346         0        0.76190
   9.25239        92       387         0        0.73810
   9.25927        83       404         0        0.79464
   9.26614        54       335         0        0.71429
   9.27302        65       354         0        0.73810
   9.27990        94       375         0        0.74107
   9.28677        90       409         0        0.75000
   9.29365        81       351         0        0.71726
   9.30053        92       326         0        0.69345
   9.30740        74       380         0        0.75298
   9.31428        69       363         0        0.72321
   9.32116        79       404         0        0.77381
   9.32803        84       435         0        0.77381
   9.33491        80       336         0        0.71429
   9.34179        80       410         0        0.75893
   9.34866        77       365         0        0.76190
   9.35554        82       350         0        0.75298
   9.36242        90       394         0        0.75595
   9.36929        78       413         0        0.76190
   9.37617        89       388         0        0.74702
   9.38305        83       366         0        0.75000
   9.38992        72       363         0        0.77381
   9.39680        76       381         0        0.74405
   9.40368        69       380         0        0.75000
   9.41055        62       342         0        0.76190
   9.41743        69       436         0        0.76488
   9.42431        70       422         0        0.74107
   9.43118        60       375         0        0.72321
   9.43806        77       384         0        0.76190
   9.44494        64       411         0        0.74702
   9.45181        77       360         0        0.74107
   9.45869        60       345         0        0.70238
   9.46557        74       363         0        0.73810
   9.47244        75       383         0        0.73512
   9.47932        71       384         0        0.71429
   9.48620        70       368         0        0.75595
   9.49307        75       381         0        0.73810
   9.49942        86       410         0        0.72917
