#Res         B3C-0009
   2.000       3.4061
   3.000       1.6873
   4.000       0.9726
   5.000       0.5993
   6.000       0.5686
   7.000       0.4652
   8.000       0.4643
   9.000       0.4549
  10.000       0.5350
  11.000       0.5689
  12.000       0.8642
  13.000       0.9518
  14.000       0.9991
  15.000       1.3587
  18.000       0.6148
  19.000       0.5514
  20.000       0.5216
  21.000       0.4747
  22.000       0.4228
  23.000       0.3826
  24.000       0.3657
  25.000       0.3557
  26.000       0.3820
  27.000       0.3971
  28.000       0.4509
  29.000       0.5170
  30.000       0.6901
  31.000       1.1063
  34.000       0.6394
  35.000       0.4815
  36.000       0.4931
  37.000       0.4220
  38.000       0.3723
  39.000       0.3541
  40.000       0.3494
  41.000       0.3523
  42.000       0.3567
  43.000       0.3905
  44.000       0.4236
  45.000       0.4195
  46.000       0.5201
  47.000       0.7327
  50.000       0.6454
  51.000       0.4633
  52.000       0.4408
  53.000       0.3989
  54.000       0.3748
  55.000       0.3594
  56.000       0.3617
  57.000       0.3680
  58.000       0.3959
  59.000       0.4326
  60.000       0.4573
  61.000       0.4452
  62.000       0.5035
  63.000       0.6297
  66.000       0.6874
  67.000       0.4626
  68.000       0.4573
  69.000       0.4137
  70.000       0.3749
  71.000       0.3612
  72.000       0.3639
  73.000       0.3683
  74.000       0.4010
  75.000       0.4225
  76.000       0.4795
  77.000       0.4571
  78.000       0.4628
  79.000       0.5394
  82.000       0.7718
  83.000       0.4809
  84.000       0.4486
  85.000       0.4106
  86.000       0.3904
  87.000       0.3541
  88.000       0.3614
  89.000       0.3712
  90.000       0.3869
  91.000       0.3999
  92.000       0.4466
  93.000       0.4402
  94.000       0.4590
  95.000       0.5221
  98.000       0.9560
  99.000       0.4816
 100.000       0.4403
 101.000       0.3909
 102.000       0.3709
 103.000       0.3561
 104.000       0.3704
 105.000       0.3677
 106.000       0.3693
 107.000       0.4007
 108.000       0.4458
 109.000       0.4067
 110.000       0.4269
 111.000       0.5148
 114.000       1.0216
 115.000       0.5787
 116.000       0.5006
 117.000       0.4317
 118.000       0.3863
 119.000       0.3433
 120.000       0.3563
 121.000       0.3719
 122.000       0.3802
 123.000       0.3849
 124.000       0.4287
 125.000       0.4162
 126.000       0.4673
 127.000       0.6644
 130.000       1.0506
 131.000       0.7793
 132.000       0.6346
 133.000       0.4661
 134.000       0.3915
 135.000       0.3606
 136.000       0.3592
 137.000       0.3638
 138.000       0.3823
 139.000       0.3961
 140.000       0.4244
 141.000       0.4186
 142.000       0.5160
 143.000       0.9125
 146.000       2.1108
 147.000       1.2752
 148.000       0.7672
 149.000       0.4839
 150.000       0.4192
 151.000       0.3800
 152.000       0.3629
 153.000       0.3639
 154.000       0.3693
 155.000       0.3886
 156.000       0.4177
 157.000       0.4309
 158.000       0.5282
 159.000       0.7404
 162.000       1.5025
 163.000       0.8508
 164.000       0.6048
 165.000       0.5133
 166.000       0.4645
 167.000       0.4271
 168.000       0.4026
 169.000       0.4096
 170.000       0.4412
 171.000       0.4816
 172.000       0.4974
 173.000       0.5091
 174.000       0.5707
 175.000       0.7348
 178.000       1.8918
 179.000       1.0785
 180.000       0.8055
 181.000       0.7171
 182.000       0.6258
 183.000       0.5859
 184.000       0.5492
 185.000       0.5672
 186.000       0.5896
 187.000       0.7046
 188.000       0.7304
 189.000       0.8427
 190.000       1.1735
 191.000       1.5780
 194.000       2.9710
 195.000       1.6003
 196.000       0.7911
 197.000       0.6262
 198.000       0.6159
 199.000       0.5145
 200.000       0.5587
 201.000       0.5508
 202.000       0.7225
 203.000       0.9362
 204.000       1.5311
 205.000       2.4154
 206.000       3.6043
 207.000       4.3580
 210.000       0.7616
 211.000       0.7166
 212.000       0.5431
 213.000       0.4427
 214.000       0.4147
 215.000       0.3794
 216.000       0.3974
 217.000       0.3883
 218.000       0.4016
 219.000       0.4673
 220.000       0.7579
 221.000       0.6914
 222.000       0.7413
 223.000       0.9683
 226.000       0.7941
 227.000       0.6043
 228.000       0.4852
 229.000       0.4372
 230.000       0.4201
 231.000       0.3586
 232.000       0.3562
 233.000       0.3562
 234.000       0.3676
 235.000       0.3856
 236.000       0.4363
 237.000       0.4446
 238.000       0.5403
 239.000       0.8173
 242.000       0.9189
 243.000       0.4991
 244.000       0.4349
 245.000       0.4040
 246.000       0.3892
 247.000       0.3422
 248.000       0.3483
 249.000       0.3514
 250.000       0.3744
 251.000       0.3878
 252.000       0.4127
 253.000       0.4427
 254.000       0.5698
 255.000       0.6825
 258.000       0.6340
 259.000       0.4466
 260.000       0.4332
 261.000       0.3895
 262.000       0.3854
 263.000       0.3494
 264.000       0.3561
 265.000       0.3565
 266.000       0.3755
 267.000       0.3912
 268.000       0.4161
 269.000       0.3917
 270.000       0.4665
 271.000       0.5670
 274.000       0.6437
 275.000       0.4454
 276.000       0.4255
 277.000       0.4164
 278.000       0.4005
 279.000       0.3530
 280.000       0.3501
 281.000       0.3610
 282.000       0.3840
 283.000       0.4013
 284.000       0.4603
 285.000       0.4293
 286.000       0.4947
 287.000       0.6225
 290.000       0.6628
 291.000       0.4389
 292.000       0.4117
 293.000       0.3824
 294.000       0.3882
 295.000       0.3534
 296.000       0.3613
 297.000       0.3545
 298.000       0.3816
 299.000       0.4167
 300.000       0.4958
 301.000       0.4713
 302.000       0.5492
 303.000       0.9658
 306.000       0.6419
 307.000       0.4333
 308.000       0.4195
 309.000       0.4054
 310.000       0.4062
 311.000       0.3639
 312.000       0.3617
 313.000       0.3641
 314.000       0.3999
 315.000       0.4222
 316.000       0.4981
 317.000       0.4684
 318.000       0.5490
 319.000       1.0966
 322.000       0.6541
 323.000       0.4718
 324.000       0.4661
 325.000       0.4412
 326.000       0.4048
 327.000       0.3484
 328.000       0.3581
 329.000       0.3636
 330.000       0.4128
 331.000       0.4599
 332.000       0.5439
 333.000       0.5300
 334.000       0.7384
 335.000       1.4210
 338.000       0.7667
 339.000       0.5310
 340.000       0.4898
 341.000       0.4597
 342.000       0.4179
 343.000       0.3638
 344.000       0.3628
 345.000       0.3754
 346.000       0.4298
 347.000       0.5052
 348.000       0.7410
 349.000       0.7447
 350.000       1.1789
 351.000       1.5388
 354.000       0.6335
 355.000       0.5082
 356.000       0.5140
 357.000       0.5045
 358.000       0.4911
 359.000       0.4110
 360.000       0.3995
 361.000       0.4220
 362.000       0.4730
 363.000       0.5825
 364.000       0.8940
 365.000       0.9548
 366.000       1.3644
 367.000       1.9259
 370.000       0.7449
 371.000       0.6893
 372.000       0.6511
 373.000       0.6194
 374.000       0.5673
 375.000       0.5796
 376.000       0.5259
 377.000       0.5261
 378.000       0.5556
 379.000       0.7258
 380.000       1.3634
 381.000       2.0541
 382.000       3.4099
 383.000       4.8450
