0.00584508      0.00000000      0          0         
0.01200838      0.00000000      0          0         
0.01201424      0.00000000      0          0         
0.01826018      0.00000000      0          0         
0.01856500      0.00000000      0          0         
0.02491077      0.00000000      0          0         
0.02554100      0.00000000      0          0         
0.03201068      0.00000000      0          0         
0.03308112      0.00000000      0          0         
0.03960937      0.00000000      0          0         
0.04480062      0.00000000      0          0         
0.05139417      0.00000000      0          0         
0.05694262      0.00000000      0          0         
0.06360939      0.00000000      0          0         
0.07027615      0.00595238      0          4         
0.07380359      0.00595238      0          4         
0.08055330      0.00000000      0          0         
0.08730320      0.00000000      0          0         
0.09405292      0.00595238      0          0         
0.09576501      0.00595238      0          4         
0.10264165      0.03869048      7          10        
0.10951851      0.04166667      8          8         
0.11639515      0.02380952      0          4         
0.12327180      0.01190476      0          4         
0.13014865      0.02678571      9          0         
0.13702530      0.03273810      6          8         
0.14390215      0.02976190      6          6         
0.15077880      0.03571429      10         4         
0.15765544      0.02976190      10         2         
0.16453230      0.02380952      0          12        
0.17140894      0.02976190      0          16        
0.17828559      0.03869048      0          13        
0.18516244      0.01190476      0          6         
0.19203909      0.05059524      19         4         
0.19891573      0.11607143      27         20        
0.20579259      0.01785714      0          8         
0.21266923      0.05654762      20         8         
0.21954608      0.03869048      10         4         
0.22642273      0.05654762      17         0         
0.23329938      0.11904762      16         28        
0.24017623      0.15773810      56         17        
0.24705288      0.10416667      40         12        
0.25392952      0.08035714      34         2         
0.26080637      0.12797619      33         24        
0.26768302      0.10119048      18         18        
0.27455967      0.17857143      53         22        
0.28143652      0.22023810      69         34        
0.28831316      0.15476190      57         12        
0.29518981      0.20535714      84         14        
0.30206666      0.23214286      84         8         
0.30894331      0.21130952      87         8         
0.31582016      0.26488095      106        22        
0.32269681      0.27380952      109        5         
0.32957345      0.26190476      114        18        
0.33645031      0.20535714      83         15        
0.34332695      0.19940476      76         10        
0.35020360      0.17559524      64         20        
0.35708045      0.22321429      81         31        
0.36395710      0.19345238      68         12        
0.37083374      0.21428571      78         6         
0.37771060      0.25595238      91         12        
0.38458724      0.16964286      71         6         
0.39146410      0.25892857      103        25        
0.39834074      0.20833333      87         24        
0.40521739      0.18750000      87         14        
0.41209424      0.18750000      70         14        
0.41897089      0.25297619      92         36        
0.42584753      0.21130952      92         10        
0.43272439      0.25000000      107        10        
0.43960103      0.26488095      116        8         
0.44647768      0.30357143      136        14        
0.45335453      0.29761905      127        20        
0.46023118      0.28273810      123        20        
0.46710803      0.28571429      130        20        
0.46868987      0.27678571      135        16        
0.47556651      0.33035714      159        18        
0.48244337      0.31845238      150        6         
0.48932001      0.34821429      168        6         
0.49619666      0.30357143      136        14        
0.50307351      0.33035714      165        4         
0.50995016      0.32440476      169        12        
0.51682701      0.31845238      164        8         
0.52370366      0.35416667      174        16        
0.53058030      0.34821429      164        16        
0.53745716      0.30952381      150        24        
0.54433380      0.37202381      158        39        
0.55121045      0.37202381      173        16        
0.55808730      0.34226190      150        20        
0.56496395      0.34226190      169        9         
0.57184059      0.41369048      185        24        
0.57871745      0.34226190      153        22        
0.58559409      0.36607143      157        35        
0.59247095      0.39285714      181        10        
0.59934759      0.27380952      121        5         
0.60622424      0.32738095      153        12        
0.61310109      0.30059524      136        7         
0.61997774      0.27976190      121        14        
0.62685438      0.23809524      123        10        
0.63373123      0.29761905      148        6         
0.64060788      0.26785714      148        2         
0.64748453      0.31547619      163        8         
0.65436138      0.35416667      171        18        
0.66123803      0.36904762      173        22        
0.66811467      0.32440476      164        12        
0.67499152      0.34226190      164        12        
0.68186817      0.32738095      150        8         
0.68874502      0.34523810      168        6         
0.69562167      0.37500000      188        8         
0.70249831      0.34821429      178        4         
0.70937517      0.39880952      188        26        
0.71625181      0.37797619      195        16        
0.72312846      0.42559524      232        2         
0.73000531      0.39583333      186        16        
0.73688196      0.41964286      204        15        
0.74375860      0.46428571      220        29        
0.75063546      0.41666667      219        19        
0.75751210      0.51785714      264        26        
0.76438896      0.48511905      223        38        
0.77126560      0.49702381      257        23        
0.77814225      0.47916667      249        8         
0.78501910      0.52380952      277        29        
0.79189575      0.45535714      238        18        
0.79877239      0.49107143      252        23        
0.80564925      0.47321429      229        16        
0.81252589      0.50000000      267        13        
0.81940254      0.45238095      230        2         
0.82627939      0.46428571      249        2         
0.83315604      0.48809524      254        14        
0.84003289      0.51785714      242        14        
0.84203402      0.49404762      266        21        
0.84891066      0.50892857      247        27        
0.85578752      0.49702381      242        13        
0.86266416      0.55059524      297        18        
0.86954081      0.52976190      279        6         
0.87641766      0.51785714      267        11        
0.88329431      0.52083333      261        20        
0.89017116      0.57440476      276        26        
0.89704781      0.52380952      273        15        
0.90392445      0.48214286      242        14        
0.91080131      0.52083333      254        6         
0.91767795      0.51488095      267        8         
0.92455460      0.47321429      243        8         
0.93143145      0.53273810      276        22        
0.93830810      0.51190476      272        6         
0.94518474      0.51785714      281        2         
0.95206160      0.50297619      282        2         
0.95893824      0.53273810      277        11        
0.96581510      0.49107143      270        6         
0.97269174      0.48809524      267        6         
0.97956839      0.47619048      246        2         
0.98644524      0.53869048      274        8         
0.99332189      0.54166667      287        14        
1.00019853      0.47619048      251        10        
1.00707539      0.46428571      224        14        
1.01395203      0.47321429      225        10        
1.02082868      0.49404762      245        18        
1.02770553      0.49107143      244        12        
1.03458218      0.56547619      300        6         
1.04145882      0.54166667      278        14        
1.04833567      0.57142857      294        12        
1.05521232      0.52976190      292        8         
1.06208917      0.56547619      309        6         
1.06896582      0.53869048      272        4         
1.07584247      0.59523810      309        23        
1.08271932      0.56250000      297        20        
1.08959596      0.50892857      272        6         
1.09647261      0.56250000      313        8         
1.10334946      0.58630952      302        15        
1.11022611      0.52380952      275        6         
1.11710275      0.58035714      315        10        
1.12397961      0.53869048      283        14        
1.13085625      0.55059524      284        10        
1.13773311      0.56250000      307        6         
1.14460975      0.50892857      287        2         
1.15148640      0.49404762      250        2         
1.15836325      0.57738095      314        10        
1.16523990      0.54761905      277        6         
1.17211654      0.57440476      315        26        
1.17899340      0.55357143      307        7         
1.18587004      0.55059524      268        20        
1.19274669      0.54464286      301        14        
1.19962354      0.53869048      285        8         
1.20650019      0.52678571      271        15        
1.21337704      0.52678571      270        10        
1.21608155      0.47619048      222        14        
1.22295820      0.50000000      258        8         
1.22983505      0.54166667      277        10        
1.23671170      0.52083333      271        10        
1.24358834      0.51488095      260        10        
1.25046520      0.50297619      260        14        
1.25734184      0.53571429      288        12        
1.26421870      0.55059524      306        8         
1.27109534      0.52678571      290        8         
1.27797199      0.57440476      302        10        
1.28484884      0.60119048      300        14        
1.29172549      0.60714286      307        11        
1.29860213      0.57738095      291        20        
1.30547899      0.59523810      295        10        
1.31235563      0.60416667      307        14        
1.31923228      0.58035714      312        6         
1.32610913      0.60416667      305        14        
1.33298578      0.56250000      320        10        
1.33986263      0.61011905      352        0         
1.34673928      0.58333333      325        2         
1.35361592      0.61607143      326        0         
1.36049278      0.58928571      324        8         
1.36736942      0.57142857      296        12        
1.37424607      0.59226190      317        10        
1.38112292      0.59226190      336        8         
1.38799957      0.64583333      363        9         
1.39487621      0.61607143      346        2         
1.40175307      0.58035714      334        0         
1.40862971      0.64880952      371        2         
1.41550636      0.59821429      332        6         
1.42238321      0.60416667      362        4         
1.42925986      0.60714286      362        6         
1.43613671      0.63095238      367        4         
1.44301336      0.68750000      411        14        
1.44989000      0.58928571      361        2         
1.45676685      0.56547619      345        2         
1.46364350      0.56547619      335        6         
1.47052015      0.58333333      346        16        
1.47739700      0.64880952      397        8         
1.48427364      0.61904762      372        13        
1.49115029      0.58928571      348        14        
1.49802714      0.60119048      350        22        
1.50490379      0.63988095      356        16        
1.51178064      0.71726190      415        12        
1.51865729      0.63690476      381        10        
1.52553393      0.62500000      375        5         
1.53241079      0.62202381      369        4         
1.53928743      0.61607143      384        2         
1.54616408      0.57142857      313        4         
1.55304093      0.63392857      331        19        
1.55991758      0.60119048      358        2         
1.56679422      0.59226190      331        11        
1.57367108      0.60416667      360        10        
1.58054772      0.58928571      354        6         
1.58742458      0.62500000      351        12        
1.59022815      0.59226190      315        6         
1.59710480      0.63690476      334        10        
1.60398165      0.68154762      347        21        
1.61085829      0.60119048      318        10        
1.61773494      0.64583333      333        23        
1.62461179      0.57440476      301        16        
1.63148844      0.63690476      334        17        
1.63836529      0.66071429      326        24        
1.64524194      0.64880952      329        21        
1.65211858      0.58035714      290        17        
1.65899544      0.56845238      291        10        
1.66587208      0.63988095      341        18        
1.67274873      0.69047619      358        20        
1.67962558      0.67261905      352        14        
1.68650223      0.65178571      331        26        
1.69337887      0.67559524      357        21        
1.70025573      0.66369048      363        16        
1.70713237      0.66964286      346        16        
1.71400923      0.68452381      345        16        
1.72088587      0.67857143      346        22        
1.72776252      0.66369048      347        14        
1.73463937      0.66369048      350        12        
1.74151602      0.68154762      380        8         
1.74839266      0.67261905      363        14        
1.75526952      0.70833333      379        17        
1.76214616      0.66964286      356        24        
1.76902281      0.68750000      372        20        
1.77589966      0.68154762      368        18        
1.78277631      0.68750000      375        16        
1.78965295      0.69345238      368        22        
1.79652981      0.74107143      390        27        
1.80340645      0.72321429      398        12        
1.81028330      0.73809524      394        14        
1.81715995      0.73511905      386        14        
1.82403660      0.75000000      403        10        
1.83091345      0.73214286      382        14        
1.83779010      0.70535714      372        18        
1.84466674      0.71428571      371        18        
1.85154359      0.72916667      391        16        
1.85842024      0.72023810      375        14        
1.86529689      0.70535714      370        18        
1.87217374      0.73214286      381        16        
1.87905038      0.77380952      426        16        
1.88592724      0.75892857      411        22        
1.89280388      0.74702381      401        22        
1.89968053      0.75892857      392        24        
1.90655738      0.75297619      412        32        
1.91343403      0.78869048      428        26        
1.92031067      0.75000000      425        19        
1.92718753      0.78571429      421        25        
1.93406417      0.68750000      376        14        
1.94094082      0.72619048      388        14        
1.94781767      0.70535714      387        12        
1.95469432      0.75297619      417        18        
1.96157117      0.74107143      409        12        
1.96576968      0.77678571      434        8         
1.97264632      0.76488095      429        8         
1.97952318      0.77380952      450        6         
1.98639982      0.78869048      444        16        
1.99327647      0.72023810      396        10        
2.00015332      0.78273810      438        6         
2.00702997      0.80357143      448        18        
2.01390682      0.77083333      424        8         
2.02078347      0.74107143      382        14        
2.02766011      0.76488095      424        14        
2.03453697      0.71428571      388        10        
2.04141361      0.77976190      419        10        
2.04829026      0.77083333      427        14        
2.05516711      0.79761905      420        14        
2.06204376      0.81547619      433        16        
2.06892040      0.77976190      426        18        
2.07579726      0.78571429      426        12        
2.08267390      0.77976190      414        18        
2.08955075      0.75297619      405        14        
2.09642740      0.83035714      460        14        
2.10330405      0.81845238      443        12        
2.11018090      0.80357143      425        18        
2.11705755      0.81845238      440        14        
2.12393419      0.85714286      441        18        
2.13081104      0.76488095      407        14        
2.13768769      0.79464286      419        16        
2.14456434      0.81845238      469        14        
2.15144119      0.81250000      438        14        
2.15831784      0.83333333      457        20        
2.16519448      0.80952381      430        27        
2.17207133      0.77380952      419        20        
2.17894798      0.81250000      449        14        
2.18582483      0.78571429      431        8         
2.19270148      0.76785714      421        8         
2.19957812      0.77380952      418        14        
2.20645498      0.82142857      449        14        
2.21333162      0.80357143      445        16        
2.22020827      0.80654762      457        12        
2.22708512      0.80059524      448        16        
2.23396177      0.83333333      447        14        
2.24083841      0.78869048      423        10        
2.24771527      0.78273810      422        14        
2.25459191      0.78273810      420        16        
2.26146877      0.77380952      412        14        
2.26834541      0.77678571      419        14        
2.27522206      0.82440476      450        14        
2.28209891      0.81250000      438        16        
2.28897556      0.81845238      446        18        
2.29585220      0.85119048      466        14        
2.30272906      0.80357143      434        14        
2.30960570      0.81845238      450        14        
2.31648235      0.84821429      457        14        
2.32335920      0.82440476      445        14        
2.33023585      0.81547619      448        14        
2.33711270      0.80357143      436        14        
2.34305316      0.81547619      444        16        
2.34992981      0.79166667      434        14        
2.35680666      0.80654762      433        12        
2.36368331      0.80654762      440        11        
2.37055995      0.86011905      482        14        
2.37743680      0.86607143      469        12        
2.38431345      0.79464286      429        12        
2.39119030      0.81250000      449        14        
2.39806695      0.84523810      463        12        
2.40494359      0.80357143      439        14        
2.41182045      0.83333333      452        14        
2.41869709      0.85119048      460        10        
2.42557374      0.83928571      453        18        
2.43245059      0.79166667      444        12        
2.43932724      0.83630952      451        14        
2.44620388      0.81250000      437        14        
2.45308074      0.80654762      433        12        
2.45995738      0.83035714      449        14        
2.46683424      0.82738095      467        14        
2.47371088      0.81547619      445        12        
2.48058753      0.81845238      446        8         
2.48746438      0.78869048      427        12        
2.49434103      0.80357143      442        12        
2.50121767      0.82142857      433        14        
2.50809453      0.77678571      429        14        
2.51497117      0.82142857      447        14        
2.52184782      0.83928571      464        14        
2.52872467      0.81547619      448        12        
2.53560132      0.80059524      442        12        
2.54247796      0.85119048      469        14        
2.54935482      0.79166667      440        14        
2.55623146      0.79166667      429        16        
2.56310832      0.76785714      418        14        
2.56998496      0.73809524      402        12        
2.57686161      0.76785714      406        27        
2.58373846      0.76785714      407        14        
2.59061511      0.88095238      486        14        
2.59749175      0.83630952      449        14        
2.60436861      0.83333333      444        14        
2.61124525      0.87202381      473        12        
2.61812190      0.88095238      495        20        
2.62499875      0.88988095      487        18        
2.63187540      0.85714286      467        12        
2.63875225      0.84226190      461        14        
2.64562889      0.87797619      477        12        
2.65250554      0.88392857      473        14        
2.65938239      0.86309524      494        12        
2.66625904      0.80654762      436        8         
2.67313569      0.80357143      431        12        
2.68001254      0.79166667      427        14        
2.68688918      0.81547619      434        10        
2.69376583      0.82142857      439        18        
2.70064268      0.80654762      436        14        
2.70751933      0.78571429      426        12        
2.71439618      0.83035714      444        10        
2.72078251      0.83333333      441        14        
2.72765916      0.78571429      411        14        
2.73453601      0.83333333      463        12        
2.74141266      0.80952381      433        23        
2.74828931      0.78869048      439        12        
2.75516616      0.81250000      435        14        
2.76204280      0.80654762      432        14        
2.76891966      0.79464286      434        14        
2.77579630      0.82738095      470        10        
2.78267295      0.83333333      450        12        
2.78954980      0.81547619      435        14        
2.79642645      0.82142857      450        12        
2.80330309      0.80952381      439        10        
2.81017995      0.80357143      446        12        
2.81705659      0.82142857      448        12        
2.82393324      0.80059524      435        12        
2.83081009      0.75297619      409        8         
2.83768674      0.80654762      439        16        
2.84456359      0.78869048      424        20        
2.85144024      0.81547619      463        20        
2.85831688      0.79761905      438        24        
2.86519374      0.78869048      417        18        
2.87207038      0.77380952      426        12        
2.87894703      0.80059524      433        16        
2.88582388      0.79464286      438        12        
2.89270053      0.76190476      406        16        
2.89957717      0.75297619      394        16        
2.90645403      0.73809524      410        16        
2.91333067      0.70833333      384        12        
2.92020732      0.74702381      394        16        
2.92708417      0.72619048      393        12        
2.93396082      0.78869048      415        21        
2.94083767      0.71428571      391        16        
2.94771432      0.77678571      424        14        
2.95459096      0.75297619      393        14        
2.96146781      0.76190476      408        16        
2.96834446      0.75892857      410        16        
2.97522111      0.73809524      413        10        
2.98209796      0.77083333      413        16        
2.98897460      0.78571429      440        12        
2.99585125      0.79464286      433        14        
3.00272810      0.78273810      425        22        
3.00960475      0.77380952      429        26        
3.01648160      0.80357143      435        20        
3.02335825      0.77678571      422        14        
3.03023489      0.81547619      455        8         
3.03711175      0.79464286      432        16        
3.04398839      0.77678571      426        12        
3.05086504      0.80357143      430        10        
3.05774189      0.72916667      404        12        
3.06461854      0.77678571      422        14        
3.07149518      0.80357143      428        14        
3.07837204      0.81250000      459        14        
3.08524868      0.80952381      437        14        
3.09212554      0.80357143      445        8         
3.09760164      0.82738095      447        14        
3.10447829      0.79166667      436        14        
3.11135514      0.77380952      418        14        
3.11823179      0.80654762      432        12        
3.12510843      0.83928571      462        14        
3.13198529      0.80357143      432        14        
3.13886193      0.80059524      422        10        
3.14573878      0.79464286      430        16        
3.15261543      0.75000000      406        13        
3.15949208      0.77380952      414        20        
3.16636893      0.76488095      414        12        
3.17324558      0.80059524      430        14        
3.18012222      0.87500000      488        16        
3.18699907      0.84821429      459        14        
3.19387572      0.81547619      444        12        
3.20075237      0.83630952      475        12        
3.20762922      0.79761905      452        12        
3.21450587      0.77380952      411        14        
3.22138272      0.83333333      451        14        
3.22825936      0.82738095      440        23        
3.23513601      0.83035714      454        14        
3.24201286      0.83333333      440        23        
3.24888951      0.83928571      454        14        
3.25576615      0.79761905      432        14        
3.26264301      0.86011905      460        12        
3.26951965      0.85714286      458        23        
3.27639630      0.83333333      442        27        
3.28327315      0.82142857      439        14        
3.29014980      0.80357143      438        14        
3.29702644      0.81250000      448        12        
3.30390330      0.83630952      453        16        
3.31077994      0.82738095      447        16        
3.31765680      0.75000000      416        12        
3.32453344      0.77976190      426        12        
3.33141009      0.77678571      426        12        
3.33828694      0.76190476      426        10        
3.34516359      0.79166667      448        8         
3.35204023      0.72023810      388        8         
3.35891709      0.79166667      433        12        
3.36579373      0.79166667      442        10        
3.37267038      0.78273810      414        16        
3.37954723      0.82440476      448        14        
3.38642388      0.78273810      412        10        
3.39330073      0.82738095      436        23        
3.40017738      0.78571429      427        10        
3.40705402      0.79464286      421        14        
3.41393088      0.80952381      440        14        
3.42080752      0.79761905      429        12        
3.42768417      0.75892857      417        12        
3.43456102      0.81250000      434        14        
3.44143767      0.82142857      443        14        
3.44831431      0.78869048      414        14        
3.45519116      0.77678571      421        10        
3.46206781      0.78273810      420        14        
3.46894466      0.78869048      424        12        
3.47501700      0.78273810      419        14        
3.48189364      0.73809524      404        17        
3.48877049      0.77380952      412        12        
3.49564714      0.81250000      444        12        
3.50252379      0.79761905      436        12        
3.50940064      0.77976190      420        12        
3.51627729      0.77678571      413        12        
3.52315414      0.78273810      418        12        
3.53003078      0.80654762      439        14        
3.53690743      0.83035714      451        12        
3.54378428      0.83035714      438        14        
3.55066093      0.78273810      445        14        
3.55753757      0.85119048      480        14        
3.56441443      0.83333333      449        12        
3.57129107      0.81845238      429        20        
3.57816772      0.86309524      461        18        
3.58504457      0.78869048      420        16        
3.59192122      0.82738095      441        24        
3.59879807      0.82142857      450        12        
3.60567472      0.84821429      450        20        
3.61255136      0.83035714      438        20        
3.61942822      0.84226190      450        18        
3.62630486      0.83630952      454        16        
3.63318151      0.79761905      420        26        
3.64005836      0.79464286      425        12        
3.64693501      0.81845238      440        12        
3.65381165      0.79464286      428        12        
3.66068851      0.78869048      417        26        
3.66756515      0.72619048      390        12        
3.67444180      0.75595238      411        12        
3.68131865      0.75892857      426        14        
3.68819530      0.83035714      464        23        
3.69507215      0.79166667      441        20        
3.70194880      0.76488095      409        18        
3.70882544      0.81845238      439        14        
3.71570230      0.82440476      437        18        
3.72257894      0.79464286      443        14        
3.72945559      0.80654762      444        16        
3.73633244      0.79166667      422        12        
3.74320909      0.75892857      410        24        
3.75008573      0.76190476      419        14        
3.75696259      0.77083333      435        16        
3.76383923      0.75892857      414        18        
3.77071608      0.77678571      434        14        
3.77759273      0.77678571      413        23        
3.78446938      0.78273810      417        12        
3.79134623      0.75892857      425        14        
3.79822287      0.71130952      397        12        
3.80509952      0.73809524      385        20        
3.81197637      0.78273810      430        25        
3.81885302      0.77380952      410        32        
3.82572967      0.76190476      412        33        
3.83260652      0.77678571      408        29        
3.83948316      0.75297619      402        24        
3.84636002      0.77083333      424        22        
3.85236610      0.79166667      452        22        
3.85924275      0.75000000      418        20        
3.86611960      0.77083333      411        18        
3.87299625      0.70238095      377        22        
3.87987289      0.75595238      417        14        
3.88674975      0.81250000      440        12        
3.89362639      0.81547619      441        14        
3.90050325      0.82440476      447        14        
3.90737989      0.82440476      454        12        
3.91425654      0.82738095      441        14        
3.92113339      0.80059524      438        18        
3.92801004      0.83928571      482        16        
3.93488668      0.84523810      453        14        
3.94176353      0.82142857      441        14        
3.94864018      0.83035714      471        10        
3.95551683      0.83630952      462        10        
3.96239368      0.86607143      472        16        
3.96927033      0.83630952      448        14        
3.97614718      0.82142857      439        27        
3.98302382      0.82142857      438        18        
3.98990047      0.81547619      437        18        
3.99677732      0.86904762      475        14        
4.00365397      0.83630952      454        16        
4.01053061      0.81547619      436        14        
4.01740747      0.81250000      438        12        
4.02428411      0.83928571      454        16        
4.03116076      0.83630952      464        8         
4.03803761      0.80654762      428        14        
4.04491426      0.84821429      472        14        
4.05179090      0.87797619      470        14        
4.05866776      0.83035714      449        12        
4.06554440      0.81845238      438        18        
4.07242126      0.86309524      473        16        
4.07929790      0.88095238      471        16        
4.08617455      0.87500000      472        16        
4.09305140      0.82440476      443        12        
4.09992805      0.83928571      452        14        
4.10680469      0.86607143      470        14        
4.11368155      0.83630952      457        12        
4.12055819      0.83928571      458        12        
4.12743484      0.86309524      462        12        
4.13431169      0.85714286      467        16        
4.14118834      0.81845238      441        14        
4.14806519      0.86607143      471        12        
4.15494184      0.81845238      434        14        
4.16181848      0.84226190      449        14        
4.16869534      0.84821429      454        14        
4.17557198      0.84226190      452        25        
4.18244863      0.86607143      459        16        
4.18932548      0.85416667      458        14        
4.19620213      0.84226190      456        12        
4.20307877      0.83928571      442        14        
4.20995563      0.81250000      434        16        
4.21683227      0.81250000      447        20        
4.22370912      0.79761905      431        20        
4.22950484      0.83333333      441        16        
4.23638148      0.80952381      443        16        
4.24325834      0.82738095      442        14        
4.25013498      0.76785714      408        20        
4.25701163      0.80952381      433        25        
4.26388848      0.83035714      455        18        
4.27076513      0.84523810      453        12        
4.27764198      0.86607143      465        14        
4.28451863      0.86904762      466        14        
4.29139527      0.84523810      461        13        
4.29827212      0.80059524      431        12        
4.30514877      0.80059524      435        10        
4.31202542      0.80952381      438        14        
4.31890227      0.85416667      469        14        
4.32577892      0.88392857      485        14        
4.33265556      0.80952381      433        22        
4.33953241      0.84523810      463        12        
4.34640906      0.84226190      449        10        
4.35328591      0.83035714      443        14        
4.36016256      0.82142857      452        18        
4.36703920      0.84226190      466        14        
4.37391606      0.88095238      469        16        
4.38079270      0.82738095      447        18        
4.38766935      0.83630952      451        12        
4.39454620      0.87202381      478        12        
4.40142285      0.86011905      470        12        
4.40829949      0.86011905      456        14        
4.41517635      0.79761905      431        14        
4.42205299      0.82440476      445        14        
4.42892964      0.85714286      463        16        
4.43580649      0.83333333      439        16        
4.44268314      0.84226190      468        12        
4.44955999      0.83928571      463        14        
4.45643664      0.88392857      469        14        
4.46331328      0.87797619      475        16        
4.47019014      0.84523810      468        14        
4.47706678      0.82440476      440        20        
4.48394343      0.85416667      483        10        
4.49082028      0.84226190      455        12        
4.49769693      0.85119048      456        14        
4.50457357      0.83333333      451        12        
4.51145043      0.83928571      450        12        
4.51832707      0.85416667      461        16        
4.52520393      0.81250000      439        14        
4.53208057      0.82142857      439        18        
4.53895722      0.86607143      467        12        
4.54583407      0.81845238      433        12        
4.55271072      0.83035714      451        12        
4.55958736      0.84226190      455        12        
4.56646421      0.85714286      461        14        
4.57334086      0.85416667      469        12        
4.58021751      0.87500000      467        12        
4.58709436      0.83333333      445        16        
4.59397101      0.80952381      446        12        
4.60084786      0.83333333      455        14        
4.60707055      0.81547619      446        14        
4.61394719      0.77678571      433        10        
4.62082404      0.76785714      411        14        
4.62770069      0.83035714      442        16        
4.63457734      0.82440476      466        20        
4.64145419      0.80654762      432        18        
4.64833083      0.85416667      463        22        
4.65520769      0.85119048      462        24        
4.66208433      0.84523810      470        22        
4.66896098      0.83928571      452        18        
4.67583783      0.83630952      469        20        
4.68271448      0.84523810      466        18        
4.68959112      0.80357143      435        14        
4.69646798      0.82440476      456        16        
4.70334462      0.88392857      489        22        
4.71022127      0.83035714      459        10        
4.71709812      0.83333333      458        12        
4.72397477      0.79761905      440        14        
4.73085162      0.85119048      475        16        
4.73772827      0.85119048      475        16        
4.74460491      0.87500000      487        14        
4.75148177      0.85714286      474        12        
4.75835841      0.86309524      459        14        
4.76523506      0.83630952      470        18        
4.77211191      0.82440476      449        22        
4.77898856      0.83928571      459        22        
4.78586520      0.82142857      442        18        
4.79274206      0.83333333      455        14        
4.79961870      0.78869048      431        12        
4.80649535      0.87500000      459        14        
4.81337220      0.85119048      457        20        
4.82024885      0.88690476      476        14        
4.82712570      0.83333333      455        14        
4.83400235      0.83928571      457        12        
4.84087899      0.83630952      452        18        
4.84775585      0.86607143      492        14        
4.85463249      0.87202381      471        14        
4.86150914      0.86309524      467        20        
4.86838599      0.85714286      469        12        
4.87526264      0.83333333      468        10        
4.88213928      0.84821429      481        12        
4.88901613      0.86904762      488        12        
4.89589278      0.83630952      466        15        
4.90276963      0.84821429      458        17        
4.90964628      0.85416667      460        12        
4.91652293      0.87202381      462        14        
4.92339978      0.85714286      459        23        
4.93027642      0.88392857      462        20        
4.93715307      0.83630952      445        17        
4.94402992      0.85119048      464        17        
4.95090657      0.88690476      476        18        
4.95778321      0.87500000      468        18        
4.96466007      0.85119048      460        14        
4.97153671      0.83928571      442        12        
4.97841357      0.83928571      465        16        
4.98493177      0.83333333      469        15        
4.99180842      0.83333333      460        16        
4.99868527      0.83333333      445        18        
5.00556192      0.86904762      463        23        
5.01243856      0.89285714      486        21        
5.01931541      0.86904762      461        22        
5.02619206      0.87797619      470        16        
5.03306891      0.82142857      442        18        
5.03994556      0.85714286      449        14        
5.04682221      0.84226190      451        14        
5.05369906      0.82738095      454        10        
5.06057570      0.87797619      470        8         
5.06745235      0.88095238      496        12        
5.07432920      0.82738095      436        18        
5.08120585      0.83630952      453        16        
5.08808250      0.82738095      439        16        
5.09495935      0.89880952      490        14        
5.10183599      0.86607143      464        17        
5.10871285      0.80952381      446        14        
5.11558949      0.85119048      459        12        
5.12246614      0.86904762      471        12        
5.12934299      0.83035714      449        12        
5.13621964      0.87500000      466        23        
5.14309628      0.84821429      457        14        
5.14997314      0.86904762      479        14        
5.15684978      0.86607143      459        14        
5.16372643      0.86309524      459        14        
5.17060328      0.83333333      458        12        
5.17747993      0.85714286      467        14        
5.18435657      0.87500000      476        14        
5.19123343      0.82440476      458        12        
5.19811007      0.86607143      465        18        
5.20498693      0.87202381      465        12        
5.21186357      0.87500000      473        18        
5.21874022      0.83630952      450        26        
5.22561707      0.82440476      457        18        
5.23249372      0.83333333      463        14        
5.23937036      0.80654762      450        14        
5.24624722      0.85416667      475        20        
5.25312386      0.85416667      470        16        
5.26000051      0.82738095      437        22        
5.26687736      0.84821429      470        22        
5.27375401      0.80654762      430        22        
5.28063086      0.84523810      448        20        
5.28750751      0.86309524      451        22        
5.29438415      0.83333333      464        20        
5.30126100      0.81845238      435        20        
5.30813765      0.83928571      452        20        
5.31501430      0.86607143      491        16        
5.32189115      0.87500000      466        22        
5.32876779      0.82738095      448        20        
5.33564444      0.83928571      444        16        
5.34252129      0.84226190      446        20        
5.34939794      0.85416667      461        26        
5.35627479      0.83630952      455        20        
5.36310035      0.84821429      471        20        
5.36997700      0.83928571      449        20        
5.37685385      0.80357143      432        18        
5.38373050      0.83630952      434        18        
5.39060714      0.86904762      479        20        
5.39748400      0.80952381      430        16        
5.40436064      0.83333333      439        20        
5.41123749      0.80357143      437        24        
5.41811414      0.81250000      431        24        
5.42499079      0.81547619      428        33        
5.43186764      0.80357143      437        24        
5.43874429      0.81845238      450        28        
5.44562093      0.81547619      434        22        
5.45249778      0.81547619      438        20        
5.45937443      0.80654762      425        22        
5.46625108      0.80357143      429        16        
5.47312793      0.78273810      417        16        
5.48000457      0.79166667      440        22        
5.48688143      0.79761905      428        24        
5.49375807      0.83035714      468        24        
5.50063472      0.81845238      448        33        
5.50751157      0.79464286      437        20        
5.51438822      0.78869048      421        35        
5.52126486      0.81845238      445        30        
5.52814172      0.83035714      437        28        
5.53501836      0.80952381      447        16        
5.54189501      0.80654762      442        20        
5.54877186      0.79761905      430        24        
5.55564851      0.83630952      449        20        
5.56252515      0.80952381      436        24        
5.56940201      0.81845238      447        18        
5.57627865      0.79761905      429        22        
5.58315551      0.84523810      453        26        
5.59003215      0.84821429      450        24        
5.59690880      0.86904762      487        20        
5.60378565      0.87500000      461        24        
5.61066230      0.85416667      462        20        
5.61753894      0.85416667      460        26        
5.62441580      0.82440476      439        34        
5.63129244      0.84523810      442        26        
5.63816909      0.84226190      459        24        
5.64504594      0.85416667      459        22        
5.65192259      0.85119048      464        24        
5.65879944      0.84523810      452        26        
5.66567609      0.85416667      462        26        
5.67255273      0.82142857      443        24        
5.67942958      0.82440476      444        22        
5.68630623      0.82738095      451        24        
5.69318288      0.90476190      482        22        
5.70005973      0.84821429      458        20        
5.70693638      0.85119048      461        26        
5.71381302      0.84523810      467        22        
5.72068987      0.87500000      476        24        
5.72756652      0.86011905      475        26        
5.73444337      0.88392857      504        22        
5.74062453      0.81547619      458        22        
5.74750117      0.86904762      481        24        
5.75437802      0.84226190      465        22        
5.76125467      0.82142857      436        24        
5.76813132      0.83928571      458        22        
5.77500817      0.83928571      464        26        
5.78188482      0.81845238      428        24        
5.78876167      0.84523810      457        27        
5.79563831      0.86309524      465        26        
5.80251496      0.83035714      441        30        
5.80939181      0.82440476      437        30        
5.81626846      0.82738095      446        26        
5.82314510      0.82142857      440        22        
5.83002196      0.81845238      426        39        
5.83689860      0.83928571      444        22        
5.84377525      0.86607143      470        20        
5.85065210      0.80059524      437        22        
5.85752875      0.81250000      445        14        
5.86440560      0.84821429      469        22        
5.87128225      0.85714286      470        26        
5.87815889      0.86011905      463        26        
5.88503575      0.79464286      427        24        
5.89191239      0.80654762      433        22        
5.89878904      0.81547619      446        22        
5.90566589      0.80952381      434        24        
5.91254254      0.83630952      445        24        
5.91941918      0.81845238      444        26        
5.92629604      0.81547619      443        24        
5.93317268      0.82738095      447        30        
5.94004933      0.84226190      456        24        
5.94692618      0.86607143      475        22        
5.95380283      0.82738095      451        22        
5.96067968      0.84226190      440        22        
5.96755633      0.79166667      428        20        
5.97443297      0.85119048      462        20        
5.98130983      0.83630952      456        24        
5.98818647      0.85119048      461        20        
5.99506312      0.81547619      443        20        
6.00193997      0.85416667      462        20        
6.00881662      0.82738095      460        16        
6.01569326      0.83928571      443        22        
6.02257012      0.83333333      449        20        
6.02944676      0.83333333      449        26        
6.03632361      0.85119048      469        20        
6.04320026      0.82440476      450        22        
6.05007691      0.86011905      475        20        
6.05695376      0.80952381      444        18        
6.06383040      0.84226190      461        20        
6.07070705      0.86607143      481        18        
6.07758390      0.82142857      443        22        
6.08446055      0.86607143      474        26        
6.09133720      0.85714286      451        22        
6.09821405      0.78571429      419        26        
6.10509069      0.82142857      452        24        
6.11196755      0.89583333      477        26        
6.11821723      0.84821429      460        24        
6.12509388      0.87500000      465        26        
6.13197073      0.88690476      473        22        
6.13884738      0.86607143      471        22        
6.14572402      0.83928571      450        22        
6.15260088      0.88095238      472        24        
6.15947752      0.84226190      449        22        
6.16635437      0.86309524      464        22        
6.17323102      0.85416667      471        12        
6.18010767      0.83333333      472        24        
6.18698452      0.80952381      457        24        
6.19386116      0.84226190      446        28        
6.20073781      0.78869048      419        27        
6.20761466      0.79166667      427        28        
6.21449131      0.79761905      429        20        
6.22136796      0.85119048      453        16        
6.22824481      0.86607143      468        20        
6.23512145      0.80654762      443        22        
6.24199831      0.83333333      451        22        
6.24887495      0.84821429      466        29        
6.25575160      0.83928571      454        22        
6.26262845      0.81845238      441        20        
6.26950510      0.81547619      421        26        
6.27638174      0.85714286      462        20        
6.28325860      0.85714286      451        30        
6.29013524      0.84821429      441        26        
6.29701189      0.82738095      445        22        
6.30388874      0.87202381      470        22        
6.31076539      0.86607143      462        24        
6.31764203      0.88095238      475        32        
6.32451889      0.83630952      440        28        
6.33139553      0.86904762      463        28        
6.33827239      0.88392857      472        28        
6.34514903      0.88690476      474        26        
6.35202568      0.86309524      454        30        
6.35890253      0.84523810      445        31        
6.36577918      0.81250000      425        28        
6.37265582      0.83630952      437        28        
6.37953268      0.83035714      442        27        
6.38640932      0.87202381      457        28        
6.39328597      0.86011905      452        20        
6.40016282      0.85416667      450        21        
6.40703947      0.88392857      468        28        
6.41391632      0.85416667      450        22        
6.42079297      0.87500000      489        22        
6.42766961      0.85119048      459        26        
6.43454646      0.85714286      456        24        
6.44142311      0.80654762      442        22        
6.44829976      0.84226190      453        22        
6.45517661      0.84226190      459        18        
6.46205326      0.83035714      447        22        
6.46892990      0.86011905      462        20        
6.47580675      0.81250000      435        20        
6.48268340      0.82440476      448        20        
6.48956025      0.80059524      440        20        
6.49586248      0.79761905      450        18        
6.50273912      0.85714286      459        20        
6.50961598      0.81845238      441        20        
6.51649262      0.82440476      444        22        
6.52336927      0.86011905      471        18        
6.53024612      0.82738095      444        22        
6.53712277      0.85714286      456        22        
6.54399962      0.80952381      443        20        
6.55087627      0.78869048      429        20        
6.55775291      0.79464286      435        26        
6.56462977      0.81250000      447        26        
6.57150641      0.82142857      453        20        
6.57838306      0.83630952      444        24        
6.58525991      0.82738095      449        20        
6.59213656      0.83333333      460        20        
6.59901320      0.83035714      449        29        
6.60589006      0.84523810      481        18        
6.61276670      0.81547619      444        16        
6.61964355      0.83035714      468        22        
6.62652020      0.77678571      435        22        
6.63339685      0.83928571      467        26        
6.64027370      0.84821429      449        30        
6.64715035      0.84821429      458        29        
6.65402699      0.81250000      440        22        
6.66090384      0.77976190      431        20        
6.66778049      0.75892857      422        16        
6.67465714      0.78273810      422        22        
6.68153399      0.81845238      447        16        
6.68841064      0.79464286      431        22        
6.69528728      0.78571429      423        22        
6.70216413      0.86309524      451        22        
6.70904078      0.79464286      424        20        
6.71591763      0.80059524      437        20        
6.72279428      0.84226190      451        31        
6.72967092      0.80654762      430        26        
6.73654778      0.79761905      431        20        
6.74342442      0.81250000      438        20        
6.75030107      0.80357143      435        22        
6.75717792      0.79761905      436        20        
6.76405457      0.82738095      442        28        
6.77093121      0.80654762      436        26        
6.77780807      0.77976190      419        22        
6.78468471      0.77976190      440        22        
6.79156157      0.77083333      406        32        
6.79843821      0.80059524      444        30        
6.80531486      0.84226190      449        38        
6.81219171      0.77678571      423        24        
6.81906836      0.79761905      432        20        
6.82594500      0.77678571      431        24        
6.83282186      0.81845238      443        30        
6.83969850      0.78869048      433        18        
6.84657515      0.75297619      409        14        
6.85345200      0.80654762      423        16        
6.86032865      0.80654762      433        20        
6.86720550      0.79761905      450        16        
6.87300267      0.79464286      439        18        
6.87987931      0.76785714      412        16        
6.88675617      0.78273810      434        22        
6.89363281      0.79761905      447        20        
6.90050946      0.79464286      430        22        
6.90738631      0.80654762      447        20        
6.91426296      0.83928571      457        22        
6.92113981      0.79761905      436        18        
6.92801646      0.84821429      458        22        
6.93489310      0.80952381      436        22        
6.94176995      0.83630952      453        16        
6.94864660      0.86011905      488        22        
6.95552325      0.85416667      454        22        
6.96240010      0.81845238      438        26        
6.96927674      0.80654762      445        18        
6.97615339      0.79761905      442        18        
6.98303024      0.79761905      443        20        
6.98990689      0.79464286      442        20        
6.99678374      0.80357143      438        22        
7.00366039      0.78869048      436        26        
7.01053703      0.79464286      436        22        
7.01741389      0.73809524      401        18        
7.02429053      0.80059524      432        20        
7.03116718      0.85119048      481        20        
7.03804403      0.82142857      451        22        
7.04492068      0.81845238      448        24        
7.05179732      0.85119048      466        24        
7.05867418      0.82440476      470        22        
7.06555082      0.87202381      455        30        
7.07242747      0.83035714      457        26        
7.07930432      0.78869048      416        22        
7.08618097      0.80654762      451        18        
7.09305782      0.87202381      470        20        
7.09993447      0.80654762      435        16        
7.10681111      0.87500000      488        18        
7.11368797      0.86011905      484        22        
7.12056461      0.75595238      413        16        
7.12744126      0.79166667      432        16        
7.13431811      0.79761905      424        22        
7.14119476      0.83035714      469        18        
7.14807140      0.80059524      449        18        
7.15494826      0.83333333      443        18        
7.16182490      0.89880952      507        22        
7.16870176      0.87202381      490        22        
7.17557840      0.86904762      494        22        
7.18245505      0.80059524      430        22        
7.18933190      0.82440476      448        20        
7.19620855      0.83928571      456        20        
7.20308519      0.86309524      463        20        
7.20996204      0.85416667      474        22        
7.21683869      0.87500000      470        20        
7.22371534      0.86607143      471        28        
7.23059219      0.90773810      489        22        
7.23746884      0.88095238      471        20        
7.24434569      0.88095238      467        22        
7.25038417      0.86309524      490        14        
7.25726082      0.87202381      474        18        
7.26413767      0.91369048      509        22        
7.27101431      0.84821429      459        20        
7.27789096      0.89880952      496        31        
7.28476781      0.85714286      454        22        
7.29164446      0.84523810      479        20        
7.29852131      0.85119048      451        18        
7.30539796      0.87500000      489        18        
7.31227460      0.86011905      456        18        
7.31915146      0.87500000      463        22        
7.32602810      0.85119048      454        34        
7.33290475      0.83333333      439        34        
7.33978160      0.86011905      458        32        
7.34665825      0.86011905      461        34        
7.35353489      0.85714286      456        28        
7.36041175      0.84821429      472        26        
7.36728839      0.82440476      448        24        
7.37416525      0.84226190      471        28        
7.38104189      0.81845238      459        28        
7.38791854      0.81250000      459        36        
7.39479539      0.83630952      460        30        
7.40167204      0.82142857      454        28        
7.40854868      0.84523810      467        24        
7.41542554      0.86011905      474        22        
7.42230218      0.84226190      456        22        
7.42917883      0.82142857      450        20        
7.43605568      0.86011905      467        20        
7.44293233      0.85119048      461        20        
7.44980897      0.85416667      484        16        
7.45668583      0.84226190      460        20        
7.46356247      0.83333333      453        22        
7.47043932      0.86309524      469        31        
7.47731597      0.81547619      434        24        
7.48419262      0.79464286      431        31        
7.49106947      0.81250000      450        20        
7.49794612      0.87202381      465        20        
7.50482276      0.79166667      437        18        
7.51169961      0.80952381      445        18        
7.51857626      0.83333333      449        31        
7.52545291      0.82440476      436        26        
7.53232976      0.81250000      443        22        
7.53920641      0.82738095      449        24        
7.54608326      0.84523810      452        20        
7.55295990      0.86011905      465        20        
7.55983655      0.84523810      450        20        
7.56671340      0.87797619      470        20        
7.57359005      0.82738095      447        20        
7.58046669      0.83333333      442        18        
7.58734355      0.82738095      462        16        
7.59422019      0.79166667      436        14        
7.60109684      0.78869048      436        14        
7.60797369      0.83035714      443        22        
7.61485034      0.83035714      453        22        
7.62172719      0.81547619      446        20        
7.62791167      0.79761905      438        18        
7.63478831      0.80654762      432        26        
7.64166517      0.79761905      427        24        
7.64854181      0.80654762      444        28        
7.65541846      0.82142857      441        30        
7.66229531      0.81845238      430        33        
7.66917196      0.83630952      450        20        
7.67604881      0.84821429      477        20        
7.68292546      0.83630952      463        22        
7.68980210      0.80654762      437        26        
7.69667895      0.83928571      454        22        
7.70355560      0.86011905      461        22        
7.71043225      0.88392857      475        20        
7.71730910      0.83630952      467        20        
7.72418575      0.83630952      459        20        
7.73106239      0.84523810      465        22        
7.73793924      0.84226190      472        20        
7.74481589      0.86011905      484        22        
7.75169274      0.85714286      474        20        
7.75856939      0.84523810      466        14        
7.76544603      0.87797619      481        24        
7.77232289      0.79464286      434        18        
7.77919953      0.82440476      461        22        
7.78607618      0.83928571      448        25        
7.79295303      0.82738095      463        20        
7.79982968      0.80059524      426        16        
7.80670632      0.81547619      432        22        
7.81358318      0.84226190      466        22        
7.82045982      0.83928571      464        20        
7.82733647      0.86607143      459        18        
7.83421332      0.86904762      487        18        
7.84108997      0.87202381      471        18        
7.84796682      0.86607143      479        26        
7.85484347      0.84523810      474        20        
7.86172011      0.88690476      482        18        
7.86859697      0.86904762      463        20        
7.87547361      0.89285714      482        20        
7.88235026      0.86011905      462        22        
7.88922711      0.90773810      484        20        
7.89610376      0.87797619      474        22        
7.90298040      0.88392857      469        24        
7.90985726      0.87500000      474        24        
7.91673390      0.90476190      491        26        
7.92361076      0.88690476      478        26        
7.93048740      0.88392857      481        26        
7.93736405      0.84523810      460        22        
7.94424090      0.87202381      477        22        
7.95111755      0.88690476      470        24        
7.95799419      0.82440476      438        18        
7.96487104      0.88690476      483        26        
7.97174769      0.90178571      484        26        
7.97862434      0.86309524      467        26        
7.98550119      0.86904762      467        22        
7.99237784      0.87202381      464        24        
7.99925469      0.90178571      480        26        
8.00553511      0.87500000      475        26        
8.01241175      0.86011905      457        24        
8.01928861      0.84523810      456        24        
8.02616525      0.89880952      478        25        
8.03304190      0.87202381      477        24        
8.03991875      0.84523810      458        24        
8.04679540      0.89583333      482        24        
8.05367225      0.88095238      480        22        
8.06054890      0.87500000      475        22        
8.06742554      0.86904762      462        20        
8.07430240      0.85119048      482        18        
8.08117904      0.84821429      461        32        
8.08805569      0.86607143      465        18        
8.09493254      0.88988095      478        22        
8.10180919      0.87202381      489        24        
8.10868583      0.88690476      483        22        
8.11556269      0.87797619      474        24        
8.12243933      0.86309524      472        18        
8.12931618      0.86309524      486        20        
8.13619283      0.87500000      470        18        
8.14306948      0.82440476      453        20        
8.14994633      0.85119048      456        22        
8.15682298      0.86309524      465        20        
8.16369962      0.84523810      461        22        
8.17057647      0.86011905      462        16        
8.17745312      0.89285714      480        22        
8.18432977      0.87500000      472        24        
8.19120662      0.84821429      458        20        
8.19808326      0.87500000      473        18        
8.20495991      0.82738095      444        18        
8.21183676      0.89583333      472        25        
8.21871341      0.86904762      472        18        
8.22559026      0.85119048      457        18        
8.23246691      0.81547619      448        16        
8.23934355      0.83928571      448        27        
8.24622041      0.86011905      461        27        
8.25309705      0.84821429      456        20        
8.25997370      0.84226190      476        22        
8.26685055      0.87500000      474        20        
8.27372720      0.84821429      452        22        
8.28060384      0.86309524      469        22        
8.28748070      0.84523810      465        18        
8.29435734      0.84226190      451        26        
8.30123420      0.83333333      452        18        
8.30811084      0.87202381      480        22        
8.31498749      0.84821429      450        29        
8.32186434      0.85119048      450        29        
8.32874099      0.86607143      485        18        
8.33561763      0.87500000      478        18        
8.34249449      0.87202381      447        18        
8.34937113      0.86904762      473        20        
8.35624778      0.88690476      469        20        
8.36312463      0.86309524      487        20        
8.37000128      0.84226190      455        20        
8.37687813      0.83928571      461        22        
8.38351865      0.80357143      444        20        
8.39039530      0.86904762      459        24        
8.39727215      0.88392857      496        24        
8.40414880      0.86607143      491        18        
8.41102544      0.87202381      474        20        
8.41790230      0.88988095      488        18        
8.42477894      0.88392857      492        20        
8.43165580      0.88095238      485        20        
8.43853244      0.84226190      463        18        
8.44540909      0.88690476      496        18        
8.45228594      0.86904762      469        18        
8.45916259      0.83035714      474        16        
8.46603923      0.88988095      505        20        
8.47291609      0.90773810      506        18        
8.47979273      0.90476190      500        20        
8.48666938      0.88095238      477        20        
8.49354623      0.84821429      461        22        
8.50042288      0.88095238      476        24        
8.50729973      0.87202381      462        26        
8.51417637      0.87202381      482        16        
8.52105302      0.86309524      468        20        
8.52792987      0.87202381      471        18        
8.53480652      0.86607143      460        22        
8.54168317      0.87797619      471        24        
8.54856002      0.87797619      473        20        
8.55543666      0.87500000      469        22        
8.56231331      0.88988095      478        24        
8.56919016      0.87202381      472        18        
8.57606681      0.89285714      485        22        
8.58294346      0.87202381      474        22        
8.58982031      0.85416667      466        18        
8.59669695      0.88988095      475        24        
8.60357381      0.84523810      454        18        
8.61045045      0.85416667      467        18        
8.61732710      0.88988095      500        16        
8.62420395      0.87202381      490        20        
8.63108060      0.87797619      468        18        
8.63795724      0.86607143      465        18        
8.64483410      0.85416667      463        20        
8.65171074      0.84523810      474        20        
8.65858739      0.83035714      479        18        
8.66546424      0.81547619      456        18        
8.67234089      0.82142857      444        27        
8.67921774      0.86011905      483        20        
8.68609439      0.89880952      481        20        
8.69297103      0.84523810      457        18        
8.69984789      0.88988095      471        22        
8.70672453      0.88392857      466        22        
8.71360118      0.90178571      501        22        
8.72047803      0.82142857      460        24        
8.72735468      0.82738095      442        24        
8.73423132      0.86011905      480        24        
8.74110818      0.86607143      484        24        
8.74798482      0.82142857      438        22        
8.75486167      0.82440476      439        22        
8.76106297      0.82738095      444        24        
8.76793962      0.82142857      449        22        
8.77481647      0.82738095      442        24        
8.78169312      0.79464286      438        27        
8.78856976      0.84821429      463        22        
8.79544661      0.83035714      451        22        
8.80232326      0.83035714      435        25        
8.80920011      0.83630952      452        22        
8.81607676      0.83333333      445        20        
8.82295341      0.82440476      444        22        
8.82983026      0.81547619      435        35        
8.83670690      0.79761905      437        31        
8.84358355      0.84226190      442        35        
8.85046040      0.82440476      447        22        
8.85733705      0.81845238      437        20        
8.86421370      0.87797619      469        18        
8.87109055      0.86607143      464        18        
8.87796719      0.82142857      438        24        
8.88484405      0.87202381      468        24        
8.89172069      0.83630952      446        22        
8.89859734      0.86607143      464        24        
8.90547419      0.88392857      465        26        
8.91235084      0.83928571      445        26        
8.91922748      0.88988095      473        24        
8.92610434      0.79464286      408        35        
8.93298098      0.80654762      427        30        
8.93985763      0.82738095      430        36        
8.94673448      0.76785714      407        24        
8.95361113      0.83035714      455        26        
8.96048777      0.82440476      438        26        
8.96736463      0.83035714      425        26        
8.97424127      0.82440476      442        26        
8.98111813      0.82440476      439        22        
8.98799477      0.87202381      470        22        
8.99487142      0.86309524      453        22        
9.00174827      0.81250000      423        20        
9.00862492      0.83333333      444        22        
9.01550156      0.82142857      437        24        
9.02237842      0.81845238      436        20        
9.02925506      0.79761905      433        20        
9.03613171      0.80357143      432        20        
9.04300856      0.83928571      438        22        
9.04988521      0.84821429      452        22        
9.05676206      0.85714286      459        31        
9.06363871      0.83928571      451        22        
9.07051535      0.82738095      442        22        
9.07739220      0.80357143      433        16        
9.08426885      0.82738095      443        22        
9.09114550      0.82738095      438        28        
9.09802235      0.84226190      449        28        
9.10489899      0.87797619      460        30        
9.11177564      0.82738095      437        26        
9.11865249      0.82440476      440        20        
9.12552914      0.81250000      442        18        
9.13240599      0.81250000      434        27        
9.13861892      0.86607143      454        31        
9.14549556      0.80654762      439        22        
9.15237242      0.82142857      441        22        
9.15924906      0.87797619      465        22        
9.16612571      0.82738095      439        31        
9.17300256      0.84226190      447        33        
9.17987921      0.84226190      459        20        
9.18675606      0.85416667      451        22        
9.19363271      0.87797619      460        22        
9.20050935      0.82738095      444        16        
9.20738621      0.80059524      437        16        
9.21426285      0.79464286      432        24        
9.22113950      0.83928571      446        20        
9.22801635      0.78869048      419        16        
9.23489300      0.83035714      458        18        
9.24176964      0.80059524      454        18        
9.24864650      0.80952381      438        18        
9.25552314      0.85714286      465        14        
9.26240000      0.88690476      489        20        
9.26927664      0.80059524      438        16        
9.27615329      0.82440476      443        16        
9.28303014      0.82738095      450        16        
9.28990679      0.79166667      428        16        
9.29678343      0.79464286      432        16        
9.30366029      0.77083333      426        16        
9.31053693      0.80952381      439        18        
9.31741358      0.79761905      429        20        
9.32429043      0.85119048      449        26        
9.33116708      0.86309524      462        22        
9.33804372      0.86607143      467        25        
9.34492057      0.83630952      441        24        
9.35179722      0.86309524      462        20        
9.35867407      0.81547619      433        20        
9.36555072      0.81845238      421        26        
9.37242737      0.80357143      428        26        
9.37930422      0.83035714      432        26        
9.38618086      0.81845238      430        22        
9.39305751      0.83928571      453        22        
9.39993436      0.87797619      459        43        
9.40681101      0.85416667      454        31        
9.41368765      0.77976190      406        24        
9.42056451      0.86607143      457        20        
9.42744115      0.83035714      440        20        
9.43431801      0.81845238      450        20        
9.44119465      0.85416667      461        26        
9.44807130      0.78869048      423        26        
9.45494815      0.82142857      439        20        
9.46182480      0.84523810      462        27        
9.46870144      0.89583333      485        20        
9.47557830      0.86904762      459        20        
9.48245494      0.84523810      454        22        
9.48933159      0.86904762      461        22        
9.49620844      0.86309524      482        20        
9.50308509      0.77678571      417        22        
9.50996194      0.82142857      454        20        
9.51588683      0.78571429      411        24        
