   0.00589         0         0         0        0.00000
   0.01205         0         0         0        0.00000
   0.01210         0         0         0        0.00000
   0.01834         0         0         0        0.00000
   0.01869         0         0         0        0.00000
   0.02503         0         0         0        0.00000
   0.02571         0         0         0        0.00000
   0.03218         0         0         0        0.00000
   0.03331         0         0         0        0.00000
   0.03984         0         0         0        0.00000
   0.04510         0         0         0        0.00000
   0.05169         0         0         0        0.00000
   0.05731         0         0         0        0.00000
   0.06398         8         0         0        0.01190
   0.07065         0         0         0        0.00000
   0.07428         0         0         0        0.00595
   0.08103        12         0         0        0.01786
   0.08778         8         0         0        0.03869
   0.09453         4         0         0        0.00595
   0.09640         4         0         0        0.00595
   0.10330        41        17         0        0.08036
   0.11021        43        33         0        0.12500
   0.11711        63        45         0        0.17262
   0.12402        75        39         1        0.16964
   0.13093        61        56         0        0.16964
   0.13783        38        82         0        0.24405
   0.14474        54        54         0        0.18155
   0.15164        58        81         1        0.23512
   0.15855        82        49         0        0.19048
   0.16545        99        71         1        0.26786
   0.17236       100        80         0        0.27976
   0.17926        95        53         0        0.22619
   0.18617        74        81         2        0.23214
   0.19307        85        57         0        0.22619
   0.19998        94        63         1        0.30357
   0.20688        92        73         1        0.23810
   0.21379        93        86         1        0.28869
   0.22070        92        88         0        0.25893
   0.22760       106        62         0        0.25000
   0.23451       127       108         1        0.33036
   0.24141       116        81         0        0.25298
   0.24832       102       123         0        0.27679
   0.25522        80       161         0        0.30060
   0.26213        97       116         0        0.32440
   0.26903       104       104         1        0.34524
   0.27594        90       102         0        0.29167
   0.28284        68       128         0        0.31250
   0.28975        94       160         0        0.40179
   0.29665        81       163         0        0.38690
   0.30356        88       203         0        0.45238
   0.31047        87       212         1        0.42857
   0.31737        84       182         1        0.40774
   0.32428        88       190         0        0.43452
   0.33118        63       183         0        0.38393
   0.33809        78       159         0        0.37798
   0.34499       110       249         0        0.47321
   0.35190        82       215         0        0.51786
   0.35880        89       204         0        0.47024
   0.36571        84       159         0        0.44048
   0.37261        69       224         0        0.47024
   0.37952        84       235         0        0.54167
   0.38642       108       249         0        0.59226
   0.39333       103       255         0        0.56548
   0.40024       110       241         1        0.57738
   0.40714        85       222         0        0.54762
   0.41405        82       213         1        0.47917
   0.42095       111       180         0        0.50893
   0.42786        95       220         0        0.50595
   0.43476       121       250         0        0.55655
   0.44167        81       246         0        0.52083
   0.44857        63       247         0        0.52381
   0.45548        61       174         0        0.41667
   0.46238        65       218         0        0.48214
   0.46929        78       197         0        0.49702
   0.47608        88       230         0        0.56845
   0.48298        87       258         0        0.54464
   0.48989        73       280         0        0.57738
   0.49679        78       313         0        0.55655
   0.50370        76       281         1        0.58036
   0.51060        53       308         0        0.57738
   0.51751        62       253         0        0.51488
   0.52441        65       240         0        0.54167
   0.53132        80       254         0        0.57440
   0.53822        72       275         0        0.57440
   0.54513        86       288         0        0.56548
   0.55204        87       299         0        0.62798
   0.55894        78       308         0        0.58631
   0.56585        88       327         0        0.62798
   0.57275        75       266         1        0.57440
   0.57966        93       295         0        0.58631
   0.58656        78       313         0        0.58929
   0.59347        79       258         0        0.55060
   0.60037        67       241         0        0.53274
   0.60728        89       284         0        0.61607
   0.61418        81       255         0        0.54464
   0.62109        75       254         1        0.48512
   0.62799        91       263         0        0.49702
   0.63490        78       257         1        0.52083
   0.64181        74       257         0        0.52976
   0.64871        71       235         0        0.54464
   0.65562        72       216         0        0.51488
   0.66252        80       290         0        0.57143
   0.66943        96       252         0        0.51488
   0.67633        75       241         0        0.48512
   0.68324        70       299         0        0.52679
   0.69014        67       231         0        0.54464
   0.69705        97       212         0        0.52381
   0.70395        83       256         0        0.54762
   0.71086       114       232         1        0.52381
   0.71776        66       273         0        0.54762
   0.72467       100       255         0        0.53571
   0.73158       128       228         0        0.57143
   0.73848        81       244         0        0.50893
   0.74539       111       295         0        0.52679
   0.75229        87       261         0        0.56250
   0.75920       101       304         0        0.58333
   0.76610       107       256         0        0.53571
   0.77301        97       265         0        0.52381
   0.77991       112       314         0        0.58631
   0.78682        97       221         0        0.56250
   0.79372        90       218         0        0.49405
   0.80063       121       261         0        0.56548
   0.80753       111       247         0        0.55655
   0.81444       134       269         0        0.59524
   0.82134       153       242         0        0.59226
   0.82825       113       306         0        0.59524
   0.83516       107       256         0        0.54167
   0.84206       111       255         0        0.58929
   0.84897       107       294         0        0.61012
   0.85562       134       264         0        0.59524
   0.86253       138       275         0        0.64583
   0.86943       122       267         0        0.62798
   0.87634       115       303         0        0.63393
   0.88325       127       254         0        0.61310
   0.89015       121       232         0        0.62202
   0.89706       105       300         0        0.64286
   0.90396       126       272         0        0.61905
   0.91087       108       255         0        0.56548
   0.91777       119       241         0        0.57440
   0.92468       124       264         0        0.59821
   0.93158       102       208         0        0.51786
   0.93849       125       293         0        0.62798
   0.94539       118       249         0        0.57440
   0.95230       134       294         0        0.58333
   0.95920       103       247         0        0.52976
   0.96611       150       220         0        0.54464
   0.97302       163       237         0        0.59821
   0.97992       149       249         0        0.58929
   0.98683       129       242         0        0.55952
   0.99373       137       271         0        0.55655
   1.00064       130       231         0        0.58333
   1.00754       132       240         0        0.59821
   1.01445       134       289         0        0.56548
   1.02135       112       294         0        0.60119
   1.02826       109       250         0        0.52679
   1.03516        89       272         0        0.55655
   1.04207       101       272         0        0.58036
   1.04897       133       270         0        0.55060
   1.05588       147       287         0        0.56548
   1.06279       143       246         0        0.57143
   1.06969       173       224         0        0.58333
   1.07660       155       249         0        0.57738
   1.08350       157       260         0        0.61607
   1.09041       151       254         0        0.55655
   1.09731       177       286         0        0.63988
   1.10422       150       238         0        0.59524
   1.11112       174       235         1        0.62500
   1.11803       172       252         0        0.63690
   1.12493       114       218         1        0.60119
   1.13184       143       274         1        0.63095
   1.13874       138       231         1        0.60417
   1.14565       171       243         0        0.54762
   1.15256       167       209         1        0.60714
   1.15946       147       227         1        0.59821
   1.16637       172       222         0        0.60417
   1.17327       165       220         0        0.56845
   1.18018       153       226         0        0.55952
   1.18708       128       266         0        0.63095
   1.19399       134       220         0        0.58036
   1.20089       126       274         0        0.55655
   1.20780       133       261         0        0.58929
   1.21470       164       283         0        0.59226
   1.22161       144       225         0        0.58631
   1.22851       126       251         0        0.60119
   1.23542       167       325         0        0.65476
   1.23572       158       299         0        0.65476
   1.24262       127       296         0        0.66964
   1.24953       154       279         0        0.66667
   1.25643       173       281         0        0.65179
   1.26334       150       269         0        0.66071
   1.27024       167       314         0        0.67262
   1.27715       150       245         0        0.63988
   1.28405       127       271         0        0.61310
   1.29096       150       310         0        0.68452
   1.29787       167       285         0        0.68155
   1.30477       135       269         0        0.62798
   1.31168       149       255         0        0.58036
   1.31858       127       278         0        0.66071
   1.32549       127       337         0        0.69643
   1.33239       146       274         0        0.66071
   1.33930       118       267         0        0.63393
   1.34620       127       290         0        0.59524
   1.35311       130       270         0        0.63095
   1.36001       173       286         0        0.64583
   1.36692       117       292         0        0.64881
   1.37382       147       280         0        0.66369
   1.38073       111       279         0        0.66369
   1.38763       132       289         0        0.62500
   1.39454       136       314         0        0.71131
   1.40145       157       251         0        0.63690
   1.40835       158       258         0        0.61012
   1.41526       134       258         0        0.63393
   1.42216       139       242         0        0.59821
   1.42907       173       273         0        0.65476
   1.43597       140       287         0        0.63988
   1.44288       115       256         0        0.63393
   1.44978       138       237         0        0.62202
   1.45669       113       317         0        0.65179
   1.46359        92       318         0        0.64286
   1.47050       169       305         0        0.63095
   1.47741       127       273         0        0.65476
   1.48431       145       331         0        0.67262
   1.49122       105       351         0        0.66964
   1.49812       125       293         0        0.60417
   1.50503        88       355         0        0.67262
   1.51193       117       312         0        0.58631
   1.51884       137       309         0        0.64286
   1.52574       133       300         0        0.58929
   1.53265       141       317         0        0.66071
   1.53955       136       284         0        0.65774
   1.54646       124       353         0        0.65774
   1.55336       115       322         0        0.64881
   1.56027       106       294         0        0.58929
   1.56717       130       311         0        0.63095
   1.57408       118       322         0        0.65774
   1.58099       102       293         0        0.61905
   1.58789       125       345         0        0.67262
   1.59480       131       357         0        0.66071
   1.60170       111       361         0        0.66369
   1.60861       138       323         0        0.65476
   1.61551       137       321         0        0.66071
   1.61603       164       342         0        0.69048
   1.62294       128       284         0        0.64881
   1.62984       100       345         0        0.62798
   1.63675       138       402         0        0.68750
   1.64365       120       318         0        0.62798
   1.65056       117       309         0        0.66369
   1.65747       155       294         0        0.67262
   1.66437       142       343         0        0.68750
   1.67128       145       351         0        0.68452
   1.67818       135       330         0        0.66964
   1.68509       150       355         0        0.71726
   1.69199       135       367         0        0.71131
   1.69890       154       323         0        0.69643
   1.70580       129       299         0        0.70833
   1.71271       131       297         0        0.68452
   1.71961        99       366         0        0.73214
   1.72652       118       320         0        0.67262
   1.73342       101       382         0        0.65476
   1.74033       156       306         0        0.61310
   1.74724       121       399         0        0.65774
   1.75414       116       329         0        0.60417
   1.76105       139       303         0        0.59821
   1.76795       121       365         0        0.62798
   1.77486       108       315         0        0.54464
   1.78176       119       288         0        0.64583
   1.78867       136       350         0        0.67857
   1.79557       115       298         0        0.64286
   1.80248       111       315         0        0.61905
   1.80938       132       298         0        0.63690
   1.81629       113       311         0        0.63690
   1.82319       120       309         0        0.62202
   1.83010       101       298         0        0.61905
   1.83701       117       307         0        0.60119
   1.84391       136       294         0        0.64583
   1.85082       139       292         0        0.60417
   1.85772       129       318         0        0.64286
   1.86463       129       246         0        0.64286
   1.87153       142       283         0        0.66964
   1.87844       119       344         0        0.67857
   1.88534       118       301         0        0.69048
   1.89225        94       332         0        0.67857
   1.89915       115       292         0        0.68452
   1.90606       107       359         0        0.66071
   1.91296       109       369         0        0.70833
   1.91987       135       307         0        0.63690
   1.92678       113       283         0        0.61310
   1.93368       139       264         0        0.62500
   1.94059       119       330         0        0.71131
   1.94749       136       299         0        0.69643
   1.95440       146       256         0        0.63988
   1.96130       136       287         0        0.63095
   1.96821       148       294         0        0.60714
   1.97511       153       285         0        0.63690
   1.98202       117       364         0        0.68750
   1.98892       136       341         0        0.65774
   1.99583       124       384         0        0.69048
   1.99618       107       388         0        0.69345
   2.00308       119       312         0        0.66071
   2.00999       123       392         0        0.67262
   2.01689       131       366         0        0.67262
   2.02380       115       355         0        0.67857
   2.03070       149       325         0        0.74405
   2.03761       101       370         0        0.63393
   2.04452       109       392         0        0.69048
   2.05142       155       314         0        0.68750
   2.05833       130       341         0        0.64881
   2.06523       123       289         0        0.61310
   2.07214       121       300         0        0.62500
   2.07904       128       367         0        0.69048
   2.08595       104       291         0        0.63393
   2.09285       136       321         0        0.64881
   2.09976       117       310         0        0.61012
   2.10666       109       242         0        0.57440
   2.11357       104       332         0        0.63690
   2.12047       137       339         0        0.68155
   2.12738       118       305         0        0.61012
   2.13429        97       307         0        0.62500
   2.14119       106       324         0        0.63690
   2.14810       122       318         0        0.67262
   2.15500       140       325         0        0.62202
   2.16191       140       338         0        0.65179
   2.16881       115       299         0        0.59226
   2.17572       143       277         0        0.61012
   2.18262       160       290         0        0.61607
   2.18953       151       302         0        0.64286
   2.19643       140       263         0        0.58333
   2.20334       156       288         0        0.63393
   2.21024       123       299         0        0.61905
   2.21715       109       282         0        0.55060
   2.22406       132       311         0        0.62202
   2.23096       151       336         0        0.63393
   2.23787        98       319         0        0.61607
   2.24477       126       298         0        0.61310
   2.25168       109       344         0        0.65774
   2.25858       132       372         0        0.70833
   2.26549       113       358         0        0.69345
   2.27239       140       337         0        0.68155
   2.27930       173       318         0        0.68452
   2.28620       186       322         0        0.67262
   2.29311       148       365         0        0.66369
   2.30001       115       343         0        0.69048
   2.30692       108       368         0        0.64583
   2.31383       120       375         0        0.71726
   2.32073       133       309         0        0.66369
   2.32764       159       338         3        0.72024
   2.33454       144       393         0        0.72321
   2.34145       118       344         0        0.66667
   2.34835       116       357         0        0.71131
   2.35526        85       362         0        0.65774
   2.36216       102       390         0        0.73214
   2.36907       134       331         0        0.67262
   2.37597        84       370         0        0.69643
   2.37666        83       381         0        0.67857
   2.38356       107       375         0        0.69048
   2.39047        96       367         0        0.71131
   2.39737       111       340         0        0.67857
   2.40428       118       352         0        0.69048
   2.41118        95       379         0        0.72619
   2.41809       111       378         0        0.71726
   2.42499       125       388         0        0.68750
   2.43190       124       370         0        0.66071
   2.43880       105       412         0        0.69940
   2.44571        86       375         0        0.69048
   2.45261       129       364         0        0.69643
   2.45952       106       398         0        0.76488
   2.46643       123       421         0        0.70536
   2.47333       102       412         0        0.72321
   2.48024       110       368         0        0.71131
   2.48714       112       392         0        0.67560
   2.49405        99       393         0        0.68750
   2.50095        91       417         0        0.72917
   2.50786       135       371         0        0.71726
   2.51476       107       373         0        0.64583
   2.52167       112       369         0        0.69048
   2.52857       101       327         0        0.67560
   2.53548       103       381         0        0.69940
   2.54238       103       394         0        0.71726
   2.54929       123       375         0        0.70833
   2.55620       109       413         0        0.75595
   2.56310       124       401         0        0.70833
   2.57001       102       389         0        0.75595
   2.57691       122       393         0        0.72917
   2.58382       104       431         0        0.75000
   2.59072       109       410         0        0.75000
   2.59763       120       331         0        0.68452
   2.60453       110       329         0        0.67560
   2.61144       107       389         0        0.70238
   2.61834        89       337         0        0.69345
   2.62525        94       390         0        0.73214
   2.63215       128       318         0        0.68155
   2.63906       115       314         0        0.67857
   2.64597       124       359         0        0.71726
   2.65287       108       353         0        0.74405
   2.65978       105       342         0        0.68452
   2.66668       111       325         0        0.66667
   2.67359       117       397         0        0.72619
   2.68049       110       322         0        0.68452
   2.68740       139       365         0        0.70536
   2.69430       131       318         0        0.71131
   2.70121       110       317         0        0.69048
   2.70811        95       351         0        0.74107
   2.71502       117       331         0        0.72321
   2.72192       145       361         0        0.72619
   2.72883       139       312         0        0.72024
   2.73574       151       355         0        0.74107
   2.74264       121       370         0        0.73214
   2.74955       122       370         0        0.73810
   2.75645       135       398         0        0.74702
   2.75786       156       368         0        0.71726
   2.76477       117       325         0        0.67857
   2.77168       113       341         0        0.66964
   2.77858       131       355         0        0.72619
   2.78549       119       356         0        0.75000
   2.79239       100       341         0        0.72024
   2.79930        90       351         0        0.73512
   2.80620       111       348         0        0.75893
   2.81311       144       381         0        0.77083
   2.82001        91       354         0        0.71726
   2.82692        91       330         0        0.71131
   2.83382       102       349         0        0.67560
   2.84073        98       326         0        0.72619
   2.84763       119       348         0        0.72917
   2.85454       125       339         0        0.70536
   2.86145       115       336         0        0.74405
   2.86835       109       392         0        0.74405
   2.87526       133       347         0        0.70238
   2.88216       146       386         0        0.72917
   2.88907        95       334         1        0.70833
   2.89597       130       363         0        0.69345
   2.90288       110       340         0        0.73810
   2.90978       123       309         0        0.70238
   2.91669       103       324         1        0.70536
   2.92359       115       344         0        0.73512
   2.93050       109       379         0        0.72619
   2.93740       109       325         0        0.70536
   2.94431       131       303         0        0.70238
   2.95121        92       305         0        0.65774
   2.95812       126       349         1        0.72619
   2.96503       124       338         0        0.73810
   2.97193       102       386         0        0.75893
   2.97884       119       423         0        0.73214
   2.98574       123       366         0        0.70536
   2.99265       117       327         0        0.69048
   2.99955       118       312         0        0.71726
   3.00646       103       337         0        0.72619
   3.01336       113       309         0        0.69643
   3.02027       137       360         0        0.73810
   3.02717       103       362         0        0.76190
   3.03408       125       409         0        0.73214
   3.04098       115       349         0        0.77976
   3.04789       126       385         0        0.69940
   3.05480       111       372         0        0.75000
   3.06170       124       329         0        0.70238
   3.06861       125       323         0        0.70536
   3.07551       127       371         0        0.77083
   3.08242       101       384         0        0.73512
   3.08932       125       407         0        0.75298
   3.09623       128       450         0        0.76190
   3.10313       119       383         0        0.73810
   3.11004       128       393         0        0.73810
   3.11694       106       351         0        0.68452
   3.12385       114       351         0        0.69643
   3.13075        98       325         0        0.67262
   3.13766        98       344         0        0.68155
   3.13871       135       360         0        0.69643
   3.14562       133       320         0        0.72917
   3.15252       102       380         0        0.74702
   3.15943       107       357         0        0.70238
   3.16634       103       376         0        0.70833
   3.17324       100       335         0        0.71726
   3.18015        98       313         0        0.70833
   3.18705       114       358         0        0.67262
   3.19396       124       288         0        0.67857
   3.20086       133       290         0        0.63095
   3.20777       116       302         0        0.63393
   3.21467       106       347         0        0.63095
   3.22158       118       316         0        0.67262
   3.22848       111       322         0        0.68750
   3.23539       123       316         0        0.69048
   3.24229        96       325         0        0.67262
   3.24920       128       329         0        0.66369
   3.25611       114       340         0        0.67262
   3.26301       121       335         0        0.67560
   3.26992       140       275         0        0.68750
   3.27682       103       331         0        0.69048
   3.28373       105       368         0        0.74702
   3.29063       131       331         0        0.68452
   3.29754       139       353         0        0.71726
   3.30444       132       324         0        0.71429
   3.31135       122       310         0        0.68452
   3.31825       130       307         0        0.65476
   3.32516       141       323         0        0.70238
   3.33206       121       314         0        0.66964
   3.33897       102       353         0        0.73214
   3.34588       113       334         0        0.69048
   3.35278       120       291         0        0.67262
   3.35969       102       343         0        0.68452
   3.36659       125       315         0        0.68750
   3.37350       130       335         0        0.71726
   3.38040       115       341         0        0.70536
   3.38731       134       322         0        0.66667
   3.39421        93       314         0        0.62202
   3.40112       104       337         0        0.67560
   3.40802       112       350         0        0.65774
   3.41493        92       324         0        0.68452
   3.42183        85       353         0        0.64583
   3.42874       114       374         0        0.72619
   3.43565        98       352         0        0.68452
   3.44255       107       353         0        0.66964
   3.44946       150       373         0        0.70536
   3.45636       125       329         0        0.63393
   3.46327       108       290         0        0.65774
   3.47017       145       348         0        0.67262
   3.47708       142       336         0        0.70833
   3.48398       137       345         0        0.67560
   3.49089       118       328         0        0.66667
   3.49779       111       345         0        0.69940
   3.50470       136       356         0        0.69048
   3.51160        81       337         0        0.66369
   3.51851       107       343         0        0.68155
   3.51940       111       313         0        0.65179
   3.52631       112       305         0        0.65774
   3.53322       145       338         0        0.64881
   3.54012       111       336         0        0.66071
   3.54703       103       365         0        0.69048
   3.55393       138       363         0        0.69940
   3.56084       125       422         0        0.74702
   3.56774       100       390         0        0.71131
   3.57465       116       314         0        0.65774
   3.58155       137       326         0        0.67262
   3.58846       129       317         0        0.67560
   3.59536       128       368         0        0.71726
   3.60227       129       334         0        0.71131
   3.60917        95       344         0        0.68750
   3.61608       109       312         0        0.68452
   3.62299       126       342         0        0.73512
   3.62989        95       377         0        0.71726
   3.63680       127       347         0        0.69940
   3.64370       101       326         0        0.68452
   3.65061       121       337         0        0.72321
   3.65751        98       342         0        0.66071
   3.66442       114       385         0        0.72917
   3.67132       117       381         0        0.69345
   3.67823       116       329         0        0.68750
   3.68513       123       302         0        0.65774
   3.69204       141       324         0        0.67560
   3.69894       120       297         1        0.68750
   3.70585       127       358         0        0.67560
   3.71276       108       311         0        0.65774
   3.71966       102       294         0        0.66369
   3.72657       101       357         0        0.66071
   3.73347        85       348         0        0.64881
   3.74038       124       385         0        0.72917
   3.74728        95       342         0        0.70833
   3.75419       120       405         0        0.69345
   3.76109       101       295         0        0.64286
   3.76800       116       330         0        0.65774
   3.77490       135       314         0        0.68452
   3.78181        86       358         0        0.68155
   3.78871       107       318         0        0.64286
   3.79562       103       321         0        0.62798
   3.80253        96       347         0        0.67857
   3.80943        98       352         0        0.68750
   3.81634       106       289         0        0.66369
   3.82324       159       320         0        0.69048
   3.83015       145       399         0        0.70833
   3.83705       105       395         0        0.69345
   3.84396        88       381         0        0.69345
   3.85086        97       311         0        0.61310
   3.85777       143       345         0        0.71131
   3.86467       136       331         0        0.67857
   3.87158       130       323         0        0.66071
   3.87848       145       385         0        0.67857
   3.88539       109       385         0        0.66667
   3.89229       118       358         0        0.64881
   3.89920       117       339         0        0.65179
   3.90086       128       297         0        0.65476
   3.90777       133       351         0        0.63095
   3.91467       121       332         0        0.61607
   3.92158       129       299         0        0.61607
   3.92848       129       312         0        0.65476
   3.93539       186       324         0        0.63095
   3.94229       123       349         0        0.66071
   3.94920       118       337         0        0.65476
   3.95610       120       337         0        0.63095
   3.96301       139       374         0        0.66369
   3.96991       124       337         0        0.66964
   3.97682       131       346         0        0.66964
   3.98372       105       311         0        0.63095
   3.99063       113       321         0        0.62500
   3.99754       113       339         0        0.62500
   4.00444       104       362         0        0.71429
   4.01135       116       379         0        0.68452
   4.01825       111       338         0        0.66369
   4.02516        99       384         0        0.68155
   4.03206       116       389         0        0.71726
   4.03897       105       383         0        0.73214
   4.04587       117       394         0        0.73512
   4.05278       122       365         0        0.73512
   4.05968       124       359         0        0.71726
   4.06659       113       391         0        0.69643
   4.07349       106       369         0        0.67857
   4.08040       111       332         0        0.68750
   4.08731       116       385         0        0.70536
   4.09421        98       378         0        0.73512
   4.10112       117       378         0        0.67857
   4.10802       101       368         0        0.70536
   4.11493       113       358         0        0.69643
   4.12183        96       365         0        0.69048
   4.12874       110       372         0        0.69048
   4.13564       143       338         0        0.65774
   4.14255       115       385         0        0.69940
   4.14945       140       354         0        0.69345
   4.15636       109       348         0        0.64881
   4.16326       116       332         0        0.65179
   4.17017       132       413         0        0.72917
   4.17708       150       366         0        0.67262
   4.18398       151       304         0        0.60119
   4.19089       147       319         0        0.68155
   4.19779       100       316         0        0.64881
   4.20470       128       331         0        0.65774
   4.21160       125       355         0        0.69643
   4.21851       142       354         0        0.66667
   4.22541       123       335         0        0.68750
   4.23232       111       348         0        0.68155
   4.23922       133       399         0        0.70536
   4.24613       139       366         0        0.71429
   4.25303       120       362         0        0.64881
   4.25994       105       378         0        0.67560
   4.26685       115       366         0        0.63988
   4.27375       124       351         0        0.64881
   4.28066       134       386         0        0.69643
   4.28201       125       388         0        0.70833
   4.28892       121       371         0        0.71131
   4.29582       102       397         0        0.68155
   4.30273       116       340         0        0.65179
   4.30963       115       360         0        0.70238
   4.31654       134       402         0        0.68155
   4.32344       162       369         0        0.68452
   4.33035       131       312         0        0.68452
   4.33725       106       326         0        0.65179
   4.34416       122       372         0        0.68155
   4.35106        99       348         0        0.63690
   4.35797        86       379         0        0.67560
   4.36488       106       372         0        0.71429
   4.37178       107       436         0        0.73810
   4.37869       128       394         0        0.74702
   4.38559       122       381         0        0.72917
   4.39250       106       394         0        0.72024
   4.39940       126       411         0        0.67560
   4.40631       133       385         0        0.67560
   4.41321        88       413         0        0.65179
   4.42012       111       367         0        0.69345
   4.42702       164       378         0        0.75595
   4.43393       150       438         0        0.77083
   4.44083       164       403         0        0.75000
   4.44774       135       399         0        0.72917
   4.45465       114       406         0        0.74702
   4.46155       126       434         0        0.69048
   4.46846       147       382         0        0.70238
   4.47536       160       410         0        0.74107
   4.48227       132       402         0        0.70536
   4.48917       116       388         0        0.70238
   4.49608       156       401         0        0.71726
   4.50298       162       386         0        0.70238
   4.50989       144       396         0        0.71429
   4.51679        97       420         0        0.69940
   4.52370       158       398         0        0.72321
   4.53060       179       364         0        0.68155
   4.53751       180       376         0        0.70238
   4.54442       153       382         0        0.72917
   4.55132       156       370         0        0.67262
   4.55823       157       406         0        0.71726
   4.56513       135       377         0        0.68750
   4.57204       114       408         0        0.67857
   4.57894       122       427         0        0.69940
   4.58585       135       418         0        0.70833
   4.59275       114       374         0        0.74107
   4.59966       154       434         0        0.75298
   4.60656       130       375         0        0.69940
   4.61347       128       331         0        0.68750
   4.62037       128       361         0        0.65476
   4.62728       114       395         0        0.71131
   4.63419       131       456         0        0.69940
   4.64109       110       417         0        0.71726
   4.64800       116       390         0        0.74405
   4.65490       134       374         0        0.69048
   4.66181       103       374         0        0.68750
   4.66343       122       359         0        0.70238
   4.67034       162       420         0        0.73214
   4.67724       122       386         0        0.64583
   4.68415       124       399         0        0.72024
   4.69105       127       355         0        0.68155
   4.69796       127       396         0        0.72619
   4.70486       114       341         0        0.66667
   4.71177       110       312         0        0.63988
   4.71867       109       346         0        0.69345
   4.72558       149       391         0        0.70536
   4.73249       136       360         0        0.66667
   4.73939       144       357         0        0.70238
   4.74630       106       400         0        0.72024
   4.75320       138       411         0        0.72024
   4.76011       104       423         0        0.66964
   4.76701       138       351         0        0.69345
   4.77392       151       370         0        0.73214
   4.78082       171       363         0        0.69643
   4.78773       119       356         0        0.68155
   4.79463       113       379         0        0.68452
   4.80154       133       372         0        0.69048
   4.80844       132       356         0        0.71726
   4.81535       133       338         0        0.65476
   4.82226       148       365         0        0.69940
   4.82916       125       292         0        0.65774
   4.83607       129       329         0        0.67560
   4.84297       146       390         0        0.69048
   4.84988       125       375         0        0.67857
   4.85678       133       354         0        0.66369
   4.86369       145       366         0        0.68452
   4.87059       145       348         0        0.67560
   4.87750       146       332         0        0.64583
   4.88440       149       357         0        0.68750
   4.89131       132       348         0        0.70536
   4.89821       121       380         0        0.69345
   4.90512       140       369         0        0.67857
   4.91203       132       355         0        0.70833
   4.91893       114       320         0        0.69345
   4.92584       126       340         0        0.68750
   4.93274       144       350         0        0.70833
   4.93965       131       325         0        0.66964
   4.94655       116       355         0        0.65476
   4.95346        90       361         0        0.69345
   4.96036       114       385         0        0.68750
   4.96727       104       341         0        0.63988
   4.97417       136       408         0        0.66071
   4.98108       154       433         0        0.68452
   4.98798       124       327         0        0.64583
   4.99489       131       360         0        0.70536
   5.00180       153       308         0        0.67857
   5.00870       149       342         0        0.71726
   5.01561       130       390         0        0.69048
   5.02251        96       394         0        0.67560
   5.02942       115       393         0        0.70238
   5.03632       105       338         0        0.70536
   5.04323       133       358         0        0.66964
   5.04514       148       301         0        0.64286
   5.05205       142       321         0        0.66964
   5.05895       131       343         0        0.69940
   5.06586       125       347         0        0.64583
   5.07276       142       397         0        0.70238
   5.07967       108       314         0        0.67857
   5.08657       157       411         0        0.73810
   5.09348       124       387         0        0.71726
   5.10039        87       346         0        0.64881
   5.10729       130       370         0        0.68750
   5.11420       110       394         0        0.65774
   5.12110       114       387         0        0.67857
   5.12801       134       386         0        0.66071
   5.13491       128       338         0        0.65179
   5.14182       108       383         0        0.68452
   5.14872       143       381         0        0.68750
   5.15563       145       339         0        0.70536
   5.16253       131       374         0        0.70536
   5.16944       135       395         0        0.70238
   5.17634       109       346         0        0.67857
   5.18325       127       363         0        0.68155
   5.19016       120       384         0        0.71131
   5.19706       108       366         0        0.64881
   5.20397       103       403         0        0.70833
   5.21087       110       430         0        0.74405
   5.21778       143       417         0        0.72321
   5.22468       128       343         0        0.71131
   5.23159       113       341         0        0.64286
   5.23849        92       341         0        0.65179
   5.24540       102       382         0        0.70238
   5.25230       124       353         0        0.64583
   5.25921       103       333         0        0.67857
   5.26611       122       391         0        0.70833
   5.27302       108       364         0        0.69643
   5.27993       140       324         0        0.62798
   5.28683       121       351         0        0.67560
   5.29374       131       404         0        0.67857
   5.30064       141       367         0        0.69345
   5.30755       132       352         0        0.67857
   5.31445       123       318         0        0.65476
   5.32136       123       327         0        0.66667
   5.32826       122       348         0        0.67560
   5.33517       114       399         0        0.68452
   5.34207       145       353         0        0.67857
   5.34898       135       406         0        0.71131
   5.35588       155       375         0        0.71131
   5.36279       129       374         0        0.69940
   5.36970       130       318         0        0.67560
   5.37660       131       369         0        0.69643
   5.38351       177       376         0        0.73214
   5.39041       125       413         0        0.66369
   5.39732       123       367         0        0.71131
   5.40422       101       370         0        0.65179
   5.41113       122       422         0        0.71131
   5.41803       137       424         0        0.68452
   5.42494       108       391         0        0.68452
   5.42709       107       383         0        0.69345
   5.43400       115       360         0        0.65179
   5.44090       109       389         0        0.67857
   5.44781       112       365         0        0.64286
   5.45471       115       286         0        0.66071
   5.46162       106       360         0        0.66071
   5.46852       117       387         0        0.68155
   5.47543       132       367         0        0.66071
   5.48233       139       342         0        0.72619
   5.48924       124       357         0        0.65476
   5.49615       144       381         0        0.68750
   5.50305       143       355         0        0.68155
   5.50996       124       368         0        0.65774
   5.51686       105       387         0        0.66964
   5.52377       140       374         0        0.68750
   5.53067       138       360         0        0.68750
   5.53758       147       337         0        0.72321
   5.54448       138       362         0        0.69940
   5.55139       178       346         0        0.69643
   5.55829       133       294         0        0.66964
   5.56520       135       347         0        0.69643
   5.57210       129       315         0        0.66964
   5.57901       131       327         0        0.63095
   5.58592       119       320         0        0.61607
   5.59282       135       317         0        0.67560
   5.59973       128       406         0        0.70238
   5.60663       131       409         0        0.71726
   5.61354       140       370         0        0.66071
   5.62044       123       351         0        0.63988
   5.62735       121       357         0        0.65774
   5.63425        99       398         0        0.69345
   5.64116       102       326         0        0.65476
   5.64806       150       383         0        0.66964
   5.65497       119       335         0        0.67857
   5.66187       141       347         0        0.66071
   5.66878       112       398         0        0.72619
   5.67569        98       366         0        0.69345
   5.68259        84       365         0        0.67560
   5.68950        98       420         0        0.71131
   5.69640       110       393         0        0.70833
   5.70331       119       387         0        0.63690
   5.71021        76       378         0        0.67560
   5.71712       114       362         0        0.64583
   5.72402        88       363         0        0.66369
   5.73093        99       402         0        0.65476
   5.73783       137       347         0        0.68155
   5.74474        94       391         0        0.64286
   5.75164        80       403         0        0.69940
   5.75855       114       381         0        0.68452
   5.76546       133       365         0        0.69940
   5.77236       117       415         0        0.67857
   5.77927       118       358         0        0.66667
   5.78617        97       339         0        0.67560
   5.79308        98       402         0        0.65476
   5.79998       101       411         0        0.68452
   5.80689        95       336         0        0.66964
   5.80904       103       317         0        0.65179
   5.81595        96       332         0        0.64881
   5.82286        84       333         0        0.65179
   5.82976        81       347         0        0.63095
   5.83667       102       414         0        0.68155
   5.84357        88       356         0        0.63095
   5.85048        96       361         0        0.61310
   5.85738        98       379         0        0.69345
   5.86429       112       340         0        0.65774
   5.87119        86       376         0        0.68155
   5.87810        89       398         0        0.74107
   5.88500        68       394         0        0.70536
   5.89191        75       381         0        0.70238
   5.89881        87       374         0        0.65476
   5.90572       103       394         0        0.68750
   5.91263        98       345         0        0.66369
   5.91953        75       377         0        0.67262
   5.92644        97       351         0        0.68750
   5.93334        82       382         0        0.65774
   5.94025        84       350         0        0.68155
   5.94715       104       312         0        0.62202
   5.95406       110       364         0        0.64286
   5.96096       113       357         0        0.63988
   5.96787        96       310         0        0.63690
   5.97477       102       389         0        0.67262
   5.98168       104       347         0        0.69940
   5.98858       110       369         0        0.68452
   5.99549       106       375         0        0.69048
   6.00240       106       410         0        0.65476
   6.00930        88       409         0        0.66369
   6.01621       108       373         0        0.68155
   6.02311       122       344         0        0.63690
   6.03002       117       363         0        0.69345
   6.03692       121       372         0        0.68155
   6.04383       120       389         0        0.69048
   6.05073        93       392         0        0.66964
   6.05764        86       365         0        0.61012
   6.06454       118       356         0        0.65476
   6.07145        85       351         0        0.63690
   6.07835       132       394         0        0.66964
   6.08526        93       420         0        0.66071
   6.09217       117       372         0        0.62202
   6.09907        95       320         0        0.64583
   6.10598        84       389         0        0.66964
   6.11288        96       400         0        0.66964
   6.11979       103       390         0        0.65774
   6.12669        91       377         0        0.68750
   6.13360        78       343         0        0.69345
   6.14050        89       441         0        0.70238
   6.14741        92       387         0        0.65179
   6.15431       103       422         0        0.68750
   6.16122        98       375         0        0.65774
   6.16812       103       367         0        0.67262
   6.17503        89       365         0        0.69345
   6.18194        88       395         0        0.70833
   6.18884       104       415         0        0.72619
   6.19064        73       351         0        0.67262
   6.19755        89       363         0        0.67262
   6.20445        80       364         0        0.70536
   6.21136       101       415         0        0.76190
   6.21826        92       377         0        0.65774
   6.22517       106       396         0        0.67560
   6.23207       100       437         1        0.70833
   6.23898       104       369         0        0.66964
   6.24588       112       389         0        0.73512
   6.25279        98       483         0        0.72917
   6.25970       114       436         0        0.74405
   6.26660       109       409         0        0.69940
   6.27351       130       440         0        0.71131
   6.28041       119       384         0        0.67560
   6.28732       119       400         0        0.72619
   6.29422       104       382         0        0.70536
   6.30113       138       403         0        0.72321
   6.30803       116       373         0        0.73512
   6.31494        89       408         0        0.69643
   6.32184       118       367         0        0.68750
   6.32875        78       335         0        0.68750
   6.33565        93       323         0        0.65476
   6.34256       109       353         0        0.67262
   6.34947       109       376         0        0.67857
   6.35637        83       357         0        0.66071
   6.36328        83       390         0        0.65179
   6.37018        96       398         0        0.65476
   6.37709       125       388         0        0.67262
   6.38399       124       344         0        0.61012
   6.39090       113       387         0        0.67560
   6.39780       105       379         0        0.68750
   6.40471        99       449         0        0.73214
   6.41161       101       391         0        0.66071
   6.41852        74       398         0        0.65774
   6.42542       132       408         0        0.63988
   6.43233       120       358         0        0.68452
   6.43924       119       411         0        0.68452
   6.44614       105       396         0        0.66071
   6.45305       101       375         0        0.64881
   6.45995       100       352         0        0.67857
   6.46686       108       337         0        0.66071
   6.47376       100       415         0        0.69048
   6.48067       112       404         0        0.70833
   6.48757        95       380         0        0.66369
   6.49448       108       388         0        0.66071
   6.50138       100       399         0        0.65774
   6.50829       100       422         0        0.65476
   6.51519        87       443         0        0.68750
   6.52210        73       382         0        0.66667
   6.52901        83       327         0        0.64583
   6.53591        98       415         0        0.72619
   6.54282        97       425         0        0.71726
   6.54972       102       387         0        0.71131
   6.55663       106       386         0        0.70238
   6.56353       102       386         1        0.70833
   6.57044       107       403         0        0.66071
   6.57224        97       372         0        0.64583
   6.57915       107       373         0        0.68750
   6.58605       114       377         0        0.67262
   6.59296       116       405         0        0.71726
   6.59987        78       408         0        0.69048
   6.60677       106       395         0        0.68155
   6.61368       117       360         0        0.72917
   6.62058        86       367         0        0.69345
   6.62749       104       393         0        0.71429
   6.63439        90       340         0        0.61905
   6.64130       105       420         0        0.71429
   6.64820        87       350         0        0.66667
   6.65511       109       356         0        0.65179
   6.66201        83       357         1        0.65476
   6.66892        94       371         0        0.70238
   6.67582        93       323         0        0.59226
   6.68273       101       343         0        0.66071
   6.68964        80       391         0        0.63690
   6.69654        96       378         0        0.64583
   6.70345        96       308         0        0.63690
   6.71035       100       348         0        0.62500
   6.71726        78       364         0        0.58333
   6.72416       108       339         0        0.65774
   6.73107        70       396         0        0.63988
   6.73797       102       449         0        0.70238
   6.74488        87       410         0        0.71429
   6.75178        98       317         0        0.64286
   6.75869        93       408         0        0.68750
   6.76559        75       368         0        0.66667
   6.77250        71       367         0        0.63393
   6.77941        89       365         0        0.66369
   6.78631       109       398         0        0.69345
   6.79322        89       361         0        0.64286
   6.80012       102       394         0        0.64583
   6.80703       102       388         0        0.63988
   6.81393        93       415         0        0.64286
   6.82084       111       405         0        0.64583
   6.82774        86       409         0        0.62500
   6.83465        92       404         0        0.65179
   6.84155        81       403         0        0.63690
   6.84846        71       419         0        0.63988
   6.85536       100       364         0        0.65476
   6.86227       101       335         0        0.55952
   6.86918        92       397         0        0.62500
   6.87608        91       359         0        0.65774
   6.88299        56       376         0        0.62798
   6.88989        88       383         0        0.67560
   6.89680       101       331         0        0.63988
   6.90370        75       347         0        0.64286
   6.91061        78       369         0        0.62500
   6.91751        62       357         0        0.60417
   6.92442        76       375         0        0.62202
   6.93132        83       343         0        0.62500
   6.93823        74       363         0        0.66369
   6.94513        64       383         0        0.65774
   6.95204        80       321         0        0.62798
   6.95337       101       347         0        0.60119
   6.96027        96       309         0        0.61012
   6.96718        84       357         0        0.61310
   6.97408        94       376         0        0.63690
   6.98099        93       314         0        0.57738
   6.98789        78       365         0        0.63095
   6.99480       102       356         0        0.66667
   7.00170        83       325         0        0.63988
   7.00861       107       349         0        0.64583
   7.01552        91       366         0        0.65476
   7.02242        77       305         0        0.59821
   7.02933        98       298         0        0.59226
   7.03623        81       327         0        0.58929
   7.04314       119       351         0        0.62798
   7.05004       114       310         0        0.63393
   7.05695       105       363         0        0.65476
   7.06385       100       349         0        0.63095
   7.07076       111       348         0        0.63988
   7.07766        91       387         0        0.65179
   7.08457        84       399         0        0.63690
   7.09147        62       367         0        0.63095
   7.09838       104       396         0        0.67857
   7.10529        98       359         0        0.63095
   7.11219        89       372         0        0.62500
   7.11910        71       350         0        0.62202
   7.12600        78       374         0        0.65476
   7.13291        87       390         0        0.66369
   7.13981        66       393         0        0.59821
   7.14672        76       392         0        0.66964
   7.15362        76       406         0        0.69345
   7.16053        79       410         0        0.63988
   7.16743        80       420         0        0.65774
   7.17434        75       380         0        0.61012
   7.18124        85       407         0        0.67857
   7.18815        77       402         0        0.64286
   7.19506        94       367         0        0.63690
   7.20196       105       411         0        0.66369
   7.20887        77       402         0        0.64583
   7.21577        95       354         0        0.63393
   7.22268        69       379         0        0.61012
   7.22958        76       384         0        0.58333
   7.23649        81       420         0        0.64286
   7.24339       118       322         0        0.62798
   7.25030       121       398         0        0.69940
   7.25720        73       369         0        0.65774
   7.26411       112       332         0        0.60119
   7.27101       122       326         0        0.65179
   7.27792       126       364         0        0.63988
   7.28483        90       359         1        0.64286
   7.29173        77       333         0        0.58036
   7.29864        90       339         0        0.58036
   7.30554       127       334         0        0.61012
   7.31245       100       358         0        0.62500
   7.31935       109       302         1        0.65179
   7.32626       116       359         1        0.62798
   7.33316       116       335         0        0.62202
   7.33362        99       355         0        0.61012
   7.34052        90       381         0        0.61607
   7.34743        82       337         0        0.62202
   7.35434        87       319         0        0.61607
   7.36124        99       411         0        0.68452
   7.36815        92       307         1        0.58929
   7.37505        83       352         0        0.67560
   7.38196       134       347         0        0.64583
   7.38886       141       320         0        0.65179
   7.39577        98       366         0        0.66071
   7.40267        95       348         0        0.65179
   7.40958       103       299         0        0.63095
   7.41648       131       339         0        0.64881
   7.42339       118       331         0        0.63095
   7.43029       105       365         0        0.62202
   7.43720       108       376         0        0.66667
   7.44411       121       383         0        0.70833
   7.45101       126       394         0        0.67857
   7.45792       122       389         0        0.69940
   7.46482       143       369         0        0.67262
   7.47173       109       321         0        0.66667
   7.47863       118       332         0        0.69643
   7.48554        94       342         0        0.68452
   7.49244       133       338         0        0.66964
   7.49935       117       338         0        0.66369
   7.50625       117       351         0        0.69345
   7.51316       116       339         0        0.65476
   7.52006       103       325         0        0.66369
   7.52697       117       352         0        0.67857
   7.53388       132       351         0        0.66369
   7.54078        99       400         0        0.69048
   7.54769       103       349         0        0.71429
   7.55459       120       368         0        0.67857
   7.56150        98       342         0        0.64881
   7.56840        87       334         0        0.67262
   7.57531        94       354         0        0.68452
   7.58221       117       353         0        0.68750
   7.58912       109       343         0        0.65774
   7.59602        95       367         0        0.70238
   7.60293       108       344         0        0.69048
   7.60983       105       366         0        0.67857
   7.61674        92       331         0        0.69940
   7.62365        98       343         0        0.70833
   7.63055        97       371         0        0.74405
   7.63746       118       351         0        0.70536
   7.64436       112       355         0        0.68452
   7.65127        83       330         0        0.68750
   7.65817        89       329         0        0.65476
   7.66508        88       303         0        0.66369
   7.67198       109       372         0        0.71429
   7.67889       114       361         0        0.68452
   7.68579       101       377         0        0.69940
   7.69270        97       335         0        0.65179
   7.69960       102       354         0        0.72024
   7.70651       132       358         0        0.68750
   7.71341       110       359         0        0.69345
   7.71436       106       339         0        0.71429
   7.72126       116       368         0        0.69940
   7.72817        79       355         0        0.71726
   7.73507       108       391         0        0.72619
   7.74198        90       368         0        0.69345
   7.74889       108       387         0        0.69048
   7.75579       109       391         0        0.74107
   7.76270        89       371         0        0.73512
   7.76960       109       380         0        0.69940
   7.77651       108       386         0        0.72024
   7.78341       120       374         0        0.72917
   7.79032       100       306         0        0.69643
   7.79722        92       366         0        0.66071
   7.80413       100       356         0        0.69048
   7.81103       127       346         0        0.67857
   7.81794       147       372         0        0.71131
   7.82484       126       345         0        0.70238
   7.83175       142       377         0        0.70238
   7.83865       150       357         0        0.67262
   7.84556       148       320         0        0.67560
   7.85247       149       343         0        0.65476
   7.85937       133       348         0        0.67560
   7.86628       142       386         1        0.69345
   7.87318       137       370         1        0.72619
   7.88009       142       373         0        0.71726
   7.88699       129       335         0        0.73214
   7.89390       122       379         0        0.69940
   7.90080       136       339         0        0.70238
   7.90771       103       367         0        0.66369
   7.91461       138       321         0        0.72321
   7.92152       140       346         1        0.72024
   7.92843       144       316         0        0.67560
   7.93533       142       328         0        0.70238
   7.94224       132       307         1        0.68750
   7.94914       139       363         0        0.70536
   7.95605       134       327         0        0.68452
   7.96295       105       369         0        0.69345
   7.96986       137       337         0        0.71131
   7.97676       100       315         0        0.68452
   7.98367       149       359         0        0.71131
   7.99057       117       331         0        0.70238
   7.99748       146       357         0        0.67857
   8.00438        88       323         0        0.67262
   8.01129       111       367         0        0.71131
   8.01819        72       381         0        0.67857
   8.02510       107       344         0        0.70536
   8.03201       120       356         0        0.69048
   8.03891       117       344         0        0.69940
   8.04582       135       385         0        0.69643
   8.05272       124       363         0        0.71131
   8.05963       122       339         0        0.68452
   8.06653       122       337         0        0.70238
   8.07344       115       362         1        0.74107
   8.08034       107       334         0        0.70238
   8.08725       100       372         0        0.71131
   8.09415       106       371         0        0.75893
   8.09591       109       411         0        0.72321
   8.10281       110       338         0        0.69940
   8.10972       127       362         0        0.67857
   8.11663       149       384         0        0.72619
   8.12353        92       390         0        0.70238
   8.13044        91       335         0        0.67262
   8.13734        74       333         0        0.63393
   8.14425        78       352         0        0.70833
   8.15115        69       377         0        0.69048
   8.15806        74       385         0        0.69940
   8.16496        86       420         0        0.66667
   8.17187        82       359         0        0.67560
   8.17877        74       382         0        0.69345
   8.18568        89       419         0        0.68750
   8.19258        71       410         0        0.68452
   8.19949        90       360         0        0.67857
   8.20640       116       375         0        0.65179
   8.21330        95       385         0        0.68452
   8.22021        90       403         0        0.66964
   8.22711        96       382         0        0.68452
   8.23402        73       327         0        0.61905
   8.24092        79       357         0        0.64286
   8.24783        70       335         0        0.63393
   8.25473        87       407         0        0.66964
   8.26164        99       371         0        0.69048
   8.26854       106       353         0        0.70238
   8.27545        90       365         0        0.66964
   8.28235        92       380         0        0.64583
   8.28926        89       363         0        0.65476
   8.29617       127       344         0        0.70238
   8.30307        96       358         0        0.69048
   8.30998       118       397         0        0.66071
   8.31688        93       403         0        0.67560
   8.32379        97       339         0        0.66369
   8.33069       121       361         0        0.68750
   8.33760       102       341         0        0.69048
   8.34450       136       353         0        0.69940
   8.35141       139       344         0        0.68750
   8.35831       119       307         0        0.68452
   8.36522        99       337         0        0.69048
   8.37212       114       322         0        0.71726
   8.37903       142       353         0        0.73810
   8.38594       119       377         0        0.71429
   8.39284       114       334         0        0.69940
   8.39975       113       361         0        0.68155
   8.40665       124       360         0        0.75298
   8.41356        99       373         0        0.72024
   8.42046       127       334         0        0.73214
   8.42737       136       369         0        0.74405
   8.43427       119       417         0        0.72321
   8.44118       123       334         0        0.69345
   8.44808       116       361         0        0.67560
   8.45499       129       365         0        0.70238
   8.46189       120       349         0        0.72024
   8.46880       124       391         0        0.75000
   8.47571       101       363         0        0.64881
   8.47777       115       418         0        0.66667
   8.48467       107       351         0        0.66369
   8.49158       105       363         0        0.68155
   8.49848       116       328         0        0.69940
   8.50539       125       316         0        0.68452
   8.51229        95       314         0        0.67262
   8.51920       125       416         0        0.77083
   8.52610        85       374         0        0.70536
   8.53301       107       353         0        0.68155
   8.53991       119       350         0        0.73214
   8.54682       105       339         0        0.71429
   8.55373       110       368         0        0.69940
   8.56063       116       352         0        0.73512
   8.56754       112       390         0        0.71131
   8.57444       120       376         0        0.70833
   8.58135       132       370         0        0.74405
   8.58825       126       368         0        0.72024
   8.59516       119       352         0        0.67857
   8.60206       118       300         0        0.68452
   8.60897       141       356         0        0.70833
   8.61587       127       383         0        0.74107
   8.62278       152       374         0        0.75000
   8.62968       135       380         0        0.71726
   8.63659       118       432         0        0.72619
   8.64350       122       330         0        0.70238
   8.65040       128       361         0        0.71429
   8.65731       101       351         0        0.65179
   8.66421       139       359         0        0.65179
   8.67112       115       358         0        0.69048
   8.67802       136       345         0        0.74405
   8.68493       140       370         0        0.75595
   8.69183       127       382         0        0.72024
   8.69874       125       355         0        0.75000
   8.70564       146       344         0        0.73512
   8.71255       121       334         0        0.69048
   8.71945       122       335         0        0.70536
   8.72636       114       344         0        0.68750
   8.73327       136       358         0        0.71429
   8.74017       138       343         0        0.73810
   8.74708       122       321         0        0.75298
   8.75398       117       341         0        0.73512
   8.76089       112       338         0        0.70536
   8.76779       123       341         0        0.71429
   8.77470       130       393         0        0.75000
   8.78160       124       389         0        0.73810
   8.78851       147       354         0        0.74405
   8.79541       117       349         0        0.75000
   8.80232       115       358         0        0.72321
   8.80922       119       367         0        0.72917
   8.81613       100       364         0        0.70833
   8.82303       118       302         0        0.71131
   8.82994       131       344         0        0.74702
   8.83685       127       344         0        0.71429
   8.84375       121       338         0        0.72619
   8.85066       118       351         0        0.72917
   8.85756       118       346         0        0.72917
   8.86004       129       347         0        0.75000
   8.86694       128       370         0        0.72024
   8.87385       126       296         0        0.70833
   8.88075       136       386         0        0.74405
   8.88766       112       340         0        0.72619
   8.89456       125       334         0        0.73512
   8.90147       118       330         0        0.70238
   8.90837       113       361         0        0.74107
   8.91528       119       375         0        0.71429
   8.92218       111       341         0        0.73810
   8.92909       118       379         0        0.73512
   8.93600       143       385         0        0.70833
   8.94290        97       356         0        0.69048
   8.94981       152       386         0        0.74107
   8.95671       115       427         0        0.73810
   8.96362       121       333         0        0.72917
   8.97052       122       331         0        0.69048
   8.97743       127       384         0        0.74107
   8.98433       125       366         0        0.72917
   8.99124       110       355         0        0.69940
   8.99814       140       373         0        0.72619
   9.00505        95       342         0        0.70238
   9.01195       116       315         0        0.72321
   9.01886       140       375         0        0.72321
   9.02577       104       372         0        0.71429
   9.03267       112       412         0        0.69940
   9.03958       112       388         0        0.72024
   9.04648       104       388         0        0.72619
   9.05339       122       356         0        0.72619
   9.06029       120       352         0        0.69643
   9.06720       112       383         0        0.73512
   9.07410       119       352         0        0.70833
   9.08101       134       413         0        0.71726
   9.08791       127       383         0        0.73214
   9.09482       124       370         0        0.71131
   9.10172       123       351         0        0.69940
   9.10863       118       332         0        0.67857
   9.11554       113       351         0        0.67560
   9.12244       106       329         0        0.66964
   9.12935        92       352         0        0.66369
   9.13625       125       355         0        0.69048
   9.14316       101       293         0        0.66667
   9.15006       123       308         0        0.66667
   9.15697       145       339         0        0.71131
   9.16387       133       346         0        0.72917
   9.17078       129       338         0        0.73214
   9.17768       119       305         0        0.67857
   9.18459       129       287         0        0.64583
   9.19149       125       336         0        0.73810
   9.19840       101       334         0        0.70833
   9.20531       108       362         0        0.69643
   9.21221       115       376         0        0.68155
   9.21912       101       335         0        0.65774
   9.22602       117       368         0        0.69643
   9.23293       118       303         0        0.69940
   9.23983       124       323         0        0.71131
   9.24230       127       313         0        0.70238
   9.24921       129       324         0        0.67857
   9.25611       114       350         0        0.75000
   9.26302        93       305         0        0.67560
   9.26992       117       338         0        0.72917
   9.27683       123       324         0        0.72024
   9.28373       116       346         0        0.73512
   9.29064       136       343         0        0.70833
   9.29754       112       315         0        0.70833
   9.30445       123       311         0        0.70238
   9.31135       128       329         0        0.70238
   9.31826       134       355         0        0.72917
   9.32517       130       320         0        0.70833
   9.33207        99       351         0        0.68750
   9.33898        91       318         0        0.69643
   9.34588       134       321         0        0.74107
   9.35279       111       341         0        0.69940
   9.35969        87       406         0        0.72024
   9.36660       136       367         0        0.67857
   9.37350       156       390         0        0.72917
   9.38041       135       367         0        0.70833
   9.38731       108       384         0        0.70833
   9.39422       135       392         0        0.71131
   9.40112       116       343         0        0.70833
   9.40803        96       344         0        0.72024
   9.41494       107       342         0        0.70238
   9.42184       116       312         0        0.72321
   9.42875       125       345         0        0.71429
   9.43565       119       348         0        0.72024
   9.44256       109       344         0        0.73810
   9.44946       116       328         0        0.69940
   9.45637       123       355         0        0.72917
   9.46327       143       349         0        0.71131
   9.47018       131       337         0        0.76488
   9.47708       107       329         0        0.72321
   9.48399       115       383         0        0.74405
   9.49089       128       325         0        0.75298
   9.49780       129       309         0        0.72024
   9.50471       132       358         0        0.73810
   9.51161       118       374         0        0.73512
   9.51852       123       338         0        0.73512
   9.52542       121       323         0        0.69643
   9.53233       103       330         0        0.69345
   9.53923       117       353         0        0.71131
   9.54614       137       349         0        0.69048
   9.55304       142       324         0        0.70833
   9.55995       122       379         0        0.72024
   9.56685        89       331         0        0.69048
   9.57376       137       345         0        0.69345
   9.58066       127       314         0        0.69940
   9.58757       133       366         0        0.72917
   9.59447       103       331         0        0.69940
   9.60138       113       291         0        0.68452
   9.60829       115       351         0        0.73214
   9.61519       102       343         0        0.75000
   9.62210       108       382         0        0.75298
   9.62487       112       361         0        0.75595
