   0.00599         0         0         0        0.00000
   0.01216         0         0         0        0.00000
   0.01229         0         0         0        0.00000
   0.01854         0         0         0        0.00000
   0.01900         0         0         0        0.00000
   0.02534         0         0         0        0.00000
   0.02613         0         0         0        0.00000
   0.03260         0         0         0        0.00000
   0.03386         0         0         0        0.00000
   0.04039         0         0         0        0.00000
   0.04583         0         0         0        0.00000
   0.05242         0         0         0        0.00000
   0.05825         0         0         0        0.00000
   0.06492         0         0         0        0.00000
   0.07159         0         0         0        0.00000
   0.07550         0         0         0        0.00000
   0.08225         0         0         0        0.00000
   0.08900         0         0         0        0.00000
   0.09575         0         0         0        0.01786
   0.09797         0         0         0        0.00000
   0.10482        22         0         2        0.03274
   0.11167        22        10         0        0.04762
   0.11852        18        22         0        0.09226
   0.12537         6         9         0        0.06845
   0.13222         2         5         0        0.01786
   0.13907        14         9         0        0.04762
   0.14591        16         8         0        0.05357
   0.15276        20         0         0        0.03571
   0.15961        12        13         0        0.06548
   0.16646        27        31         0        0.11310
   0.17331         6        12         0        0.04167
   0.18016         0        10         0        0.01190
   0.18701        27         2         0        0.06845
   0.19386         2         4         0        0.03274
   0.20071        18         5         1        0.06250
   0.20756         0        15         0        0.03274
   0.21441        23         9         0        0.07440
   0.22126        15        28         0        0.08929
   0.22811        11         9         0        0.06250
   0.23495        19        19         0        0.06548
   0.24180         8        11         0        0.03571
   0.24865         0        17         0        0.02976
   0.25550        11        51         0        0.11607
   0.26235         4        37         0        0.08333
   0.26920         4        44         0        0.09524
   0.27605        14        31         0        0.08036
   0.28290        17        78         0        0.18750
   0.28975        14        55         0        0.14286
   0.29660         3        55         0        0.10714
   0.30345         2       100         0        0.20833
   0.31030        21        69         0        0.18155
   0.31714        17        59         0        0.13988
   0.32399        20        70         0        0.11905
   0.33084        13        87         0        0.17262
   0.33769         0        86         0        0.12500
   0.34454        18        98         0        0.22917
   0.35139         0       142         0        0.18155
   0.35824         3        85         0        0.17857
   0.36509         0        96         0        0.13988
   0.37194        32        86         1        0.15179
   0.37879         5        87         0        0.12798
   0.38564        19        97         0        0.14583
   0.39249        15        71         0        0.19345
   0.39934         8        86         0        0.18750
   0.40618        12       105         0        0.17262
   0.41303         4       115         0        0.19643
   0.41988         9       117         0        0.18452
   0.42673        10       115         0        0.19940
   0.43358        11       109         0        0.21429
   0.44043        24        77         0        0.18750
   0.44728        22       104         0        0.16964
   0.45413         4       103         0        0.14286
   0.46098        19        80         0        0.13690
   0.46783        45        97         0        0.21429
   0.47439        20       101         0        0.16667
   0.48124        18        81         1        0.14881
   0.48809         9        54         0        0.11310
   0.49494        15       110         0        0.18155
   0.50179        30        89         0        0.15774
   0.50864        11       110         0        0.17560
   0.51549        31       107         0        0.19940
   0.52234        26        94         0        0.19345
   0.52919        33       124         1        0.20833
   0.53604         6       140         0        0.20536
   0.54289         5       160         0        0.25000
   0.54974         4       131         0        0.26786
   0.55659         4       153         0        0.23214
   0.56343        16       126         0        0.20238
   0.57028        10       128         0        0.22321
   0.57713        13       133         0        0.24702
   0.58398        31       164         0        0.24702
   0.59083        12       133         0        0.24107
   0.59768        49       139         0        0.32143
   0.60453        31       132         0        0.25298
   0.61138        58       115         0        0.30655
   0.61823         2       163         0        0.25893
   0.62508        19       188         0        0.32143
   0.63193         8       181         0        0.28274
   0.63878        15       156         0        0.27083
   0.64562        10       181         0        0.27083
   0.65247        10       147         0        0.25298
   0.65932         0       162         0        0.26488
   0.66617        18       174         0        0.28571
   0.67302        51       163         0        0.33631
   0.67987        18       191         0        0.30357
   0.68672        13       177         0        0.30060
   0.69357         8       207         0        0.31548
   0.70042         7       128         0        0.21726
   0.70727        33       169         2        0.31250
   0.71412        34       133         0        0.26190
   0.72097        10       140         0        0.27976
   0.72782        29       106         0        0.23810
   0.73466        12       134         0        0.24107
   0.74151        10       130         0        0.25298
   0.74836        47       133         0        0.31845
   0.75521         5       136         0        0.25595
   0.76206        10        93         0        0.22024
   0.76891        33       122         0        0.30060
   0.77576        18       154         0        0.29167
   0.78261         8       133         0        0.29167
   0.78946         3       164         0        0.24107
   0.79631         2       106         0        0.20536
   0.80316         0       139         0        0.23810
   0.81001         0       124         0        0.21726
   0.81685         4       138         0        0.25298
   0.82370        25       145         0        0.25893
   0.83055         3       139         0        0.24107
   0.83740        13       166         0        0.29167
   0.84425        23       154         0        0.28869
   0.84927         7       150         0        0.28274
   0.85612         0       121         0        0.22619
   0.86297         7       173         0        0.28274
   0.86982        20       138         0        0.23810
   0.87667         9       134         0        0.25000
   0.88352        15       105         0        0.20536
   0.89037         0       115         0        0.20833
   0.89722         7       100         0        0.19048
   0.90407         0       103         0        0.19048
   0.91092        20       108         0        0.20833
   0.91777         7       145         0        0.20833
   0.92462        11       135         0        0.22619
   0.93146        11       118         0        0.20536
   0.93831        10       156         0        0.29167
   0.94516        11       168         0        0.29167
   0.95201        21       150         0        0.32440
   0.95886         5       158         0        0.27976
   0.96571        12       134         0        0.26488
   0.97256        32       156         0        0.31250
   0.97941        29       154         0        0.31845
   0.98626        10       179         0        0.34226
   0.99311        21       155         0        0.31250
   0.99996        11       179         0        0.36310
   1.00681         8       191         0        0.33036
   1.01366         0       175         0        0.23214
   1.02050        10       151         0        0.28869
   1.02735        16       143         0        0.29167
   1.03420        10       131         0        0.24107
   1.04105         7       190         0        0.30952
   1.04790         8       168         0        0.30655
   1.05475         2       215         0        0.38393
   1.06160        37       183         0        0.35417
   1.06845        17       137         0        0.27679
   1.07530        11       166         0        0.34524
   1.08215        21       187         0        0.35119
   1.08900         8       171         0        0.36310
   1.09585        11       178         0        0.31548
   1.10269        27       222         0        0.38393
   1.10954        23       245         3        0.46131
   1.11639        29       203         0        0.41369
   1.12324        23       223         0        0.45238
   1.13009        29       242         0        0.44940
   1.13694        31       219         0        0.45536
   1.14379        31       267         0        0.41964
   1.15064         2       235         0        0.36607
   1.15749         2       283         0        0.45536
   1.16434         1       314         0        0.49107
   1.17119        13       271         0        0.46131
   1.17804         7       244         0        0.44940
   1.18489         4       213         0        0.44345
   1.19173         0       229         0        0.40774
   1.19858        18       216         0        0.41964
   1.20543        15       214         0        0.39881
   1.21228        26       240         0        0.44048
   1.21913         6       220         0        0.38988
   1.22421         8       224         0        0.42262
   1.23106        27       238         1        0.46429
   1.23790        17       241         0        0.43452
   1.24475         6       233         0        0.41667
   1.25160         6       228         0        0.46131
   1.25845         0       227         0        0.43750
   1.26530         8       204         0        0.42262
   1.27215         6       243         0        0.45238
   1.27900        20       236         0        0.47619
   1.28585         2       250         0        0.44345
   1.29270         9       214         0        0.39881
   1.29955         2       204         0        0.36905
   1.30640        30       198         0        0.39583
   1.31325         8       217         0        0.39583
   1.32009        13       196         0        0.37500
   1.32694        13       246         0        0.44643
   1.33379        18       216         0        0.41667
   1.34064        26       237         0        0.40179
   1.34749         1       245         0        0.39881
   1.35434        28       171         0        0.37500
   1.36119        19       251         0        0.44345
   1.36804        32       205         0        0.37500
   1.37489        24       191         0        0.38393
   1.38174         7       187         0        0.33929
   1.38859         8       179         0        0.36012
   1.39544        34       210         0        0.43155
   1.40229        31       195         0        0.41369
   1.40913        10       177         0        0.36607
   1.41598        12       193         0        0.36607
   1.42283        10       163         0        0.34524
   1.42968        14       209         0        0.39286
   1.43653        12       220         0        0.43452
   1.44338        21       221         0        0.41964
   1.45023        19       183         0        0.37500
   1.45708        28       229         0        0.42560
   1.46393        15       213         0        0.38095
   1.47078        23       186         0        0.35417
   1.47763        23       206         0        0.37798
   1.48448        20       152         0        0.30357
   1.49132        11       179         0        0.33333
   1.49817        22       230         0        0.40179
   1.50502        15       219         0        0.34524
   1.51187        18       187         0        0.34524
   1.51872        18       171         0        0.34524
   1.52557         7       171         0        0.31548
   1.53242         0       166         0        0.30357
   1.53927        16       219         0        0.36012
   1.54612        18       186         0        0.39583
   1.55297        11       177         0        0.36310
   1.55982        19       165         0        0.34226
   1.56667         0       214         0        0.37500
   1.57352        22       218         0        0.41369
   1.58036        18       176         0        0.37500
   1.58721        25       234         0        0.39881
   1.59406        14       198         0        0.35714
   1.59934        22       197         0        0.39583
   1.60619        41       206         0        0.43155
   1.61304        13       176         0        0.35119
   1.61989        21       163         0        0.31845
   1.62674        17       185         0        0.36905
   1.63359        26       180         0        0.38393
   1.64043         9       199         0        0.38393
   1.64728        10       167         0        0.32738
   1.65413        26       214         0        0.38988
   1.66098        41       195         3        0.35417
   1.66783         7       200         0        0.37500
   1.67468         7       195         0        0.36310
   1.68153        12       194         0        0.36310
   1.68838         7       181         0        0.33631
   1.69523        32       208         0        0.41071
   1.70208        31       203         0        0.37202
   1.70893         0       189         0        0.31845
   1.71578         0       226         0        0.40774
   1.72262         0       232         0        0.38988
   1.72947         5       219         0        0.41369
   1.73632        17       235         0        0.43452
   1.74317         8       252         0        0.41964
   1.75002        10       217         0        0.37500
   1.75687        31       270         1        0.48810
   1.76372         5       242         0        0.41964
   1.77057         8       243         0        0.42262
   1.77742         7       223         0        0.39286
   1.78427         8       222         0        0.42262
   1.79112         2       253         0        0.41071
   1.79797         6       276         0        0.50000
   1.80482         0       280         0        0.50298
   1.81166         8       269         0        0.49405
   1.81851         8       258         0        0.47917
   1.82536         5       247         0        0.49107
   1.83221         0       286         0        0.48810
   1.83906        15       285         0        0.49405
   1.84591         7       299         0        0.48512
   1.85276         7       287         0        0.49405
   1.85961        29       257         0        0.49405
   1.86646        18       290         0        0.50000
   1.87331        17       275         0        0.47619
   1.88016         3       250         0        0.45536
   1.88701         6       235         0        0.43452
   1.89385         8       262         0        0.48214
   1.90070         7       257         0        0.46726
   1.90755        12       282         0        0.46726
   1.91440        25       261         0        0.46726
   1.92125         7       251         0        0.49107
   1.92810         0       232         0        0.43452
   1.93495        11       250         0        0.45833
   1.94180         2       225         0        0.43452
   1.94865         4       268         0        0.47619
   1.95550         0       244         0        0.45238
   1.96235         5       225         0        0.42857
   1.96920         7       257         0        0.49405
   1.97448         2       251         0        0.44345
   1.98133         0       285         0        0.48810
   1.98818         7       290         0        0.52083
   1.99503        19       283         0        0.52381
   2.00188        18       271         0        0.53274
   2.00873        18       299         0        0.53869
   2.01558         2       255         0        0.43155
   2.02243         0       271         0        0.48214
   2.02928         6       266         0        0.48214
   2.03613         6       251         0        0.43452
   2.04298        10       260         0        0.47619
   2.04983        13       250         0        0.50000
   2.05667         2       301         0        0.52679
   2.06352         3       264         0        0.47917
   2.07037         3       258         0        0.44643
   2.07722         3       250         0        0.45536
   2.08407         8       246         0        0.45536
   2.09092        13       237         0        0.48512
   2.09777         6       260         0        0.48214
   2.10462        11       231         0        0.49405
   2.11147        12       234         0        0.46131
   2.11832         5       266         0        0.47321
   2.12517         5       277         0        0.50595
   2.13202         6       306         0        0.53869
   2.13886         8       263         0        0.50000
   2.14571        19       253         0        0.52976
   2.15256         5       273         0        0.51488
   2.15941         0       252         0        0.47024
   2.16626         4       256         0        0.46726
   2.17311         0       287         0        0.44345
   2.17996        16       270         0        0.50000
   2.18681        17       234         0        0.45238
   2.19366         8       279         0        0.51190
   2.20051        18       310         0        0.51190
   2.20736         6       252         0        0.47619
   2.21421         0       331         0        0.49702
   2.22106         3       240         0        0.44643
   2.22790        30       293         0        0.52381
   2.23475        18       310         0        0.50893
   2.24160         6       297         0        0.47619
   2.24845        15       294         0        0.54167
   2.25530        30       294         0        0.50595
   2.26215        20       251         0        0.47619
   2.26900        13       292         0        0.50000
   2.27585        30       271         0        0.50000
   2.28270         8       272         0        0.48810
   2.28955        14       290         2        0.52976
   2.29640        14       253         0        0.48810
   2.30325         0       250         0        0.48214
   2.31009         2       236         0        0.46429
   2.31694         6       267         0        0.50000
   2.32379         0       243         0        0.44345
   2.33064         2       233         0        0.43750
   2.33749         7       216         0        0.41964
   2.34434         8       282         0        0.52083
   2.34992         0       263         0        0.43750
   2.35677         3       237         0        0.44048
   2.36361        11       309         0        0.49405
   2.37046         1       310         0        0.52381
   2.37731         1       291         0        0.46726
   2.38416         6       286         0        0.51786
   2.39101         5       240         0        0.45833
   2.39786         8       279         0        0.48810
   2.40471        10       250         0        0.49405
   2.41156        15       252         0        0.47619
   2.41841         4       278         0        0.50000
   2.42526        17       278         0        0.51190
   2.43211         7       247         0        0.47024
   2.43896        24       240         0        0.46429
   2.44581        27       241         0        0.48214
   2.45265        18       255         0        0.51190
   2.45950        12       252         0        0.46429
   2.46635         3       277         0        0.46131
   2.47320        21       298         0        0.46726
   2.48005         1       240         0        0.46429
   2.48690        12       216         0        0.46131
   2.49375         9       215         0        0.44345
   2.50060         2       262         0        0.45833
   2.50745        11       280         0        0.46726
   2.51430         0       257         0        0.42560
   2.52115         0       241         0        0.45238
   2.52800         0       294         0        0.50000
   2.53484         8       270         0        0.47917
   2.54169        22       311         0        0.52381
   2.54854         3       269         0        0.48214
   2.55539         0       291         0        0.51488
   2.56224         2       269         0        0.44940
   2.56909        19       238         0        0.42857
   2.57594        11       287         0        0.52679
   2.58279         0       216         0        0.38690
   2.58964        15       247         0        0.47024
   2.59649         7       223         0        0.42560
   2.60334        18       232         0        0.44048
   2.61019        18       259         0        0.47619
   2.61703        17       225         0        0.42560
   2.62388         0       212         0        0.39286
   2.63073        21       200         0        0.37798
   2.63758        10       243         0        0.45833
   2.64443         6       240         0        0.45833
   2.65128        28       237         0        0.45536
   2.65813         0       256         0        0.41071
   2.66498        15       231         0        0.41667
   2.67183         0       259         0        0.41071
   2.67868        33       232         0        0.47917
   2.68553        18       263         0        0.47321
   2.69238        15       254         0        0.45833
   2.69923         0       269         0        0.44048
   2.70607        17       229         4        0.40179
   2.71292         3       227         0        0.43155
   2.71977         0       219         0        0.42560
   2.72540        23       222         0        0.43452
   2.73225         6       275         0        0.44345
   2.73910         8       254         0        0.44345
   2.74595         0       282         0        0.45833
   2.75280         0       324         0        0.46429
   2.75965         8       251         0        0.45536
   2.76650         6       270         0        0.45833
   2.77335         6       243         0        0.40476
   2.78020        26       232         0        0.42857
   2.78705        22       234         0        0.41667
   2.79390         5       231         0        0.40179
   2.80075        24       276         0        0.44643
   2.80760        15       265         0        0.44345
   2.81444        14       255         0        0.47024
   2.82129        20       233         0        0.44940
   2.82814         0       232         0        0.41667
   2.83499        22       246         0        0.47321
   2.84184        33       286         0        0.47321
   2.84869         0       251         0        0.43155
   2.85554         4       260         0        0.42857
   2.86239         9       310         0        0.48214
   2.86924        36       301         0        0.50298
   2.87609         7       270         0        0.43452
   2.88294         8       345         0        0.51786
   2.88979        18       238         0        0.44345
   2.89663        25       322         0        0.48810
   2.90348         5       316         0        0.52083
   2.91033        27       287         0        0.51786
   2.91718        24       270         0        0.49405
   2.92403        43       235         0        0.50595
   2.93088         9       302         0        0.50298
   2.93773        11       299         0        0.50298
   2.94458        19       270         0        0.45238
   2.95143         5       252         0        0.42857
   2.95828        46       286         0        0.50893
   2.96513        24       285         0        0.44940
   2.97198        16       350         0        0.51190
   2.97883        14       273         0        0.48214
   2.98567        11       280         0        0.45833
   2.99252        34       258         0        0.44643
   2.99937        28       263         0        0.49702
   3.00622         0       264         0        0.43452
   3.01307         6       277         0        0.45238
   3.01992        13       243         0        0.47024
   3.02677        10       253         1        0.44643
   3.03362        24       259         0        0.46131
   3.04047        12       244         0        0.45833
   3.04732        13       283         0        0.47321
   3.05417         8       286         0        0.47024
   3.06102        14       275         0        0.43750
   3.06786        17       319         0        0.47321
   3.07471        29       288         0        0.46429
   3.08156        33       279         0        0.47321
   3.08841         5       245         0        0.44048
   3.09526        30       289         0        0.49405
   3.10059        16       247         0        0.45833
   3.10743        12       265         0        0.44940
   3.11428        37       274         0        0.49107
   3.12113        46       285         0        0.51488
   3.12798        20       297         0        0.46429
   3.13483        24       264         0        0.48512
   3.14168         3       297         0        0.47917
   3.14853        16       255         0        0.46726
   3.15538        18       262         0        0.47321
   3.16223         9       261         0        0.40774
   3.16908        27       317         0        0.51488
   3.17593        25       284         0        0.48214
   3.18278        40       282         1        0.49702
   3.18962        15       311         0        0.49107
   3.19647        16       265         0        0.44643
   3.20332        23       235         0        0.43750
   3.21017        26       227         0        0.44345
   3.21702        29       230         0        0.44345
   3.22387        31       280         0        0.44940
   3.23072        34       282         0        0.46429
   3.23757        15       253         0        0.44345
   3.24442        13       244         0        0.44940
   3.25127        34       268         0        0.46726
   3.25812        28       245         0        0.44345
   3.26497        12       222         0        0.41667
   3.27182        31       257         0        0.46131
   3.27866        11       272         0        0.46429
   3.28551        20       273         0        0.47024
   3.29236        33       307         0        0.50595
   3.29921        25       278         0        0.50595
   3.30606        19       243         0        0.40476
   3.31291        10       301         0        0.51190
   3.31976        17       270         0        0.45833
   3.32661         7       241         0        0.45238
   3.33346        23       238         0        0.46131
   3.34031        20       237         0        0.45536
   3.34716        17       297         0        0.52976
   3.35401        16       288         0        0.48512
   3.36085        21       272         0        0.49405
   3.36770        25       300         0        0.49405
   3.37455        18       257         0        0.43155
   3.38140        23       237         0        0.41964
   3.38825        24       258         0        0.47024
   3.39510        15       261         0        0.48214
   3.40195        26       257         0        0.46429
   3.40880        25       267         0        0.45833
   3.41565        29       227         0        0.44643
   3.42250        30       300         0        0.52381
   3.42935        43       283         0        0.51488
   3.43620        18       290         0        0.50893
   3.44305        13       271         0        0.45833
   3.44989         8       253         0        0.41369
   3.45674        23       288         0        0.44345
   3.46359        36       279         0        0.48512
   3.47044        16       263         0        0.41667
   3.47591        17       281         0        0.44940
   3.48276        12       306         0        0.44940
   3.48961         3       256         0        0.43750
   3.49646        17       288         0        0.43155
   3.50331        16       318         0        0.47321
   3.51016        15       275         0        0.46726
   3.51701        21       297         0        0.48512
   3.52386         8       333         0        0.48512
   3.53071        18       282         0        0.46131
   3.53756        17       287         0        0.49702
   3.54440        13       289         0        0.50000
   3.55125        10       380         0        0.53869
   3.55810        15       302         0        0.53274
   3.56495        27       345         0        0.57143
   3.57180        10       327         0        0.55655
   3.57865        22       359         0        0.58631
   3.58550         7       348         0        0.57440
   3.59235        10       396         0        0.57738
   3.59920        17       349         0        0.55952
   3.60605        11       330         0        0.56250
   3.61290        28       345         0        0.59226
   3.61975        16       340         0        0.52679
   3.62659         7       383         0        0.58333
   3.63344        16       357         0        0.55655
   3.64029        10       366         0        0.56845
   3.64714        34       361         0        0.58333
   3.65399         4       325         0        0.50298
   3.66084        19       356         0        0.53869
   3.66769        24       342         0        0.57738
   3.67454        15       321         0        0.53869
   3.68139        27       302         0        0.50000
   3.68824        21       312         0        0.54464
   3.69509         7       326         0        0.49405
   3.70194        37       278         0        0.46429
   3.70879         8       351         0        0.48810
   3.71563        24       340         0        0.52679
   3.72248        14       319         0        0.51190
   3.72933         9       296         0        0.48810
   3.73618        29       341         0        0.51190
   3.74303        27       309         0        0.52976
   3.74988        21       316         0        0.51786
   3.75673        15       295         0        0.47619
   3.76358        33       297         0        0.50000
   3.77043        29       351         0        0.52381
   3.77728        21       319         0        0.50298
   3.78413        23       382         0        0.56845
   3.79098        12       338         0        0.48512
   3.79782        32       324         0        0.50893
   3.80467        11       340         0        0.50893
   3.81152        20       337         0        0.51786
   3.81837        19       300         0        0.48810
   3.82522        25       337         0        0.53571
   3.83207         9       290         0        0.49107
   3.83892        36       336         0        0.56250
   3.84577        18       312         0        0.50595
   3.85166        11       390         0        0.58036
   3.85851        12       400         0        0.55655
   3.86536        14       368         0        0.54762
   3.87221        13       345         0        0.54762
   3.87906        14       353         0        0.49405
   3.88591        26       328         0        0.52083
   3.89276        27       293         0        0.50000
   3.89961        18       365         0        0.50893
   3.90646        16       335         0        0.53571
   3.91331        29       307         0        0.53869
   3.92016        16       295         0        0.47024
   3.92700         4       332         0        0.50000
   3.93385        18       346         0        0.51190
   3.94070        22       263         0        0.47321
   3.94755         8       317         0        0.51190
   3.95440        15       295         0        0.47917
   3.96125        13       318         0        0.51786
   3.96810        33       319         0        0.51488
   3.97495        27       274         0        0.46131
   3.98180        21       258         0        0.48512
   3.98865        28       301         0        0.50893
   3.99550        33       329         0        0.52976
   4.00235        19       294         0        0.49405
   4.00920        23       318         0        0.51786
   4.01604        27       294         0        0.52381
   4.02289        22       311         0        0.52976
   4.02974        16       295         0        0.52083
   4.03659         5       314         0        0.47321
   4.04344        23       286         0        0.48214
   4.05029        15       320         0        0.53869
   4.05714         8       337         0        0.52381
   4.06399        28       328         0        0.50595
   4.07084         6       319         0        0.50000
   4.07769        12       300         0        0.49107
   4.08454        16       374         0        0.53869
   4.09139         5       304         0        0.50000
   4.09824         5       328         0        0.55655
   4.10508         7       323         0        0.50893
   4.11193        14       321         0        0.56250
   4.11878        17       298         0        0.54167
   4.12563         8       317         0        0.55952
   4.13248        25       310         0        0.54762
   4.13933         9       326         0        0.55357
   4.14618        13       326         0        0.56548
   4.15303        27       275         0        0.50000
   4.15988        22       265         0        0.48810
   4.16673        17       271         0        0.50595
   4.17358         5       273         0        0.45833
   4.18043        12       277         0        0.50298
   4.18727        12       301         0        0.45536
   4.19412         9       243         0        0.43452
   4.20097        18       285         0        0.47619
   4.20782         8       298         0        0.50595
   4.21467        13       304         0        0.52679
   4.22152        12       265         0        0.50893
   4.22698        11       286         0        0.52679
   4.23383        34       254         0        0.50000
   4.24068        10       324         0        0.56548
   4.24752        16       281         0        0.51488
   4.25437         3       276         0        0.48214
   4.26122         8       298         0        0.50298
   4.26807        36       278         0        0.51786
   4.27492        28       304         0        0.55357
   4.28177        18       304         0        0.52083
   4.28862        24       301         0        0.54167
   4.29547        14       289         0        0.49405
   4.30232        14       262         0        0.52976
   4.30917        16       257         0        0.48810
   4.31602         8       262         0        0.50893
   4.32287         4       280         0        0.50893
   4.32972         6       248         0        0.46726
   4.33656         7       313         0        0.52083
   4.34341        43       290         0        0.54464
   4.35026         4       303         0        0.48512
   4.35711         9       274         0        0.48512
   4.36396         9       260         0        0.49405
   4.37081        10       244         0        0.46429
   4.37766         8       278         0        0.48214
   4.38451        17       313         0        0.51786
   4.39136        23       270         0        0.51488
   4.39821         9       319         0        0.54464
   4.40506        26       300         0        0.48512
   4.41191        11       300         0        0.45536
   4.41875        11       297         0        0.50595
   4.42560        11       326         0        0.54464
   4.43245        11       280         0        0.49107
   4.43930        10       323         0        0.52679
   4.44615        17       314         0        0.52083
   4.45300        25       294         0        0.50000
   4.45985        15       292         0        0.48512
   4.46670        11       314         0        0.48810
   4.47355        12       313         0        0.49405
   4.48040        12       338         0        0.57738
   4.48725        19       361         0        0.55357
   4.49410        15       342         0        0.52679
   4.50095        17       320         0        0.47321
   4.50779        29       301         0        0.49405
   4.51464        18       284         0        0.51190
   4.52149         7       327         0        0.49107
   4.52834         4       316         0        0.51190
   4.53519         6       346         0        0.55060
   4.54204        37       320         0        0.52976
   4.54889        10       344         0        0.54464
   4.55574        16       346         0        0.51190
   4.56259         8       300         0        0.54464
   4.56944        17       318         0        0.48810
   4.57629        13       325         0        0.51488
   4.58314         8       317         0        0.51488
   4.58998        27       348         0        0.51786
   4.59683        18       333         0        0.52976
   4.60221        14       321         0        0.47321
   4.60906         4       264         0        0.48512
   4.61591        10       297         0        0.49405
   4.62276        16       300         0        0.52679
   4.62961        13       284         0        0.52083
   4.63646        19       275         0        0.48214
   4.64331        15       279         0        0.48214
   4.65016        14       297         0        0.52679
   4.65701        34       316         0        0.54464
   4.66386         8       297         0        0.51786
   4.67070         5       279         0        0.50000
   4.67755         8       363         0        0.54762
   4.68440        20       303         0        0.55357
   4.69125         9       318         0        0.49405
   4.69810        15       359         0        0.58333
   4.70495        14       329         0        0.57440
   4.71180         7       321         0        0.52679
   4.71865        20       332         0        0.55952
   4.72550         2       291         0        0.49107
   4.73235        19       342         1        0.52679
   4.73920         6       401         0        0.55060
   4.74605        14       303         0        0.53274
   4.75289        37       341         0        0.54167
   4.75974        30       360         0        0.55655
   4.76659         9       277         0        0.50595
   4.77344        26       316         0        0.52381
   4.78029        15       324         0        0.52679
   4.78714        14       328         0        0.55357
   4.79399        14       358         0        0.56548
   4.80084         9       352         0        0.54464
   4.80769        20       354         0        0.57440
   4.81454        21       368         0        0.55357
   4.82139        19       355         0        0.54167
   4.82824        10       392         0        0.55655
   4.83509        60       337         0        0.49405
   4.84193         7       393         0        0.52976
   4.84878        17       403         0        0.50893
   4.85563        27       312         0        0.51786
   4.86248        14       316         0        0.54464
   4.86933        11       295         0        0.50595
   4.87618         3       325         0        0.49405
   4.88303        21       361         0        0.55952
   4.88988        12       346         0        0.55655
   4.89673        10       347         0        0.55655
   4.90358        23       407         0        0.62202
   4.91043        14       440         0        0.62500
   4.91728        24       351         0        0.54464
   4.92412        19       354         0        0.55357
   4.93097        32       368         0        0.54762
   4.93782        16       371         0        0.59226
   4.94467        14       378         0        0.54762
   4.95152        10       338         0        0.54762
   4.95837        25       370         0        0.58036
   4.96522        10       381         0        0.55952
   4.97207        28       340         0        0.56845
   4.97800         8       382         0        0.61012
   4.98485        16       379         0        0.58036
   4.99170        18       409         0        0.60714
   4.99855        53       334         2        0.58333
   5.00540        23       336         0        0.55655
   5.01225         9       352         0        0.55357
   5.01910        22       355         0        0.54762
   5.02595        19       379         0        0.55952
   5.03280        30       375         0        0.61310
   5.03965        32       383         0        0.61012
   5.04650        16       371         0        0.61310
   5.05335        25       401         0        0.61012
   5.06020        41       362         0        0.62202
   5.06704        20       383         0        0.63095
   5.07389        17       351         0        0.56548
   5.08074        10       337         0        0.53571
   5.08759        31       338         0        0.59226
   5.09444        18       352         0        0.54167
   5.10129         9       401         0        0.62798
   5.10814        38       321         0        0.61012
   5.11499        27       348         0        0.54464
   5.12184        28       382         0        0.63095
   5.12869        26       380         0        0.60714
   5.13554        52       352         0        0.62202
   5.14239        33       357         0        0.59226
   5.14923        30       330         0        0.59226
   5.15608        30       352         0        0.59524
   5.16293        37       323         0        0.55357
   5.16978        38       353         0        0.58929
   5.17663        26       360         0        0.59524
   5.18348        20       340         0        0.55655
   5.19033        26       352         0        0.61012
   5.19718        33       334         0        0.58333
   5.20403        32       345         0        0.54762
   5.21088        31       393         0        0.61607
   5.21773        35       387         0        0.60417
   5.22458        28       381         0        0.61607
   5.23143        43       341         0        0.60119
   5.23827        25       331         0        0.58036
   5.24512        57       395         2        0.63393
   5.25197        50       386         0        0.64583
   5.25882        34       382         0        0.60417
   5.26567        27       349         0        0.55655
   5.27252        33       371         0        0.60119
   5.27937        24       336         0        0.54762
   5.28622        22       421         0        0.62202
   5.29307        33       387         0        0.61310
   5.29992        23       389         0        0.60417
   5.30677        28       399         0        0.59524
   5.31362        23       393         0        0.62500
   5.32046        43       387         0        0.62202
   5.32731        29       357         0        0.60119
   5.33416        24       352         0        0.56548
   5.34101        36       390         0        0.57738
   5.34786        37       338         0        0.58631
   5.35471        38       357         0        0.57440
   5.35471        33       364         0        0.57143
   5.36156        39       376         0        0.57440
   5.36841        29       373         0        0.60417
   5.37526        41       369         0        0.59524
   5.38211        16       325         0        0.53869
   5.38896        23       371         0        0.58036
   5.39581        20       310         0        0.52083
   5.40266        20       375         0        0.54464
   5.40951        18       386         0        0.55952
   5.41636        25       377         0        0.61012
   5.42321        18       341         0        0.53571
   5.43006         8       356         0        0.58036
   5.43690        40       321         0        0.59821
   5.44375        16       355         0        0.60119
   5.45060        19       341         0        0.56250
   5.45745        25       372         0        0.56845
   5.46430         6       346         0        0.54464
   5.47115        19       334         0        0.55357
   5.47800        11       335         0        0.50595
   5.48485        27       395         0        0.60714
   5.49170        32       345         0        0.59524
   5.49855        49       338         0        0.59821
   5.50540        27       414         0        0.63095
   5.51225        45       327         0        0.61012
   5.51909        18       443         0        0.61012
   5.52594        25       389         0        0.61310
   5.53279        17       401         0        0.57738
   5.53964        19       335         0        0.58036
   5.54649        14       429         0        0.61607
   5.55334        22       360         0        0.58036
   5.56019        22       402         0        0.61905
   5.56704        12       389         0        0.61310
   5.57389        16       336         0        0.59226
   5.58074        43       330         0        0.54762
   5.58759        26       336         0        0.56548
   5.59444        31       339         0        0.55357
   5.60129        21       348         0        0.55952
   5.60813        12       363         0        0.54762
   5.61498        22       365         0        0.55357
   5.62183        29       403         0        0.57738
   5.62868        19       339         0        0.58333
   5.63553        22       370         0        0.60119
   5.64238        11       346         0        0.52381
   5.64923        18       333         0        0.54167
   5.65608        15       376         0        0.55952
   5.66293        16       306         0        0.54762
   5.66978        34       337         0        0.53571
   5.67663        24       380         0        0.60714
   5.68348        13       323         0        0.53571
   5.69033        48       348         0        0.65774
   5.69717        26       311         0        0.55952
   5.70402        15       325         0        0.54464
   5.71087        21       418         0        0.62202
   5.71772        27       366         0        0.60417
   5.72457        16       341         0        0.58631
   5.73133        17       334         0        0.54464
   5.73818        32       354         0        0.59524
   5.74502        20       314         0        0.53571
   5.75187        23       294         0        0.49107
   5.75872        15       330         0        0.51786
   5.76557        10       348         0        0.56548
   5.77242        11       311         0        0.54464
   5.77927        37       340         0        0.55952
   5.78612        18       373         0        0.55655
   5.79297        22       303         0        0.54167
   5.79982        21       327         0        0.57143
   5.80667        40       367         0        0.56845
   5.81352        15       359         0        0.61905
   5.82037        39       359         0        0.61607
   5.82721         6       340         0        0.59524
   5.83406         5       313         0        0.54167
   5.84091        16       331         0        0.57738
   5.84776        15       369         0        0.61012
   5.85461        16       337         0        0.62798
   5.86146        17       326         1        0.56250
   5.86831         9       317         0        0.53571
   5.87516        17       336         0        0.52679
   5.88201         3       343         0        0.55655
   5.88886         4       299         0        0.53274
   5.89571         8       380         0        0.56845
   5.90256         8       328         0        0.57738
   5.90941         4       314         0        0.53571
   5.91625         4       335         0        0.54762
   5.92310         7       381         0        0.61012
   5.92995        10       384         0        0.61012
   5.93680        13       352         0        0.61607
   5.94365        24       343         0        0.59524
   5.95050        22       316         0        0.60714
   5.95735         8       343         0        0.60119
   5.96420         4       364         0        0.66667
   5.97105         9       364         0        0.62500
   5.97790         5       342         0        0.58929
   5.98475         9       379         0        0.62500
   5.99160         9       354         0        0.60714
   5.99844         6       369         0        0.58929
   6.00529         6       359         0        0.58929
   6.01214        23       299         0        0.58929
   6.01899        19       315         0        0.59821
   6.02584        17       381         0        0.59524
   6.03269         8       410         0        0.62202
   6.03954        10       365         0        0.57440
   6.04639         8       366         0        0.61607
   6.05324         4       373         0        0.60119
   6.06009        12       419         0        0.64583
   6.06694        11       421         0        0.65774
   6.07379        13       349         0        0.62202
   6.08064        11       345         0        0.61607
   6.08748         8       361         0        0.58631
   6.09433         6       370         0        0.58333
   6.10118        12       388         0        0.61012
   6.10803         7       416         0        0.63095
   6.10896        17       376         0        0.62500
   6.11581         8       371         0        0.62798
   6.12266         6       342         0        0.60119
   6.12950        12       377         0        0.63393
   6.13635        11       353         0        0.59524
   6.14320         9       350         0        0.61012
   6.15005        12       357         0        0.60714
   6.15690         6       409         0        0.66071
   6.16375         9       391         0        0.65774
   6.17060        11       333         0        0.63690
   6.17745        17       344         0        0.64583
   6.18430         8       359         0        0.61310
   6.19115        25       363         0        0.63690
   6.19800        13       401         0        0.65179
   6.20485        23       383         0        0.65774
   6.21169        18       368         0        0.63988
   6.21854        24       372         0        0.61905
   6.22539        15       397         0        0.68155
   6.23224        21       385         0        0.61905
   6.23909         8       351         0        0.63393
   6.24594        12       420         0        0.65179
   6.25279        21       399         0        0.67560
   6.25964         8       416         0        0.66369
   6.26649        23       386         0        0.68155
   6.27334        11       397         0        0.66071
   6.28019        17       389         0        0.67857
   6.28704        20       333         0        0.64286
   6.29389         4       329         0        0.60714
   6.30073         9       392         0        0.66964
   6.30758         4       372         0        0.62202
   6.31443         8       394         0        0.66071
   6.32128        11       393         0        0.64583
   6.32813        19       396         0        0.67262
   6.33498         7       410         0        0.63988
   6.34183         7       469         0        0.66964
   6.34868        15       412         0        0.63690
   6.35553        15       433         0        0.63690
   6.36238        17       416         0        0.63393
   6.36923        18       436         0        0.67560
   6.37608        19       440         0        0.71429
   6.38292        14       386         0        0.65476
   6.38977         7       337         0        0.61607
   6.39662        19       406         0        0.65179
   6.40347         6       385         0        0.61607
   6.41032         6       395         0        0.70536
   6.41717         4       358         0        0.60119
   6.42402         9       386         0        0.63393
   6.43087         7       341         0        0.60119
   6.43772         5       339         0        0.63095
   6.44457         7       345         0        0.63393
   6.45142         1       365         0        0.64583
   6.45827         1       374         0        0.63690
   6.46512         3       346         0        0.61310
   6.47196        10       353         0        0.62798
   6.47881         6       366         0        0.66667
   6.48566         4       399         0        0.68750
   6.48694         7       386         0        0.65476
   6.49378         9       352         0        0.63690
   6.50063         6       323         0        0.59226
   6.50748         0       314         0        0.55952
   6.51433         5       382         0        0.68452
   6.52118         7       386         0        0.64583
   6.52803         3       376         0        0.65476
   6.53488        10       361         0        0.63690
   6.54173         6       393         0        0.66964
   6.54858        29       397         0        0.67262
   6.55543         7       334         0        0.62798
   6.56228        11       351         0        0.66369
   6.56913         6       351         0        0.61607
   6.57598         6       369         0        0.62798
   6.58282        10       364         0        0.66369
   6.58967         3       383         0        0.63393
   6.59652        20       368         0        0.62202
   6.60337         4       312         0        0.58631
   6.61022        27       356         0        0.63095
   6.61707         0       368         0        0.61905
   6.62392        29       430         0        0.68452
   6.63077         2       353         0        0.64286
   6.63762         9       336         0        0.61905
   6.64447        20       359         1        0.67857
   6.65132        22       422         0        0.65476
   6.65817        13       379         0        0.64583
   6.66501         0       404         0        0.63988
   6.67186        18       363         0        0.66369
   6.67871        14       339         0        0.64583
   6.68556        11       374         0        0.66667
   6.69241         2       365         0        0.66071
   6.69926         2       300         0        0.59226
   6.70611         2       372         0        0.63393
   6.71296         8       334         0        0.63393
   6.71981         8       366         0        0.65774
   6.72666         3       364         0        0.62798
   6.73351         6       354         0        0.63095
   6.74036        21       355         0        0.64583
   6.74721        21       352         0        0.61905
   6.75405         6       367         0        0.66071
   6.76090         1       465         0        0.69345
   6.76775         3       392         0        0.65774
   6.77460         6       380         0        0.67857
   6.78145        11       426         0        0.69643
   6.78830         8       404         0        0.63690
   6.79515         3       441         0        0.62500
   6.80200         5       407         0        0.61905
   6.80885         3       374         0        0.58631
   6.81570        16       460         0        0.71726
   6.82255         3       421         0        0.64583
   6.82940         0       465         0        0.66071
   6.83624         2       425         0        0.65774
   6.84309         9       418         0        0.61012
   6.84994         1       410         0        0.62798
   6.85679         2       389         0        0.61905
   6.86364         4       386         0        0.64881
   6.86538         9       405         0        0.62202
   6.87223        10       362         0        0.60119
   6.87907         6       410         0        0.65476
   6.88592         0       391         0        0.65774
   6.89277         7       361         0        0.63988
   6.89962         7       409         0        0.62202
   6.90647         3       419         0        0.66071
   6.91332         5       393         0        0.65774
   6.92017         9       426         0        0.68452
   6.92702         3       361         0        0.66667
   6.93387         7       378         0        0.62500
   6.94072         7       365         0        0.65179
   6.94757         2       341         0        0.63988
   6.95442         7       390         0        0.69940
   6.96126        10       357         0        0.66071
   6.96811         5       439         0        0.72321
   6.97496         2       355         0        0.70238
   6.98181         5       423         0        0.68750
   6.98866         8       399         0        0.70536
   6.99551         2       407         0        0.67560
   7.00236         0       370         0        0.63690
   7.00921         3       434         0        0.71131
   7.01606         4       434         0        0.76190
   7.02291         5       345         0        0.68452
   7.02976         7       396         0        0.66071
   7.03661        13       415         0        0.71429
   7.04346         8       377         0        0.65179
   7.05030         8       400         0        0.70833
   7.05715         9       411         0        0.71429
   7.06400        15       376         0        0.73512
   7.07085         5       414         0        0.71726
   7.07770         1       419         0        0.71726
   7.08455         2       419         0        0.69643
   7.09140        20       390         0        0.70238
   7.09825        14       410         0        0.70238
   7.10510         6       408         0        0.67560
   7.11195         7       441         0        0.71131
   7.11880         1       388         0        0.72619
   7.12565         3       419         0        0.70833
   7.13249        11       401         0        0.68750
   7.13934         6       415         0        0.70833
   7.14619        15       395         0        0.68155
   7.15304         8       381         0        0.65774
   7.15989         0       374         0        0.70536
   7.16674         2       415         0        0.70536
   7.17359         8       375         0        0.67560
   7.18044         5       384         0        0.70833
   7.18729        15       421         0        0.74405
   7.19414         9       410         0        0.76190
   7.20099         3       439         0        0.72321
   7.20784         6       406         0        0.73810
   7.21469        16       384         0        0.71429
   7.22153         5       384         0        0.70536
   7.22838         2       361         0        0.69345
   7.23523        12       407         0        0.74702
   7.24208         9       408         0        0.72619
   7.24359        10       429         0        0.72917
   7.25044         5       383         0        0.74107
   7.25729        27       414         0        0.75893
   7.26414        10       414         0        0.74405
   7.27099         5       406         0        0.73214
   7.27784         0       436         0        0.75000
   7.28469         8       417         0        0.73512
   7.29154         6       424         0        0.72917
   7.29839         8       412         0        0.74405
   7.30523         8       389         0        0.69643
   7.31208         5       433         0        0.73214
   7.31893        10       380         0        0.68452
   7.32578        20       416         0        0.70833
   7.33263         5       378         0        0.72024
   7.33948         7       426         0        0.73214
   7.34633         7       401         0        0.70238
   7.35318         3       403         0        0.69940
   7.36003         8       409         0        0.74107
   7.36688         3       410         0        0.71726
   7.37373         7       394         0        0.73810
   7.38058         8       407         0        0.71429
   7.38742         8       410         0        0.72917
   7.39427        14       419         0        0.74702
   7.40112         4       376         0        0.72024
   7.40797         6       372         0        0.70833
   7.41482         5       387         0        0.73512
   7.42167        10       404         0        0.69643
   7.42852         5       385         0        0.70238
   7.43537         5       426         0        0.71429
   7.44222        22       465         2        0.73512
   7.44907         9       404         0        0.72619
   7.45592        11       425         0        0.67857
   7.46277         7       446         0        0.75000
   7.46962        10       390         0        0.70238
   7.47646        15       407         0        0.72024
   7.48331         8       393         0        0.66667
   7.49016         5       356         0        0.65476
   7.49701        11       387         0        0.69643
   7.50386        15       406         0        0.72619
   7.51071        11       377         0        0.66667
   7.51756        11       402         0        0.68155
   7.52441        10       411         0        0.69048
   7.53126        18       410         0        0.71429
   7.53811        36       384         0        0.72917
   7.54496         8       400         0        0.71429
   7.55181        12       375         0        0.71131
   7.55865        16       424         0        0.73810
   7.56550        33       401         1        0.70536
   7.57235        11       369         0        0.69643
   7.57920        11       427         0        0.77679
   7.58605        14       397         0        0.70238
   7.59290         8       392         0        0.71429
   7.59975        12       380         0        0.69643
   7.60660        13       377         0        0.68452
   7.61345         8       402         0        0.68750
   7.62030        19       382         0        0.69345
   7.62195        18       363         0        0.66667
   7.62880        12       407         0        0.69048
   7.63565        20       453         0        0.75893
   7.64250        26       405         0        0.74702
   7.64935        11       419         0        0.73810
   7.65619        26       429         0        0.72024
   7.66304        11       397         0        0.71429
   7.66989        10       393         0        0.69048
   7.67674         8       372         0        0.72024
   7.68359        25       405         0        0.72619
   7.69044        39       397         0        0.75000
   7.69729        20       393         0        0.72321
   7.70414        18       403         0        0.70833
   7.71099        23       391         0        0.67262
   7.71784        36       408         0        0.70833
   7.72469        28       412         0        0.72619
   7.73154        13       400         0        0.72917
   7.73839        15       384         0        0.73214
   7.74523        17       376         0        0.67857
   7.75208         9       406         0        0.72321
   7.75893        24       409         0        0.76488
   7.76578        13       382         0        0.69048
   7.77263        12       429         0        0.72024
   7.77948        19       441         0        0.70833
   7.78633         9       426         0        0.72024
   7.79318        14       452         0        0.74405
   7.80003         7       447         0        0.68155
   7.80688        17       442         0        0.71429
   7.81373        23       444         0        0.70536
   7.82058        10       459         0        0.73512
   7.82742        11       406         0        0.71429
   7.83427        11       392         0        0.66964
   7.84112         4       442         0        0.67560
   7.84797         6       397         0        0.65476
   7.85482         5       400         0        0.65774
   7.86167        11       436         0        0.69940
   7.86852         4       422         0        0.69048
   7.87537         6       421         0        0.69940
   7.88222         9       411         0        0.65774
   7.88907        31       386         0        0.69345
   7.89592        17       372         0        0.69345
   7.90277         5       416         0        0.72619
   7.90962        17       401         0        0.71726
   7.91646         8       401         0        0.67857
   7.92331        12       420         0        0.71726
   7.93016        20       412         0        0.74107
   7.93701        18       362         0        0.69345
   7.94386        27       400         0        0.73214
   7.95071        10       392         0        0.69345
   7.95756        22       436         0        0.77083
   7.96441        13       421         0        0.72619
   7.97126        14       362         0        0.70238
   7.97811        21       352         0        0.73214
   7.98496        28       384         0        0.70833
   7.99181         9       392         0        0.69643
   7.99865        13       369         0        0.75000
   8.00037        25       397         0        0.71131
   8.00721        20       407         0        0.72024
   8.01406        13       388         0        0.73214
   8.02091        14       384         0        0.70238
   8.02776         6       399         0        0.72321
   8.03461         9       415         0        0.72619
   8.04146         4       426         0        0.77083
   8.04831         8       396         0        0.71131
   8.05516         5       381         0        0.66667
   8.06201        10       424         0        0.72321
   8.06886         7       425         0        0.73512
   8.07571        13       394         0        0.70536
   8.08256         3       405         0        0.73810
   8.08941         6       395         0        0.73810
   8.09625        33       414         0        0.72321
   8.10310         3       445         0        0.70536
   8.10995         4       405         0        0.67560
   8.11680        13       399         0        0.66964
   8.12365        12       398         0        0.65476
   8.13050        11       406         0        0.71131
   8.13735        18       384         0        0.73512
   8.14420         7       384         0        0.69940
   8.15105         8       378         0        0.71726
   8.15790         6       385         0        0.69940
   8.16475         7       396         0        0.68452
   8.17160         2       424         0        0.74405
   8.17844        15       405         0        0.73512
   8.18529         4       358         0        0.66667
   8.19214         6       392         0        0.69345
   8.19899         9       365         0        0.69940
   8.20584         3       394         0        0.70833
   8.21269         2       448         0        0.72024
   8.21954         5       338         0        0.65774
   8.22639         5       381         0        0.68155
   8.23324         8       397         0        0.69345
   8.24009         7       395         0        0.69048
   8.24694         8       387         0        0.68750
   8.25379         7       367         0        0.67857
   8.26064        19       395         0        0.71131
   8.26748        14       367         0        0.72321
   8.27433         8       391         0        0.69048
   8.28118         4       402         0        0.67262
   8.28803         3       414         0        0.69643
   8.29488         0       403         0        0.72321
   8.30173         6       385         0        0.67262
   8.30858         6       403         0        0.72024
   8.31543         8       425         0        0.72619
   8.32228        16       399         0        0.74405
   8.32913        15       415         0        0.72024
   8.33598         4       439         0        0.72917
   8.34283        13       379         0        0.70833
   8.34967        11       421         0        0.76488
   8.35652        12       394         0        0.71726
   8.36337        16       458         0        0.77083
   8.37022         9       407         0        0.72917
   8.37707        22       384         0        0.69048
   8.37927         6       395         0        0.72917
   8.38612        16       414         2        0.78869
   8.39296        11       384         0        0.73214
   8.39981         6       387         0        0.72024
   8.40666        13       389         0        0.72917
   8.41351         4       404         0        0.74405
   8.42036        12       447         0        0.76488
   8.42721        18       376         0        0.72321
   8.43406         7       404         0        0.72917
   8.44091         8       396         0        0.73214
   8.44776         4       394         0        0.69643
   8.45461         8       410         0        0.71726
   8.46146        13       397         0        0.76190
   8.46831         4       417         0        0.74702
   8.47516        14       438         0        0.72024
   8.48200        16       397         0        0.72321
   8.48885        20       433         0        0.72321
   8.49570        13       362         0        0.65774
   8.50255         4       368         0        0.63988
   8.50940         6       393         0        0.70536
   8.51625         5       390         0        0.69345
   8.52310        12       398         0        0.71726
   8.52995         6       395         0        0.74702
   8.53680        11       402         0        0.72917
   8.54365         4       430         0        0.73214
   8.55050         6       374         0        0.72321
   8.55735         8       385         0        0.72321
   8.56419        11       395         0        0.69048
   8.57104         4       405         0        0.72619
   8.57789         4       391         0        0.72024
   8.58474         6       395         0        0.74702
   8.59159         5       410         0        0.71131
   8.59844         8       402         0        0.69940
   8.60529        11       422         0        0.74405
   8.61214         6       376         0        0.70833
   8.61899         4       398         0        0.70833
   8.62584        24       414         0        0.68750
   8.63269         8       371         0        0.72024
   8.63954         7       446         0        0.70833
   8.64639        12       419         0        0.71131
   8.65323        17       396         0        0.73810
   8.66008        20       429         0        0.68452
   8.66693        10       393         0        0.72619
   8.67378        10       424         0        0.68452
   8.68063        17       384         0        0.72321
   8.68748        18       379         0        0.74405
   8.69433        21       445         0        0.76190
   8.70118         6       364         0        0.70238
   8.70803        20       388         0        0.72321
   8.71488        11       433         0        0.74702
   8.72173         0       447         0        0.71429
   8.72858         6       377         0        0.65476
   8.73542         2       376         0        0.69643
   8.74227         4       397         0        0.71726
   8.74912         8       400         0        0.76190
   8.75597        18       392         0        0.70238
   8.75822        10       396         0        0.69345
   8.76506         2       374         0        0.72024
   8.77191         8       393         0        0.72321
   8.77876         3       380         0        0.69048
   8.78561         5       406         0        0.70238
   8.79246         5       418         0        0.69643
   8.79931         8       400         0        0.71726
   8.80616         5       407         0        0.72024
   8.81301         4       412         0        0.73214
   8.81986        13       408         0        0.72917
   8.82671        10       438         0        0.72024
   8.83356         7       385         0        0.70238
   8.84041        10       414         0        0.72917
   8.84726        16       463         0        0.72619
   8.85410         6       401         0        0.71429
   8.86095         6       382         0        0.69345
   8.86780        14       391         0        0.72024
   8.87465        15       381         0        0.69643
   8.88150         4       415         0        0.70238
   8.88835         4       372         0        0.67560
   8.89520        10       393         0        0.70833
   8.90205        10       401         0        0.67262
   8.90890         6       386         0        0.70536
   8.91575         8       425         0        0.73214
   8.92260        12       406         0        0.70536
   8.92945         4       418         0        0.71726
   8.93629         4       382         0        0.66964
   8.94314        16       383         0        0.72321
   8.94999         9       401         0        0.73512
   8.95684        11       409         0        0.70833
   8.96369        20       409         0        0.68452
   8.97054        10       391         0        0.69048
   8.97739        11       477         0        0.72619
   8.98424         4       372         0        0.65774
   8.99109         5       396         0        0.70833
   8.99794        21       416         0        0.75595
   9.00479        21       368         0        0.70833
   9.01164        23       397         0        0.72917
   9.01849         0       373         0        0.72024
   9.02533        10       391         0        0.69940
   9.03218        25       373         0        0.71429
   9.03903         9       420         0        0.75893
   9.04588         0       347         0        0.69345
   9.05273        15       419         0        0.70833
   9.05958        14       404         0        0.73512
   9.06643        20       362         0        0.71726
   9.07328        26       353         0        0.69940
   9.08013        14       391         0        0.73512
   9.08698         0       367         0        0.71726
   9.09383         8       391         0        0.72619
   9.10068        20       390         0        0.70238
   9.10752         4       362         0        0.69643
   9.11437         7       417         0        0.71429
   9.12122         0       406         0        0.72619
   9.12807        14       376         0        0.69345
   9.13492         8       362         0        0.67857
   9.13721        16       359         0        0.68750
   9.14406        10       398         0        0.71726
   9.15091        13       387         0        0.73810
   9.15776        15       399         0        0.70238
   9.16461        25       401         0        0.72024
   9.17145        11       397         0        0.66667
   9.17830        14       425         0        0.71726
   9.18515         2       371         0        0.71429
   9.19200        13       397         0        0.70536
   9.19885         5       411         0        0.69643
   9.20570         4       408         0        0.67262
   9.21255        14       420         0        0.74702
   9.21940        50       442         0        0.75595
   9.22625         2       396         0        0.69643
   9.23310         3       398         0        0.68452
   9.23995         0       384         0        0.69048
   9.24680        13       372         0        0.69345
   9.25365         9       407         0        0.71429
   9.26049         8       403         0        0.73512
   9.26734        10       362         0        0.70833
   9.27419         2       387         0        0.71131
   9.28104        12       380         0        0.70238
   9.28789        10       408         0        0.72024
   9.29474         5       374         0        0.71726
   9.30159         8       375         0        0.71726
   9.30844        29       450         0        0.77083
   9.31529         4       417         0        0.74107
   9.32214         7       417         0        0.73512
   9.32899        17       369         0        0.68750
   9.33584         7       402         0        0.71131
   9.34268         0       392         0        0.71726
   9.34953         1       397         0        0.74107
   9.35638         3       390         0        0.70536
   9.36323         3       366         0        0.67857
   9.37008         4       388         0        0.70833
   9.37693        19       393         0        0.73214
   9.38378         6       371         0        0.69345
   9.39063         8       370         0        0.72321
   9.39748         0       367         0        0.68750
   9.40433         7       372         0        0.68155
   9.41118         8       407         0        0.69345
   9.41803        12       355         0        0.69643
   9.42487        14       398         0        0.74107
   9.43172         1       393         0        0.75000
   9.43857         0       391         0        0.70536
   9.44542         6       420         0        0.71726
   9.45227         7       367         0        0.68452
   9.45912         8       404         0        0.71726
   9.46597        15       400         0        0.69940
   9.47282         8       364         0        0.70833
   9.47967         8       377         0        0.70238
   9.48652         6       347         0        0.65476
   9.49337        13       411         0        0.74107
   9.50022        12       370         0        0.69048
   9.50707        10       421         0        0.75595
   9.51391         8       409         0        0.75298
   9.51602        13       392         0        0.72321
