   0.00591         0         0         0        0.00000
   0.01207         0         0         0        0.00000
   0.01215         0         0         0        0.00000
   0.01840         0         0         0        0.00000
   0.01877         0         0         0        0.00000
   0.02512         0         0         0        0.00000
   0.02583         0         0         0        0.00000
   0.03230         0         0         0        0.00000
   0.03346         0         0         0        0.00000
   0.03999         0         0         0        0.00000
   0.04532         0         0         0        0.00000
   0.05191        10         0         2        0.01488
   0.05761         0         0         0        0.00000
   0.06428         0         0         0        0.00000
   0.07095         0         0         0        0.00000
   0.07467         0         0         0        0.00000
   0.08142         4         0         0        0.02083
   0.08817         4         6         0        0.03571
   0.09492         2         0         0        0.00595
   0.09692         6         0         0        0.01786
   0.10382        12         0         0        0.05952
   0.11073        30         4         2        0.11607
   0.11763        14        34         0        0.16071
   0.12454        49        35         2        0.15774
   0.13145         8        53         0        0.18750
   0.13835        16        39         0        0.15774
   0.14526        31        66         0        0.28274
   0.15216        25        69         3        0.26488
   0.15907        32        97         0        0.24702
   0.16597        49        77         0        0.24107
   0.17288        47       100         0        0.27976
   0.17978        37       126         0        0.27381
   0.18669        37       122         0        0.28274
   0.19359        51       135         0        0.32143
   0.20050        55       163         0        0.36012
   0.20740        44       138         0        0.30357
   0.21431        51       148         0        0.35417
   0.22122        52       162         0        0.33631
   0.22812        57       153         0        0.33929
   0.23503        79       221         0        0.40774
   0.24193        40       211         0        0.36310
   0.24884        65       208         0        0.41369
   0.25574        89       189         0        0.45238
   0.26265        81       196         0        0.38095
   0.26955        75       207         0        0.44345
   0.27646        81       246         4        0.44940
   0.28336        62       225         0        0.44643
   0.29027        66       223         0        0.47024
   0.29717        45       183         0        0.40179
   0.30408        60       212         0        0.43750
   0.31099        98       205         0        0.45536
   0.31789        78       219         0        0.44345
   0.32480        95       215         0        0.47321
   0.33170        66       155         0        0.39881
   0.33861        79       171         0        0.49405
   0.34551        99       189         0        0.41369
   0.35242       100       166         1        0.43750
   0.35932        83       221         0        0.45238
   0.36623        83       180         1        0.42262
   0.37313        88       201         0        0.44048
   0.38004        73       164         0        0.42262
   0.38694        96       248         0        0.53571
   0.39385        87       180         2        0.44643
   0.40076        67       206         0        0.41369
   0.40766        77       191         0        0.43155
   0.41457       105       238         0        0.43750
   0.42147        67       224         0        0.43452
   0.42838        71       231         0        0.45833
   0.43528        56       251         0        0.48810
   0.44219        89       287         1        0.48214
   0.44909        66       205         3        0.40476
   0.45600        65       247         0        0.50893
   0.46290        77       243         0        0.53274
   0.46981        87       258         0        0.50298
   0.47671        45       252         0        0.47619
   0.47701        56       264         0        0.49405
   0.48392        69       255         0        0.50000
   0.49082       106       312         0        0.52679
   0.49773        52       251         0        0.45536
   0.50463        84       270         0        0.49107
   0.51154       117       241         0        0.52083
   0.51844        89       279         0        0.50893
   0.52535        85       292         0        0.51786
   0.53225        84       320         0        0.50298
   0.53916       110       296         0        0.55952
   0.54606        75       299         0        0.55060
   0.55297        69       231         0        0.48810
   0.55987        87       263         0        0.51786
   0.56678        83       270         0        0.51786
   0.57369        76       277         0        0.46726
   0.58059        59       268         0        0.49405
   0.58750        87       288         0        0.53274
   0.59440       102       263         0        0.51786
   0.60131        88       280         0        0.52976
   0.60821        76       272         0        0.49405
   0.61512        90       297         0        0.53869
   0.62202        63       273         0        0.46429
   0.62893        81       299         0        0.52381
   0.63583       114       271         0        0.53274
   0.64274        76       241         0        0.50298
   0.64964        92       240         0        0.52381
   0.65655        71       241         0        0.47024
   0.66346       113       286         0        0.49107
   0.67036        88       279         0        0.49405
   0.67727        73       275         0        0.51190
   0.68417       115       275         0        0.56548
   0.69108        70       257         0        0.56548
   0.69798        73       307         0        0.54167
   0.70489        54       329         0        0.53274
   0.71179        86       315         0        0.53571
   0.71870        53       357         0        0.56548
   0.72560        55       341         0        0.51190
   0.73251        62       312         0        0.57440
   0.73941        55       322         3        0.50893
   0.74632        73       357         3        0.50893
   0.75323        76       275         3        0.49702
   0.76013       101       358         2        0.55357
   0.76704        48       326         0        0.48810
   0.77394        83       334         0        0.51786
   0.78085        89       319         0        0.56548
   0.78775       105       323         0        0.55655
   0.79466        91       312         0        0.55357
   0.80156        64       340         0        0.53274
   0.80847        93       343         0        0.59821
   0.81537        43       363         2        0.50298
   0.82228        59       411         0        0.58036
   0.82918        84       383         0        0.53869
   0.83609        72       352         0        0.58631
   0.84300        63       356         0        0.56845
   0.84990        58       348         0        0.54762
   0.85650        71       335         0        0.55060
   0.86340        61       362         0        0.56845
   0.87031        68       315         0        0.53571
   0.87722        66       369         0        0.58929
   0.88412        68       386         0        0.59524
   0.89103        69       364         0        0.56845
   0.89793        73       411         0        0.61012
   0.90484        74       407         0        0.67560
   0.91174        69       356         0        0.55357
   0.91865        64       408         0        0.58333
   0.92555        66       377         0        0.61012
   0.93246        68       345         0        0.58929
   0.93936        89       398         0        0.61607
   0.94627        64       340         0        0.57738
   0.95317        51       368         0        0.55952
   0.96008        53       373         0        0.54464
   0.96699        61       316         0        0.56548
   0.97389        77       386         0        0.59524
   0.98080        67       389         0        0.54464
   0.98770        59       340         0        0.53869
   0.99461        90       399         0        0.64286
   1.00151        67       384         0        0.61012
   1.00842        70       381         0        0.56845
   1.01532        79       397         0        0.59524
   1.02223        72       376         0        0.61012
   1.02913        61       375         0        0.57440
   1.03604        83       398         0        0.61607
   1.04294        95       363         0        0.59524
   1.04985        71       343         0        0.61310
   1.05676        72       371         0        0.61905
   1.06366        95       351         0        0.60417
   1.07057        93       362         0        0.62500
   1.07747        74       310         0        0.57738
   1.08438        77       349         0        0.61310
   1.09128        79       360         0        0.61012
   1.09819        68       362         0        0.61310
   1.10509        98       362         0        0.61310
   1.11200        66       370         0        0.58929
   1.11890        72       328         0        0.55655
   1.12581        78       380         0        0.56548
   1.13271        57       391         0        0.57143
   1.13962        73       299         0        0.53571
   1.14653        73       340         0        0.52679
   1.15343        85       357         0        0.56845
   1.16034        73       329         0        0.55357
   1.16724        66       361         0        0.56845
   1.17415        81       348         0        0.55060
   1.18105        76       290         0        0.54464
   1.18796        66       399         0        0.57143
   1.19486        63       370         0        0.57440
   1.20177        74       397         0        0.59524
   1.20867        67       374         0        0.55357
   1.21558        68       290         0        0.55952
   1.22248        86       359         0        0.52381
   1.22939        84       359         0        0.57440
   1.23630        56       374         0        0.58929
   1.23664        72       415         0        0.58333
   1.24355        60       405         0        0.58631
   1.25046        48       448         0        0.61310
   1.25736        45       426         0        0.60417
   1.26427        54       446         0        0.63690
   1.27117        45       443         0        0.63988
   1.27808        49       408         0        0.64583
   1.28498        63       426         0        0.64286
   1.29189        69       405         0        0.63690
   1.29879        58       404         0        0.64583
   1.30570        60       405         0        0.63988
   1.31260        57       430         0        0.65774
   1.31951        54       418         0        0.62202
   1.32641        61       456         0        0.61310
   1.33332        63       372         0        0.61607
   1.34023        47       443         0        0.60119
   1.34713        36       481         0        0.62202
   1.35404        46       371         0        0.59524
   1.36094        48       484         0        0.61905
   1.36785        53       442         0        0.61607
   1.37475        51       430         0        0.63393
   1.38166        58       424         0        0.56845
   1.38856        54       457         0        0.62798
   1.39547        42       386         0        0.61310
   1.40237        61       402         0        0.60714
   1.40928        57       445         0        0.59524
   1.41618        47       376         0        0.64286
   1.42309        59       420         0        0.63393
   1.43000        58       452         0        0.67857
   1.43690        61       404         0        0.65179
   1.44381        65       376         0        0.61012
   1.45071        58       396         0        0.63988
   1.45762        62       381         0        0.57738
   1.46452        57       396         0        0.61607
   1.47143        73       416         0        0.65774
   1.47833        72       374         0        0.64583
   1.48524        53       382         0        0.64583
   1.49214        63       402         0        0.67857
   1.49905        62       455         0        0.63988
   1.50595        55       373         0        0.65476
   1.51286        58       381         0        0.62798
   1.51977        54       382         0        0.64286
   1.52667        53       462         0        0.68155
   1.53358        70       386         0        0.62500
   1.54048        56       373         0        0.63095
   1.54739        66       347         0        0.58036
   1.55429        64       363         0        0.63393
   1.56120        74       391         0        0.65774
   1.56810        63       354         0        0.60417
   1.57501        57       374         0        0.60119
   1.58191        78       381         0        0.63988
   1.58882        63       368         0        0.59226
   1.59572        66       350         0        0.58036
   1.60263        71       373         0        0.62202
   1.60954        89       395         0        0.62202
   1.61644        62       352         0        0.60714
   1.61728        58       338         0        0.59524
   1.62418        53       357         0        0.60119
   1.63109        72       401         0        0.64286
   1.63799        63       379         0        0.63095
   1.64490        54       426         0        0.60714
   1.65180        76       387         0        0.62798
   1.65871        66       449         0        0.61905
   1.66561        52       400         0        0.63393
   1.67252        60       411         0        0.63095
   1.67942        87       389         2        0.63690
   1.68633        57       393         0        0.60714
   1.69324        53       374         0        0.61310
   1.70014        54       373         0        0.60714
   1.70705        52       357         0        0.58333
   1.71395        68       358         0        0.60119
   1.72086        68       402         0        0.62798
   1.72776        49       393         0        0.64583
   1.73467        73       397         0        0.63988
   1.74157        61       361         0        0.60417
   1.74848        51       384         0        0.60417
   1.75538        67       396         0        0.61310
   1.76229        51       395         0        0.61310
   1.76919        72       380         0        0.61607
   1.77610        62       440         0        0.63690
   1.78301        69       342         0        0.60714
   1.78991        49       380         0        0.63988
   1.79682        59       405         0        0.63393
   1.80372        72       371         0        0.65476
   1.81063        51       396         0        0.57738
   1.81753        77       349         0        0.61607
   1.82444        63       348         0        0.64286
   1.83134        76       375         0        0.62500
   1.83825        69       382         0        0.58929
   1.84515        53       431         0        0.67560
   1.85206        50       392         0        0.60119
   1.85896        68       410         0        0.61310
   1.86587        61       393         0        0.63095
   1.87277        59       426         0        0.62500
   1.87968        78       394         0        0.66071
   1.88659        69       398         0        0.63095
   1.89349        61       357         0        0.63095
   1.90040        93       385         0        0.65476
   1.90730        66       346         0        0.63988
   1.91421        56       401         0        0.62202
   1.92111        59       370         0        0.63393
   1.92802        80       407         0        0.64286
   1.93492        68       436         0        0.65774
   1.94183        75       431         0        0.63988
   1.94873        75       397         0        0.66071
   1.95564        72       412         0        0.65774
   1.96254        82       418         0        0.65179
   1.96945        58       411         0        0.67857
   1.97636        56       401         0        0.65774
   1.98326        74       417         0        0.63095
   1.99017        64       393         0        0.67262
   1.99707        58       425         0        0.63393
   1.99836        64       430         0        0.64881
   2.00527        60       449         0        0.64286
   2.01218        51       370         0        0.61905
   2.01908        66       409         0        0.62798
   2.02599        53       418         0        0.62798
   2.03289        67       351         0        0.61607
   2.03980        48       376         0        0.59524
   2.04670        66       372         0        0.63095
   2.05361        53       419         0        0.66667
   2.06051        54       391         0        0.63393
   2.06742        45       414         0        0.61607
   2.07432        58       444         0        0.64286
   2.08123        51       424         0        0.64583
   2.08813        51       422         0        0.64286
   2.09504        66       432         0        0.67560
   2.10195        64       408         0        0.60714
   2.10885        71       418         0        0.64583
   2.11576        54       440         0        0.69345
   2.12266        62       454         0        0.64286
   2.12957        69       380         0        0.65179
   2.13647        63       416         0        0.64881
   2.14338        69       448         0        0.66369
   2.15028        59       385         0        0.66964
   2.15719        64       350         0        0.62798
   2.16409        60       374         0        0.66071
   2.17100        73       351         0        0.65476
   2.17790        82       404         0        0.70536
   2.18481        65       490         0        0.67857
   2.19172        62       448         0        0.66667
   2.19862        69       479         0        0.69345
   2.20553        66       385         0        0.66964
   2.21243        59       417         0        0.66071
   2.21934        67       439         0        0.65774
   2.22624        61       320         0        0.63095
   2.23315        50       433         0        0.69048
   2.24005        46       383         0        0.63095
   2.24696        53       385         0        0.64286
   2.25386        49       404         0        0.65179
   2.26077        68       468         0        0.65476
   2.26767        55       398         0        0.63690
   2.27458        77       430         0        0.68452
   2.28149        65       423         0        0.66964
   2.28839        69       397         0        0.63690
   2.29530        52       386         0        0.63095
   2.30220        67       446         0        0.63095
   2.30911        65       333         0        0.63988
   2.31601        58       407         0        0.65774
   2.32292        70       383         0        0.66667
   2.32982        72       392         0        0.66667
   2.33673        64       437         0        0.66964
   2.34363        77       427         0        0.67560
   2.35054        68       397         0        0.66369
   2.35744        73       484         0        0.70536
   2.36435        63       406         0        0.67262
   2.37126        50       382         0        0.65179
   2.37816        66       331         0        0.62202
   2.37964        67       383         0        0.65179
   2.38654        64       371         0        0.64881
   2.39345        80       410         0        0.68155
   2.40035        70       421         0        0.67560
   2.40726        76       362         0        0.63988
   2.41416        67       374         0        0.69048
   2.42107        63       372         0        0.63988
   2.42797        70       390         0        0.69940
   2.43488        59       390         0        0.63988
   2.44178        71       399         0        0.69048
   2.44869        62       394         0        0.64881
   2.45559        65       369         0        0.66667
   2.46250        67       423         0        0.67857
   2.46941        63       377         0        0.66369
   2.47631        63       386         0        0.63095
   2.48322        69       385         0        0.65179
   2.49012        62       399         0        0.66964
   2.49703        63       370         0        0.65476
   2.50393        73       455         0        0.66667
   2.51084        70       420         0        0.69048
   2.51774        51       392         0        0.65476
   2.52465        58       443         0        0.66964
   2.53155        68       388         0        0.68155
   2.53846        60       383         0        0.62500
   2.54536        72       377         0        0.65774
   2.55227        72       433         0        0.65179
   2.55918        54       391         0        0.63095
   2.56608        52       401         0        0.63988
   2.57299        51       365         0        0.59524
   2.57989        64       401         0        0.63095
   2.58680        55       392         0        0.66071
   2.59370        66       389         0        0.61607
   2.60061        65       383         0        0.66071
   2.60751        68       341         0        0.65476
   2.61442        60       418         0        0.64286
   2.62132        64       387         0        0.66964
   2.62823        70       363         0        0.65179
   2.63513        77       411         0        0.65476
   2.64204        56       362         0        0.64583
   2.64895        65       353         0        0.65179
   2.65585        56       440         0        0.63988
   2.66276        59       415         0        0.68452
   2.66966        54       422         0        0.64286
   2.67657        65       441         0        0.66964
   2.68347        54       370         0        0.63095
   2.69038        65       392         0        0.62500
   2.69728        58       390         0        0.66964
   2.70419        52       338         0        0.61905
   2.71109        79       420         0        0.67262
   2.71800        55       422         0        0.66071
   2.72490        67       431         0        0.67857
   2.73181        84       411         0        0.65179
   2.73872        73       355         0        0.63393
   2.74562        50       339         0        0.58631
   2.75253        63       383         0        0.64881
   2.75943        63       367         0        0.65476
   2.76198        54       355         0        0.61607
   2.76888        67       430         0        0.67262
   2.77579        67       381         0        0.64583
   2.78270        59       359         0        0.59821
   2.78960        73       373         0        0.62500
   2.79651        71       359         0        0.61012
   2.80341        67       354         0        0.63690
   2.81032        64       379         0        0.62798
   2.81722        76       388         0        0.63095
   2.82413        49       371         0        0.63690
   2.83103        58       344         0        0.61607
   2.83794        76       325         0        0.62202
   2.84484        72       330         0        0.61905
   2.85175        93       385         0        0.64881
   2.85865        74       309         0        0.60417
   2.86556        64       363         0        0.59821
   2.87247        56       305         0        0.59524
   2.87937        76       384         0        0.63095
   2.88628        56       366         0        0.63690
   2.89318        60       394         0        0.60417
   2.90009        57       336         0        0.60714
   2.90699        78       371         3        0.65774
   2.91390        56       342         0        0.58929
   2.92080        48       375         0        0.60714
   2.92771        55       372         0        0.61012
   2.93461        64       369         0        0.63095
   2.94152        62       401         0        0.68452
   2.94842        58       366         0        0.65476
   2.95533        60       368         0        0.65774
   2.96224        86       332         0        0.60714
   2.96914        55       337         0        0.58929
   2.97605        68       372         0        0.64583
   2.98295        71       427         0        0.63095
   2.98986        52       394         0        0.63988
   2.99676        58       390         0        0.63690
   3.00367        53       397         0        0.68750
   3.01057        66       378         0        0.66667
   3.01748        49       359         0        0.65476
   3.02438        46       329         0        0.60119
   3.03129        57       443         0        0.64881
   3.03819        71       376         0        0.64286
   3.04510        63       360         0        0.68452
   3.05201        62       367         0        0.63690
   3.05891        46       393         0        0.64583
   3.06582        37       333         0        0.58036
   3.07272        67       379         0        0.62798
   3.07963        56       367         0        0.63393
   3.08653        64       332         0        0.65179
   3.09344        65       367         0        0.64583
   3.10034        58       352         0        0.63690
   3.10725        65       374         0        0.63690
   3.11415        62       351         0        0.64286
   3.12106        80       384         0        0.60119
   3.12796        65       426         0        0.62202
   3.13487        65       369         4        0.61012
   3.14178        59       426         0        0.67262
   3.14354        76       436         0        0.68155
   3.15044        79       392         4        0.64881
   3.15735        78       324         0        0.61012
   3.16425        61       382         0        0.59821
   3.17116        56       323         0        0.63393
   3.17806        75       365         0        0.66071
   3.18497        61       367         0        0.65774
   3.19188        61       365         0        0.60417
   3.19878        79       418         0        0.66071
   3.20569        60       326         0        0.65179
   3.21259        50       348         0        0.62500
   3.21950        70       411         0        0.65476
   3.22640        59       421         0        0.66071
   3.23331        68       382         0        0.66667
   3.24021        73       399         0        0.63393
   3.24712        71       381         0        0.62202
   3.25402        60       332         0        0.62500
   3.26093        74       398         0        0.61905
   3.26783        67       389         0        0.64286
   3.27474        72       355         0        0.61310
   3.28165        65       402         0        0.65179
   3.28855        58       341         0        0.65774
   3.29546        55       438         0        0.66071
   3.30236        64       406         0        0.66964
   3.30927        58       397         0        0.66369
   3.31617        63       373         0        0.59821
   3.32308        55       364         0        0.58929
   3.32998        53       365         0        0.61310
   3.33689        55       326         0        0.61012
   3.34379        59       356         0        0.66369
   3.35070        54       363         0        0.62202
   3.35760        59       343         0        0.61607
   3.36451        71       402         0        0.62202
   3.37142        65       402         0        0.65179
   3.37832        56       387         0        0.61607
   3.38523        74       398         0        0.64881
   3.39213        61       418         0        0.62202
   3.39904        54       362         0        0.61607
   3.40594        74       380         0        0.65179
   3.41285        55       383         0        0.65476
   3.41975        59       366         0        0.61310
   3.42666        54       370         0        0.63095
   3.43356        47       390         0        0.58631
   3.44047        63       352         0        0.60417
   3.44737        63       369         0        0.60417
   3.45428        42       342         0        0.57738
   3.46119        73       376         0        0.65179
   3.46809        50       357         0        0.62798
   3.47500        64       456         0        0.69048
   3.48190        49       366         0        0.65179
   3.48881        54       372         0        0.61012
   3.49571        67       337         0        0.58333
   3.50262        65       354         0        0.56250
   3.50952        41       407         0        0.63988
   3.51643        55       386         0        0.65774
   3.52333        69       380         3        0.61905
   3.52479        59       359         0        0.62202
   3.53170        60       319         0        0.58929
   3.53860        57       379         0        0.61905
   3.54551        71       391         3        0.66667
   3.55241        57       435         0        0.64881
   3.55932        47       373         0        0.62500
   3.56622        54       380         0        0.64583
   3.57313        75       341         0        0.58929
   3.58004        61       400         0        0.65476
   3.58694        54       382         0        0.63095
   3.59385        56       406         0        0.63393
   3.60075        62       393         0        0.60714
   3.60766        75       334         0        0.59821
   3.61456        81       348         0        0.60417
   3.62147        49       372         0        0.61607
   3.62837        53       378         0        0.64583
   3.63528        66       342         0        0.63988
   3.64218        68       367         0        0.62202
   3.64909        56       369         0        0.65774
   3.65599        47       380         0        0.63988
   3.66290        61       343         0        0.60119
   3.66980        66       376         0        0.60119
   3.67671        61       391         0        0.59821
   3.68362        64       344         0        0.59226
   3.69052        68       368         0        0.63690
   3.69743        69       362         0        0.61905
   3.70433        70       467         0        0.65774
   3.71124        50       398         0        0.62202
   3.71814        67       387         0        0.60714
   3.72505        54       372         0        0.58631
   3.73195        52       350         0        0.59226
   3.73886        69       386         0        0.64583
   3.74576        58       325         0        0.63393
   3.75267        90       353         0        0.67857
   3.75958        75       318         0        0.63393
   3.76648        76       387         0        0.67262
   3.77339        60       392         0        0.64583
   3.78029        63       335         0        0.62500
   3.78720        61       358         0        0.63095
   3.79410        61       354         0        0.64286
   3.80101        71       413         0        0.65179
   3.80791        68       389         0        0.66071
   3.81482        50       388         0        0.63095
   3.82172        72       376         0        0.65774
   3.82863        53       397         0        0.66369
   3.83553        58       395         0        0.69940
   3.84244        78       372         0        0.68155
   3.84934        59       328         0        0.68452
   3.85625        63       379         0        0.65774
   3.86316        79       373         0        0.65774
   3.87006        58       385         0        0.68452
   3.87697        77       369         0        0.68155
   3.88387        60       395         0        0.67262
   3.89078        73       368         0        0.64881
   3.89768        64       340         0        0.65179
   3.90459        76       374         0        0.69940
   3.90708        71       377         0        0.69940
   3.91398        65       344         0        0.63393
   3.92089        60       385         0        0.68155
   3.92780        57       389         0        0.65476
   3.93470        41       331         0        0.65774
   3.94161        62       339         0        0.69048
   3.94851        49       340         0        0.65179
   3.95542        63       392         0        0.67560
   3.96232        47       336         0        0.62798
   3.96923        61       383         0        0.67857
   3.97613        66       375         0        0.70536
   3.98304        49       409         0        0.69643
   3.98994        68       371         0        0.68750
   3.99685        55       383         0        0.67560
   4.00375        65       367         0        0.65476
   4.01066        92       436         0        0.70536
   4.01757        56       377         0        0.69048
   4.02447        54       363         0        0.69345
   4.03138        64       363         0        0.64881
   4.03828        62       382         0        0.65476
   4.04519        49       345         0        0.63095
   4.05209        68       450         0        0.69643
   4.05900        56       416         0        0.69048
   4.06590        56       381         0        0.66964
   4.07281        55       376         0        0.68452
   4.07971        78       380         0        0.67262
   4.08662        81       367         0        0.67560
   4.09352        68       386         0        0.70833
   4.10043        80       369         0        0.66369
   4.10734        66       403         0        0.67857
   4.11424        66       376         0        0.68750
   4.12115        69       411         0        0.68155
   4.12805        64       403         0        0.67560
   4.13496        68       382         0        0.66964
   4.14186        70       400         0        0.67857
   4.14877        69       343         0        0.68452
   4.15567        68       393         0        0.64881
   4.16258        63       343         0        0.62798
   4.16948        67       396         0        0.66369
   4.17639        54       364         0        0.61905
   4.18329        68       383         0        0.68452
   4.19020        57       378         0        0.65179
   4.19711        52       361         0        0.65774
   4.20401        51       357         0        0.66667
   4.21092        53       345         0        0.66369
   4.21782        58       382         0        0.69940
   4.22473        61       361         0        0.64881
   4.23163        61       312         0        0.65774
   4.23854        73       348         0        0.67560
   4.24544        61       356         0        0.63690
   4.25235        54       398         0        0.64583
   4.25925        54       363         0        0.68452
   4.26616        61       355         0        0.64583
   4.27306        46       342         0        0.65476
   4.27997        70       356         0        0.67262
   4.28688        67       336         0        0.61905
   4.29054        64       344         0        0.64583
   4.29744        61       362         0        0.64583
   4.30435        61       360         0        0.66964
   4.31125        65       384         0        0.67262
   4.31816        61       367         0        0.61607
   4.32506        69       355         0        0.62798
   4.33197        48       345         0        0.64881
   4.33887        67       442         0        0.67560
   4.34578        57       408         0        0.62500
   4.35269        56       371         0        0.65179
   4.35959        57       394         0        0.68155
   4.36650        50       348         0        0.63393
   4.37340        49       375         0        0.61012
   4.38031        56       370         0        0.68155
   4.38721        51       395         0        0.68452
   4.39412        62       390         0        0.64583
   4.40102        48       412         0        0.68452
   4.40793        55       368         0        0.67262
   4.41483        48       376         0        0.69048
   4.42174        73       363         0        0.68452
   4.42864        75       430         0        0.72024
   4.43555        55       371         0        0.67857
   4.44246        69       394         0        0.68155
   4.44936        58       376         0        0.66369
   4.45627        70       368         0        0.68750
   4.46317        58       391         0        0.69345
   4.47008        48       315         0        0.63095
   4.47698        58       349         0        0.65179
   4.48389        58       368         0        0.62500
   4.49079        69       354         0        0.66071
   4.49770        65       337         0        0.61905
   4.50460        64       363         0        0.68155
   4.51151        46       363         0        0.64583
   4.51841        55       362         0        0.62500
   4.52532        84       304         0        0.61905
   4.53223        63       367         0        0.65774
   4.53913        51       401         0        0.68452
   4.54604        53       326         0        0.66071
   4.55294        57       360         0        0.65774
   4.55985        53       404         0        0.65179
   4.56675        63       450         0        0.65476
   4.57366        76       385         0        0.65179
   4.58056        57       311         0        0.63988
   4.58747        60       380         0        0.67857
   4.59437        71       430         0        0.68750
   4.60128        50       356         0        0.65179
   4.60818        57       379         0        0.63095
   4.61509        60       404         0        0.66369
   4.62200        63       369         0        0.66071
   4.62890        74       341         0        0.65476
   4.63581        72       409         0        0.69643
   4.64271        82       366         0        0.68155
   4.64962        50       357         0        0.67857
   4.65652        68       375         0        0.72024
   4.66343        72       405         0        0.66667
   4.67033        70       377         0        0.68452
   4.67373        74       407         0        0.67857
   4.68063        62       391         0        0.66369
   4.68754        53       387         0        0.65476
   4.69445        67       399         0        0.65774
   4.70135        64       380         0        0.66964
   4.70826        59       375         0        0.68155
   4.71516        71       401         0        0.63690
   4.72207        68       380         0        0.64583
   4.72897        54       350         0        0.68452
   4.73588        71       349         0        0.69643
   4.74278        56       381         0        0.73810
   4.74969        57       381         0        0.67857
   4.75659        62       365         0        0.69643
   4.76350        72       404         0        0.70833
   4.77040        65       366         0        0.70536
   4.77731        64       338         0        0.62798
   4.78422        59       378         0        0.66369
   4.79112        50       358         0        0.66369
   4.79803        49       430         0        0.68155
   4.80493        59       377         0        0.70833
   4.81184        66       391         0        0.69940
   4.81874        60       340         0        0.67262
   4.82565        68       361         0        0.67262
   4.83255        68       391         0        0.70238
   4.83946        65       321         0        0.64286
   4.84636        65       422         0        0.72024
   4.85327        68       428         0        0.71429
   4.86017        76       433         0        0.69940
   4.86708        57       358         0        0.66369
   4.87399        69       417         0        0.64881
   4.88089        58       455         0        0.69643
   4.88780        63       432         0        0.69940
   4.89470        65       362         0        0.66964
   4.90161        61       375         0        0.66071
   4.90851        63       368         0        0.67262
   4.91542        55       384         0        0.72024
   4.92232        70       368         0        0.65774
   4.92923        74       382         0        0.65476
   4.93613        74       371         0        0.68452
   4.94304        60       404         0        0.64286
   4.94994        57       371         0        0.65179
   4.95685        58       386         0        0.68750
   4.96376        62       327         0        0.65774
   4.97066        68       418         0        0.69643
   4.97757        59       373         0        0.68155
   4.98447        78       369         0        0.67857
   4.99138        70       415         0        0.66667
   4.99828        79       384         0        0.69643
   5.00519        53       366         0        0.67857
   5.01209        61       359         0        0.63988
   5.01900        70       374         0        0.64583
   5.02590        60       418         0        0.66667
   5.03281        71       339         0        0.66071
   5.03971        66       398         0        0.71131
   5.04662        55       400         0        0.67262
   5.05353        67       397         0        0.70833
   5.05669        77       402         0        0.71726
   5.06360        66       375         0        0.67560
   5.07050        61       445         0        0.71131
   5.07741        73       427         0        0.68452
   5.08431        68       377         0        0.68750
   5.09122        58       372         0        0.70536
   5.09813        74       345         0        0.68155
   5.10503        55       389         0        0.64583
   5.11194       103       415         0        0.71429
   5.11884        77       346         0        0.66369
   5.12575        82       385         0        0.71429
   5.13265        55       392         0        0.67262
   5.13956        73       394         0        0.70833
   5.14646        67       433         0        0.70833
   5.15337        62       407         0        0.69345
   5.16027        74       391         0        0.68155
   5.16718        60       379         0        0.69643
   5.17408        64       408         0        0.64881
   5.18099        66       379         0        0.68452
   5.18790        57       371         0        0.69643
   5.19480        50       355         0        0.66071
   5.20171        47       345         0        0.65774
   5.20861        55       361         0        0.68750
   5.21552        75       355         0        0.66667
   5.22242        61       392         0        0.66667
   5.22933        55       352         0        0.64881
   5.23623        63       369         0        0.70833
   5.24314        64       379         0        0.68155
   5.25004        57       377         0        0.66071
   5.25695        60       369         0        0.65774
   5.26385        85       385         0        0.69643
   5.27076        70       402         0        0.68155
   5.27767        84       361         0        0.68452
   5.28457        46       315         0        0.63393
   5.29148        68       353         0        0.63988
   5.29838        59       368         0        0.61905
   5.30529        62       356         0        0.67857
   5.31219        59       358         0        0.65179
   5.31910        56       351         0        0.65476
   5.32600        74       359         0        0.65476
   5.33291        43       367         0        0.64583
   5.33981        69       369         0        0.64286
   5.34672        66       375         0        0.63988
   5.35362        66       382         0        0.66667
   5.36053        67       386         0        0.70833
   5.36744        49       382         0        0.63393
   5.37434        74       371         0        0.68750
   5.38125        51       337         0        0.63393
   5.38815        68       395         0        0.66667
   5.39506        62       344         0        0.68155
   5.40196        53       358         0        0.69940
   5.40887        60       400         0        0.69940
   5.41577        50       406         0        0.67857
   5.42268        53       438         0        0.69643
   5.42958        68       393         0        0.65774
   5.43649        58       388         0        0.71726
   5.43883        58       410         0        0.70238
   5.44574        61       346         0        0.63988
   5.45265        41       344         0        0.63690
   5.45955        45       382         0        0.69940
   5.46646        68       409         0        0.70833
   5.47336        61       361         0        0.68750
   5.48027        58       363         0        0.68750
   5.48717        87       411         0        0.66667
   5.49408        58       379         0        0.70536
   5.50098        61       357         0        0.64881
   5.50789        73       369         0        0.65774
   5.51479        65       342         0        0.64881
   5.52170        66       351         0        0.65476
   5.52860        74       345         2        0.66964
   5.53551        68       328         0        0.63690
   5.54242        63       383         0        0.67857
   5.54932        43       391         0        0.69643
   5.55623        48       355         0        0.67560
   5.56313        62       343         0        0.66071
   5.57004        50       404         0        0.69048
   5.57694        70       336         0        0.65179
   5.58385        68       384         0        0.70833
   5.59075        60       366         0        0.65774
   5.59766        81       387         0        0.67857
   5.60456        59       347         0        0.65774
   5.61147        49       355         0        0.65774
   5.61837        53       361         0        0.65179
   5.62528        60       393         0        0.66071
   5.63219        64       346         0        0.64881
   5.63909        82       372         0        0.69048
   5.64600        65       345         0        0.65774
   5.65290        60       389         0        0.66071
   5.65981        54       350         0        0.66667
   5.66671        58       377         0        0.67560
   5.67362        48       396         0        0.67857
   5.68052        52       334         0        0.67262
   5.68743        70       356         0        0.66369
   5.69433        56       384         0        0.68750
   5.70124        69       385         0        0.67262
   5.70814        81       385         0        0.67560
   5.71505        66       376         0        0.69048
   5.72196        86       411         3        0.68750
   5.72886        76       361         0        0.68452
   5.73577        79       356         0        0.67560
   5.74267        69       331         0        0.61607
   5.74958        91       379         3        0.71131
   5.75648        74       373         0        0.71131
   5.76339        95       376         2        0.69940
   5.77029        71       414         0        0.71726
   5.77720        74       398         0        0.66964
   5.78410        71       374         0        0.66667
   5.79101        75       355         0        0.69048
   5.79791        72       421         0        0.68452
   5.80482        87       410         0        0.70833
   5.81172        60       358         0        0.60119
   5.81863        72       376         0        0.65476
   5.82117        80       350         0        0.65774
   5.82807        55       324         0        0.66667
   5.83498        65       355         0        0.66071
   5.84189        53       352         0        0.63095
   5.84879        79       328         0        0.65476
   5.85570        57       371         0        0.66369
   5.86260        71       353         0        0.63988
   5.86951        80       383         0        0.64286
   5.87641        82       388         0        0.65179
   5.88332        60       347         0        0.66369
   5.89022        69       383         0        0.67262
   5.89713        79       383         0        0.72321
   5.90403        95       358         0        0.66369
   5.91094        67       370         0        0.65774
   5.91784        87       331         0        0.68750
   5.92475        74       409         1        0.68452
   5.93166        72       401         0        0.69048
   5.93856        53       370         0        0.63690
   5.94547        47       391         0        0.66667
   5.95237        55       381         0        0.65476
   5.95928        62       376         0        0.62500
   5.96618        79       377         0        0.65179
   5.97309        78       396         0        0.70833
   5.97999        72       355         0        0.66369
   5.98690        59       404         0        0.69345
   5.99380        68       372         0        0.69345
   6.00071        81       373         0        0.66071
   6.00761        72       388         0        0.63393
   6.01452        74       378         0        0.61905
   6.02143        63       347         0        0.67560
   6.02833        58       328         0        0.63393
   6.03524        76       412         0        0.70536
   6.04214        54       368         0        0.65476
   6.04905        48       314         0        0.59226
   6.05595        61       376         0        0.66369
   6.06286        77       375         0        0.67857
   6.06976        53       386         0        0.66071
   6.07667        79       350         0        0.61607
   6.08357        57       340         0        0.63690
   6.09048        62       403         0        0.67857
   6.09738        56       380         0        0.65476
   6.10429        65       394         0        0.62500
   6.11120        50       340         0        0.66667
   6.11810        59       373         0        0.69048
   6.12501        68       376         0        0.66667
   6.13191        59       347         0        0.66369
   6.13882        74       301         0        0.64583
   6.14572        42       312         0        0.63988
   6.15263        70       313         0        0.65476
   6.15953        83       310         0        0.66071
   6.16644        51       333         0        0.62798
   6.17334        71       352         0        0.63393
   6.18025        68       327         0        0.65179
   6.18715        66       410         0        0.65774
   6.19406        63       369         0        0.62798
   6.20097        64       403         0        0.66369
   6.20386        56       377         0        0.69048
   6.21077        59       382         0        0.68155
   6.21767        68       369         0        0.66667
   6.22458        54       365         0        0.66369
   6.23148        62       391         0        0.68452
   6.23839        56       411         0        0.69048
   6.24530        73       372         0        0.68452
   6.25220        62       364         0        0.66667
   6.25911        73       331         0        0.65476
   6.26601        76       399         0        0.74702
   6.27292        75       374         0        0.70833
   6.27982        66       372         0        0.65476
   6.28673        66       387         0        0.63988
   6.29363        65       392         0        0.69940
   6.30054        59       347         0        0.71429
   6.30744        47       397         0        0.71131
   6.31435        76       354         0        0.68452
   6.32125        68       375         0        0.71726
   6.32816        43       445         0        0.73214
   6.33507        49       354         0        0.70833
   6.34197        58       418         0        0.72619
   6.34888        66       422         0        0.72619
   6.35578        62       429         0        0.69643
   6.36269        54       411         0        0.70536
   6.36959        62       409         0        0.74107
   6.37650        48       388         0        0.72321
   6.38340        38       385         0        0.73810
   6.39031        55       429         0        0.78274
   6.39721        52       450         0        0.72321
   6.40412        45       451         0        0.73512
   6.41102        58       398         0        0.75893
   6.41793        53       404         0        0.71429
   6.42484        40       383         0        0.68750
   6.43174        41       427         0        0.72024
   6.43865        46       376         0        0.66369
   6.44555        48       389         0        0.70536
   6.45246        42       417         0        0.73810
   6.45936        42       388         0        0.70536
   6.46627        42       396         0        0.68155
   6.47317        46       333         0        0.64881
   6.48008        67       404         0        0.71131
   6.48698        56       397         0        0.72321
   6.49389        53       413         0        0.72619
   6.50079        40       409         0        0.74405
   6.50770        42       386         0        0.72619
   6.51461        68       396         0        0.70238
   6.52151        53       422         0        0.72917
   6.52842        58       381         0        0.68452
   6.53532        36       452         0        0.72024
   6.54223        47       424         0        0.73214
   6.54913        49       392         0        0.66369
   6.55604        41       418         0        0.71429
   6.56294        52       376         0        0.72024
   6.56985        64       418         0        0.70238
   6.57675        70       405         0        0.77083
   6.58366        81       481         0        0.75298
   6.58689        54       396         0        0.72917
   6.59380        37       387         0        0.67560
   6.60070        37       383         0        0.65476
   6.60761        42       422         0        0.70536
   6.61452        61       430         0        0.69345
   6.62142        60       428         0        0.66667
   6.62833        43       404         0        0.67262
   6.63523        69       463         0        0.73214
   6.64214        58       436         0        0.70833
   6.64904        56       406         0        0.70238
   6.65595        45       391         0        0.65774
   6.66285        47       398         0        0.65476
   6.66976        45       423         0        0.69643
   6.67666        53       428         0        0.69940
   6.68357        39       433         0        0.68452
   6.69047        57       410         0        0.72619
   6.69738        50       425         0        0.75000
   6.70429        48       413         0        0.69940
   6.71119        52       453         0        0.69345
   6.71810        50       419         0        0.70833
   6.72500        52       400         0        0.69643
   6.73191        40       354         0        0.66964
   6.73881        38       403         0        0.72321
   6.74572        66       435         0        0.74107
   6.75262        53       422         0        0.73810
   6.75953        63       423         0        0.72321
   6.76643        46       427         0        0.71429
   6.77334        44       378         0        0.66964
   6.78024        57       432         0        0.73214
   6.78715        45       425         0        0.69345
   6.79406        72       441         0        0.69048
   6.80096        42       439         0        0.66071
   6.80787        47       417         0        0.68452
   6.81477        68       423         0        0.72917
   6.82168        47       355         0        0.69940
   6.82858        41       441         0        0.72619
   6.83549        49       400         0        0.69048
   6.84239        38       430         0        0.72024
   6.84930        56       404         0        0.67857
   6.85620        45       391         0        0.63690
   6.86311        64       406         0        0.67857
   6.87001        59       430         0        0.68452
   6.87692        65       464         0        0.66964
   6.88383        48       416         0        0.61310
   6.89073        40       421         0        0.70238
   6.89764        42       387         0        0.63393
   6.90454        53       390         0        0.61905
   6.91145        44       410         0        0.64583
   6.91835        51       387         0        0.63690
   6.92526        48       415         0        0.67262
   6.93216        55       383         0        0.67857
   6.93907        47       412         0        0.68750
   6.94597        71       408         0        0.70833
   6.95288        60       410         0        0.66369
   6.95978        52       394         0        0.65774
   6.96669        60       391         0        0.68452
   6.96918        66       385         0        0.68155
   6.97609        54       380         0        0.69048
   6.98299        51       375         0        0.66667
   6.98990        69       402         0        0.68155
   6.99680        45       416         0        0.68750
   7.00371        61       379         0        0.65179
   7.01061        38       454         0        0.69345
   7.01752        47       385         0        0.69048
   7.02443        43       406         0        0.69643
   7.03133        46       436         0        0.72619
   7.03824        48       414         0        0.72024
   7.04514        47       433         0        0.72024
   7.05205        60       374         0        0.71429
   7.05895        53       409         0        0.72321
   7.06586        55       366         0        0.63095
   7.07276        43       396         0        0.66667
   7.07967        43       376         0        0.63095
   7.08657        82       396         0        0.70833
   7.09348        42       364         0        0.66369
   7.10038        77       399         0        0.70536
   7.10729        43       403         0        0.70536
   7.11419        51       427         0        0.68750
   7.12110        47       407         0        0.64881
   7.12801        48       373         0        0.66964
   7.13491        42       401         0        0.67262
   7.14182        59       411         0        0.72619
   7.14872        58       395         0        0.70238
   7.15563        66       414         0        0.67560
   7.16253        79       451         0        0.77679
   7.16944        46       433         0        0.68452
   7.17634        59       399         0        0.69643
   7.18325        40       409         0        0.71131
   7.19015        43       416         0        0.72321
   7.19706        65       430         0        0.68155
   7.20397        45       403         0        0.69345
   7.21087        67       399         0        0.67857
   7.21778        50       408         0        0.66667
   7.22468        63       375         0        0.63393
   7.23159        53       420         0        0.68750
   7.23849        49       428         0        0.68155
   7.24540        44       338         0        0.64583
   7.25230        59       387         0        0.68452
   7.25921        64       397         0        0.66964
   7.26611        61       371         0        0.65476
   7.27302        62       401         0        0.67262
   7.27992        55       384         0        0.65179
   7.28683        47       348         0        0.62500
   7.29373        56       400         0        0.67560
   7.30064        62       405         0        0.68750
   7.30755        46       419         0        0.70833
   7.31445        54       353         0        0.69048
   7.32136        38       343         0        0.66071
   7.32826        68       477         0        0.75298
   7.33517        55       394         0        0.68452
   7.34207        49       474         0        0.72619
   7.34898        36       391         0        0.70238
   7.35144        46       378         0        0.65476
   7.35834        54       471         0        0.68750
   7.36525        71       437         0        0.70833
   7.37215        54       405         0        0.72321
   7.37906        50       439         0        0.73214
   7.38596        56       411         0        0.66964
   7.39287        56       461         0        0.69048
   7.39977        49       431         0        0.67262
   7.40668        44       419         0        0.72024
   7.41359        64       387         0        0.70833
   7.42049        55       369         0        0.68452
   7.42740        49       409         0        0.65476
   7.43430        54       376         0        0.63095
   7.44121        48       402         0        0.66071
   7.44811        50       403         0        0.67262
   7.45502        61       399         0        0.64881
   7.46192        56       421         0        0.69643
   7.46883        42       369         0        0.66964
   7.47573        46       404         0        0.65476
   7.48264        53       484         0        0.70536
   7.48954        52       472         0        0.71131
   7.49645        40       418         0        0.67857
   7.50336        62       387         0        0.69345
   7.51026        44       451         0        0.68155
   7.51717        52       473         0        0.74107
   7.52407        58       478         0        0.76488
   7.53098        77       452         0        0.70536
   7.53788        48       446         0        0.68750
   7.54479        50       430         0        0.71429
   7.55169        47       439         0        0.71429
   7.55860        53       419         0        0.73810
   7.56550        52       409         0        0.71726
   7.57241        40       414         0        0.69345
   7.57931        49       409         0        0.67560
   7.58622        58       380         0        0.72917
   7.59313        46       438         0        0.75000
   7.60003        64       449         0        0.75595
   7.60694        51       386         0        0.68452
   7.61384        38       400         0        0.69643
   7.62075        49       434         0        0.71131
   7.62765        47       446         0        0.72917
   7.63456        45       417         0        0.74107
   7.64146        51       410         0        0.69940
   7.64837        52       464         0        0.74702
   7.65527        51       474         0        0.74107
   7.66218        46       410         0        0.73512
   7.66908        57       416         0        0.72024
   7.67599        46       439         0        0.71429
   7.68290        45       400         0        0.66369
   7.68980        43       417         0        0.70536
   7.69671        44       444         0        0.72321
   7.70361        53       434         0        0.71429
   7.71052        46       391         0        0.66369
   7.71742        40       416         0        0.72619
   7.72433        49       379         0        0.68750
   7.73123        41       425         0        0.66369
   7.73491        44       382         0        0.68452
   7.74181        60       409         0        0.69345
   7.74872        53       429         0        0.69048
   7.75562        57       463         0        0.73810
   7.76253        55       417         0        0.73512
   7.76943        45       426         0        0.71726
   7.77634        52       408         0        0.72619
   7.78325        55       430         0        0.72917
   7.79015        46       417         0        0.70833
   7.79706        41       397         0        0.68452
   7.80396        36       404         0        0.72024
   7.81087        41       424         0        0.73512
   7.81777        46       430         0        0.72619
   7.82468        40       394         0        0.68155
   7.83158        47       445         0        0.70833
   7.83849        42       379         0        0.70238
   7.84539        50       401         0        0.71726
   7.85230        54       407         0        0.70238
   7.85920        46       423         0        0.69643
   7.86611        45       450         0        0.73214
   7.87302        51       394         0        0.68155
   7.87992        42       395         0        0.70536
   7.88683        49       427         0        0.70833
   7.89373        53       385         0        0.70238
   7.90064        49       446         0        0.75893
   7.90754        45       431         0        0.75298
   7.91445        54       419         0        0.68452
   7.92135        45       422         0        0.69643
   7.92826        45       506         0        0.74405
   7.93516        49       454         0        0.69643
   7.94207        48       444         0        0.73512
   7.94897        67       465         0        0.75893
   7.95588        43       405         0        0.70238
   7.96278        48       444         0        0.69940
   7.96969        54       484         0        0.76488
   7.97660        46       489         0        0.74702
   7.98350        58       464         0        0.69643
   7.99041        45       463         0        0.72917
   7.99731        46       417         0        0.75298
   8.00422        51       451         0        0.71429
   8.01112        41       461         0        0.75298
   8.01803        42       448         0        0.75893
   8.02493        48       444         0        0.75298
   8.03184        44       402         0        0.74107
   8.03874        45       483         0        0.70536
   8.04565        47       433         0        0.73214
   8.05256        42       457         0        0.75595
   8.05946        46       429         0        0.77976
   8.06637        56       481         0        0.75893
   8.07327        35       455         0        0.73512
   8.08018        54       420         0        0.74107
   8.08708        61       406         0        0.68750
   8.09399        53       379         0        0.68452
   8.10089        48       413         0        0.69345
   8.10780        56       392         0        0.69048
   8.11470        43       432         0        0.72917
   8.11872        39       362         0        0.69940
   8.12563        65       409         0        0.75000
   8.13253        42       463         0        0.73214
   8.13944        44       406         0        0.71131
   8.14634        36       392         0        0.66964
   8.15325        40       397         0        0.67262
   8.16016        42       375         0        0.70238
   8.16706        36       428         0        0.72619
   8.17397        45       367         0        0.71726
   8.18087        50       462         0        0.78274
   8.18778        49       471         0        0.75595
   8.19468        40       437         0        0.73214
   8.20159        37       419         0        0.72619
   8.20849        45       428         0        0.73214
   8.21540        42       408         0        0.74702
   8.22230        54       438         0        0.71429
   8.22921        38       384         0        0.71131
   8.23611        59       366         0        0.70238
   8.24302        52       457         0        0.75893
   8.24993        50       467         0        0.74702
   8.25683        56       414         0        0.69940
   8.26374        47       418         0        0.72917
   8.27064        42       415         0        0.74405
   8.27755        39       403         0        0.72917
   8.28445        54       406         0        0.71429
   8.29136        59       380         0        0.70833
   8.29826        41       381         0        0.74107
   8.30517        46       422         0        0.72619
   8.31207        39       426         0        0.72024
   8.31898        44       455         0        0.71131
   8.32588        44       427         0        0.73214
   8.33279        46       444         0        0.72619
   8.33970        47       417         0        0.72024
   8.34660        54       451         0        0.76190
   8.35351        44       395         0        0.74107
   8.36041        54       417         0        0.72321
   8.36732        48       417         0        0.73214
   8.37422        45       405         0        0.73512
   8.38113        46       413         0        0.71429
   8.38803        56       414         0        0.76190
   8.39494        54       420         0        0.77381
   8.40184        45       425         0        0.72917
   8.40875        53       477         0        0.73214
   8.41565        45       420         0        0.72619
   8.42256        52       441         0        0.75000
   8.42947        39       430         0        0.69940
   8.43637        47       456         0        0.77083
   8.44328        44       434         0        0.73810
   8.45018        52       366         0        0.66964
   8.45709        51       434         0        0.70833
   8.46399        32       420         0        0.71429
   8.47090        42       410         0        0.72321
   8.47780        44       418         0        0.72321
   8.48471        48       421         0        0.73512
   8.49161        42       419         0        0.71429
   8.49852        48       401         0        0.71726
   8.50324        44       420         0        0.73810
   8.51014        55       379         0        0.72321
   8.51705        40       418         0        0.72321
   8.52395        38       407         0        0.73512
   8.53086        49       420         0        0.70833
   8.53776        44       459         0        0.71726
   8.54467        39       385         0        0.69345
   8.55157        47       401         0        0.68750
   8.55848        42       393         0        0.69048
   8.56538        49       387         0        0.71131
   8.57229        44       413         0        0.67857
   8.57919        65       442         0        0.71429
   8.58610        44       433         0        0.72321
   8.59301        61       420         0        0.73512
   8.59991        30       373         0        0.73214
   8.60682        42       437         0        0.75000
   8.61372        45       410         0        0.72917
   8.62063        51       397         0        0.73512
   8.62753        53       429         0        0.70833
   8.63444        36       393         0        0.69940
   8.64134        38       403         0        0.71726
   8.64825        42       404         0        0.70536
   8.65515        65       399         0        0.72917
   8.66206        43       391         0        0.73512
   8.66896        58       408         0        0.73214
   8.67587        50       401         0        0.70536
   8.68278        43       401         0        0.72917
   8.68968        34       375         0        0.69643
   8.69659        54       386         0        0.73512
   8.70349        61       403         0        0.72321
   8.71040        42       406         0        0.72321
   8.71730        40       414         0        0.73810
   8.72421        62       437         0        0.75595
   8.73111        42       415         0        0.72024
   8.73802        48       418         0        0.73214
   8.74492        34       405         0        0.71429
   8.75183        47       415         0        0.69643
   8.75873        58       344         0        0.68750
   8.76564        60       390         0        0.72321
   8.77255        38       391         0        0.71131
   8.77945        44       393         0        0.69345
   8.78636        40       395         0        0.70833
   8.79326        38       410         0        0.70833
   8.80017        39       445         0        0.77381
   8.80707        46       428         0        0.74405
   8.81398        36       410         0        0.69643
   8.82088        43       424         0        0.70536
   8.82779        68       427         0        0.72024
   8.83469        49       416         0        0.75893
   8.84160        38       379         0        0.72024
   8.84850        45       412         0        0.69940
   8.85541        42       417         0        0.72917
   8.86232        48       428         0        0.69940
   8.86922        53       411         0        0.75000
   8.87613        58       411         0        0.72917
   8.88303        48       406         0        0.74107
   8.88746        49       365         0        0.69940
   8.89437        58       435         0        0.71726
   8.90128        53       401         0        0.73810
   8.90818        46       422         0        0.72619
   8.91509        42       419         0        0.73214
   8.92199        52       448         0        0.73810
   8.92890        45       386         0        0.73512
   8.93580        36       413         0        0.69940
   8.94271        45       406         0        0.72321
   8.94961        44       372         0        0.67262
   8.95652        48       427         0        0.70238
   8.96342        49       427         0        0.73512
   8.97033        36       378         0        0.72917
   8.97723        47       431         0        0.74405
   8.98414        50       414         0        0.74702
   8.99105        59       420         0        0.71726
   8.99795        53       368         0        0.65774
   9.00486        44       396         0        0.68750
   9.01176        38       358         0        0.69643
   9.01867        42       432         0        0.74107
   9.02557        45       391         0        0.75000
   9.03248        52       427         0        0.73214
   9.03938        43       394         0        0.70238
   9.04629        40       362         0        0.72024
   9.05319        48       364         0        0.71131
   9.06010        39       338         0        0.71131
   9.06700        41       342         0        0.72619
   9.07391        40       354         0        0.72917
   9.08082        39       399         0        0.71429
   9.08772        55       434         0        0.69345
   9.09463        41       403         0        0.71429
   9.10153        41       414         0        0.75298
   9.10844        42       416         0        0.71429
   9.11534        48       366         0        0.70833
   9.12225        50       398         0        0.72917
   9.12915        49       427         0        0.70833
   9.13606        46       398         0        0.69048
   9.14296        40       407         0        0.71429
   9.14987        45       439         0        0.72024
   9.15677        42       426         0        0.71429
   9.16368        34       401         0        0.70536
   9.17059        48       441         0        0.73214
   9.17749        44       462         0        0.72917
   9.18440        50       447         0        0.76190
   9.19130        45       384         0        0.75893
   9.19821        36       391         0        0.70833
   9.20511        49       405         0        0.71429
   9.21202        47       414         0        0.70833
   9.21892        42       384         0        0.73214
   9.22583        43       385         0        0.69643
   9.23273        43       433         0        0.68452
   9.23964        48       457         0        0.71131
   9.24654        45       432         0        0.72321
   9.25345        47       413         0        0.72024
   9.26035        52       403         0        0.71726
   9.26726        53       420         0        0.73512
   9.27183        48       464         0        0.76190
   9.27873        49       390         0        0.68452
   9.28564        49       430         0        0.73512
   9.29254        53       409         0        0.72321
   9.29945        37       402         0        0.67857
   9.30635        71       421         0        0.72917
   9.31326        66       394         0        0.74405
   9.32017        43       379         0        0.68750
   9.32707        42       443         0        0.72321
   9.33398        51       427         0        0.74702
   9.34088        49       414         0        0.75893
   9.34779        45       378         0        0.70536
   9.35469        46       443         0        0.74405
   9.36160        53       471         0        0.76190
   9.36850        49       395         0        0.71726
   9.37541        55       436         0        0.72321
   9.38231        50       407         0        0.74405
   9.38922        41       407         0        0.72917
   9.39612        50       425         0        0.72917
   9.40303        46       436         0        0.72619
   9.40994        39       448         0        0.70536
   9.41684        36       390         0        0.72917
   9.42375        44       408         0        0.76190
   9.43065        42       380         0        0.72024
   9.43756        45       415         0        0.72917
   9.44446        42       402         0        0.72024
   9.45137        43       413         0        0.71131
   9.45827        38       412         0        0.73810
   9.46518        57       350         0        0.69940
   9.47208        50       360         0        0.68750
   9.47899        44       398         0        0.71131
   9.48589        44       411         0        0.73214
   9.49280        50       400         0        0.72024
   9.49970        57       342         0        0.69643
   9.50661        51       390         0        0.72024
   9.51352        58       409         0        0.70833
   9.52042        42       412         0        0.71429
   9.52733        42       390         0        0.68452
   9.53423        35       383         0        0.72321
   9.54114        48       369         0        0.70238
   9.54804        47       340         0        0.73512
   9.55495        44       405         0        0.70536
   9.56185        53       357         0        0.68155
   9.56876        52       369         0        0.70833
   9.57566        62       388         0        0.70536
   9.58257        42       381         0        0.73512
   9.58947        55       412         0        0.71726
   9.59638        40       383         0        0.71131
   9.60329        33       409         0        0.71726
   9.61019        46       402         0        0.75000
   9.61710        47       378         0        0.75595
   9.62400        61       394         0        0.71429
   9.63091        42       414         0        0.71429
   9.63781        52       389         0        0.72321
   9.64472        56       406         0        0.73214
   9.65162        38       430         0        0.74702
   9.65619        53       372         0        0.67262
