#Res     B3C4A12L-0027
   2.000        1.1600
   3.000        0.7742
   4.000        0.7303
   5.000        0.6001
   6.000        0.5803
   7.000        0.4949
   8.000        0.5287
   9.000        0.5317
  10.000        0.5820
  11.000        0.6363
  12.000        0.6784
  13.000        0.6435
  14.000        0.7755
  15.000        0.9646
  18.000        0.7445
  19.000        0.5462
  20.000        0.4822
  21.000        0.4264
  22.000        0.4148
  23.000        0.3944
  24.000        0.4041
  25.000        0.3865
  26.000        0.4034
  27.000        0.4240
  28.000        0.4624
  29.000        0.4763
  30.000        0.5933
  31.000        0.7810
  34.000        0.6562
  35.000        0.5050
  36.000        0.4541
  37.000        0.3877
  38.000        0.3576
  39.000        0.3362
  40.000        0.3433
  41.000        0.3537
  42.000        0.3480
  43.000        0.3323
  44.000        0.3858
  45.000        0.4360
  46.000        0.6372
  47.000        1.3709
  50.000        0.6432
  51.000        0.4864
  52.000        0.4374
  53.000        0.3833
  54.000        0.3609
  55.000        0.3441
  56.000        0.3585
  57.000        0.3697
  58.000        0.3658
  59.000        0.3356
  60.000        0.3765
  61.000        0.4143
  62.000        0.5392
  63.000        0.7465
  66.000        0.6290
  67.000        0.4704
  68.000        0.4346
  69.000        0.3955
  70.000        0.3734
  71.000        0.3563
  72.000        0.3630
  73.000        0.3758
  74.000        0.3712
  75.000        0.3275
  76.000        0.3637
  77.000        0.4085
  78.000        0.5158
  79.000        0.8051
  82.000        0.6614
  83.000        0.4763
  84.000        0.4522
  85.000        0.4441
  86.000        0.3940
  87.000        0.3725
  88.000        0.3732
  89.000        0.3764
  90.000        0.3645
  91.000        0.3361
  92.000        0.3640
  93.000        0.4011
  94.000        0.6859
  95.000        1.8938
  98.000        0.6557
  99.000        0.4788
 100.000        0.4517
 101.000        0.4164
 102.000        0.4011
 103.000        0.3670
 104.000        0.4234
 105.000        0.4349
 106.000        0.3865
 107.000        0.3462
 108.000        0.3770
 109.000        0.3916
 110.000        0.5609
 111.000        1.2335
 114.000        0.6781
 115.000        0.4912
 116.000        0.4499
 117.000        0.4591
 118.000        0.3927
 119.000        0.3877
 120.000        0.4190
 121.000        0.4187
 122.000        0.3936
 123.000        0.3310
 124.000        0.3646
 125.000        0.3972
 126.000        0.6070
 127.000        1.2372
 130.000        0.9300
 131.000        0.5636
 132.000        0.5338
 133.000        0.5364
 134.000        0.4470
 135.000        0.3971
 136.000        0.3951
 137.000        0.3831
 138.000        0.3857
 139.000        0.3521
 140.000        0.3777
 141.000        0.3980
 142.000        0.5474
 143.000        1.0634
 146.000        0.9518
 147.000        0.6330
 148.000        0.7283
 149.000        0.6133
 150.000        0.4594
 151.000        0.4136
 152.000        0.4041
 153.000        0.3730
 154.000        0.3787
 155.000        0.3723
 156.000        0.3989
 157.000        0.4332
 158.000        0.6204
 159.000        1.2835
 162.000        0.8598
 163.000        0.5994
 164.000        0.5664
 165.000        0.5453
 166.000        0.4863
 167.000        0.4202
 168.000        0.4112
 169.000        0.4033
 170.000        0.4294
 171.000        0.4328
 172.000        0.4670
 173.000        0.5263
 174.000        0.7404
 175.000        1.2169
 178.000        1.2588
 179.000        0.8699
 180.000        0.7645
 181.000        0.7232
 182.000        0.6206
 183.000        0.5430
 184.000        0.5736
 185.000        0.6296
 186.000        0.5829
 187.000        0.5679
 188.000        0.6526
 189.000        0.8068
 190.000        1.2608
 191.000        2.3850
 194.000        1.4136
 195.000        0.8552
 196.000        0.9278
 197.000        1.0359
 198.000        0.9776
 199.000        0.7828
 200.000        0.6513
 201.000        0.5955
 202.000        0.6654
 203.000        0.6057
 204.000        0.7363
 205.000        0.7786
 206.000        0.9276
 207.000        1.1120
 210.000        0.7640
 211.000        0.6050
 212.000        0.6261
 213.000        0.5782
 214.000        0.5673
 215.000        0.4389
 216.000        0.3878
 217.000        0.3961
 218.000        0.4261
 219.000        0.4264
 220.000        0.5005
 221.000        0.5277
 222.000        0.6263
 223.000        0.7465
 226.000        0.6616
 227.000        0.5014
 228.000        0.4528
 229.000        0.4039
 230.000        0.3760
 231.000        0.3455
 232.000        0.3641
 233.000        0.3672
 234.000        0.3736
 235.000        0.3545
 236.000        0.4037
 237.000        0.4397
 238.000        0.5447
 239.000        0.7103
 242.000        0.6537
 243.000        0.4882
 244.000        0.4373
 245.000        0.3675
 246.000        0.3588
 247.000        0.3558
 248.000        0.3699
 249.000        0.3730
 250.000        0.3669
 251.000        0.3337
 252.000        0.3652
 253.000        0.4071
 254.000        0.5116
 255.000        0.6979
 258.000        0.6300
 259.000        0.4753
 260.000        0.4303
 261.000        0.3628
 262.000        0.3517
 263.000        0.3708
 264.000        0.3608
 265.000        0.3915
 266.000        0.3843
 267.000        0.3438
 268.000        0.3859
 269.000        0.4180
 270.000        0.5276
 271.000        0.8952
 274.000        0.6149
 275.000        0.4626
 276.000        0.4316
 277.000        0.3541
 278.000        0.3490
 279.000        0.3478
 280.000        0.3638
 281.000        0.3871
 282.000        0.3722
 283.000        0.3493
 284.000        0.3860
 285.000        0.4039
 286.000        0.5373
 287.000        1.0322
 290.000        0.6127
 291.000        0.4489
 292.000        0.4103
 293.000        0.3641
 294.000        0.3610
 295.000        0.3602
 296.000        0.3737
 297.000        0.3854
 298.000        0.3830
 299.000        0.3608
 300.000        0.3724
 301.000        0.3898
 302.000        0.5602
 303.000        1.2030
 306.000        0.6267
 307.000        0.4685
 308.000        0.4478
 309.000        0.3714
 310.000        0.3659
 311.000        0.3587
 312.000        0.3669
 313.000        0.3605
 314.000        0.3739
 315.000        0.3607
 316.000        0.3870
 317.000        0.4209
 318.000        0.6982
 319.000        1.0242
 322.000        0.6435
 323.000        0.4763
 324.000        0.4432
 325.000        0.3825
 326.000        0.3591
 327.000        0.3563
 328.000        0.3662
 329.000        0.3606
 330.000        0.3962
 331.000        0.3903
 332.000        0.4036
 333.000        0.4510
 334.000        0.5303
 335.000        0.7772
 338.000        0.6770
 339.000        0.4998
 340.000        0.4609
 341.000        0.4001
 342.000        0.3606
 343.000        0.3575
 344.000        0.3694
 345.000        0.3655
 346.000        0.4114
 347.000        0.4269
 348.000        0.4495
 349.000        0.5176
 350.000        0.6292
 351.000        0.8789
 354.000        0.8029
 355.000        0.5850
 356.000        0.5253
 357.000        0.4479
 358.000        0.4141
 359.000        0.3928
 360.000        0.4026
 361.000        0.3929
 362.000        0.4266
 363.000        0.4594
 364.000        0.5166
 365.000        0.5997
 366.000        0.7696
 367.000        1.1106
 370.000        1.3585
 371.000        0.8070
 372.000        0.7018
 373.000        0.5588
 374.000        0.5211
 375.000        0.5588
 376.000        0.5474
 377.000        0.4957
 378.000        0.5382
 379.000        0.5925
 380.000        0.6234
 381.000        0.7895
 382.000        1.0521
 383.000        2.0673
