   0.00587         0         0         0        0.00000
   0.01203         0         0         0        0.00000
   0.01205         0         0         0        0.00000
   0.01830         0         0         0        0.00000
   0.01860         0         0         0        0.00000
   0.02495         0         0         0        0.00000
   0.02561         0         0         0        0.00000
   0.03208         0         0         0        0.00000
   0.03316         0         0         0        0.00000
   0.03969         0         0         0        0.00000
   0.04490         0         0         0        0.00000
   0.05150         0         0         0        0.00000
   0.05708         0         0         0        0.00000
   0.06374         4         0         0        0.00595
   0.07041         0         0         0        0.00000
   0.07397         0         0         0        0.00000
   0.08072         4         0         0        0.00595
   0.08747         0         5         0        0.02679
   0.09422        12         4         0        0.02976
   0.09601         0         0         0        0.00000
   0.10291         6        19         1        0.09524
   0.10982        32        11         0        0.15774
   0.11672        28        27         0        0.11607
   0.12363        23        46         0        0.15774
   0.13054        40        33         4        0.22321
   0.13744        40        86         1        0.23810
   0.14435        32        86         1        0.22024
   0.15125        51        77         1        0.24107
   0.15816        17        79         0        0.20536
   0.16506        47        83         0        0.25298
   0.17197        28        92         0        0.21131
   0.17887        37        93         0        0.31548
   0.18578        43        84         1        0.29464
   0.19268        60       107         4        0.24702
   0.19959        58       102         0        0.27679
   0.20649        23       122         0        0.29464
   0.21340         4       171         0        0.28869
   0.22031         8       189         0        0.35119
   0.22721        14       162         0        0.33333
   0.23412        13       238         0        0.41667
   0.24102        21       178         0        0.34821
   0.24793        35       251         0        0.45833
   0.25483        14       179         0        0.32738
   0.26174        18       224         0        0.38988
   0.26864        29       274         0        0.42262
   0.27555        61       182         1        0.38393
   0.28245        21       191         0        0.36310
   0.28936        22       180         0        0.37798
   0.29626        36       202         0        0.40476
   0.30317        23       204         0        0.38690
   0.31008        41       202         0        0.38690
   0.31698        34       200         0        0.37798
   0.32389        19       194         0        0.44048
   0.33079        22       188         0        0.47619
   0.33770        16       241         0        0.46131
   0.34460        27       220         0        0.49107
   0.35151        32       229         0        0.46429
   0.35841        24       224         0        0.42857
   0.36532        24       214         0        0.45238
   0.37222        32       244         0        0.49405
   0.37913        26       270         0        0.51488
   0.38603        29       271         0        0.57440
   0.39294        53       285         0        0.56250
   0.39985        38       300         0        0.54762
   0.40675        28       325         0        0.58631
   0.41366        35       295         0        0.57143
   0.42056        37       316         0        0.60417
   0.42747        29       263         0        0.56548
   0.43437        42       324         0        0.57440
   0.44128        26       292         0        0.62202
   0.44818        28       295         0        0.50298
   0.45509        28       308         0        0.56548
   0.46199        18       294         0        0.55060
   0.46890        36       274         0        0.52976
   0.47474        11       310         0        0.53274
   0.48165        41       330         0        0.55655
   0.48855        34       344         0        0.59226
   0.49546        30       342         0        0.58036
   0.50236        33       284         0        0.61012
   0.50927        38       351         0        0.57143
   0.51617        50       284         4        0.55060
   0.52308        39       311         0        0.56845
   0.52999        27       330         0        0.56250
   0.53689        32       334         0        0.60119
   0.54380        23       317         0        0.56250
   0.55070        11       340         0        0.64286
   0.55761         9       349         0        0.63690
   0.56451         9       336         0        0.59226
   0.57142        16       311         0        0.55655
   0.57832        17       354         0        0.53571
   0.58523        25       304         0        0.55357
   0.59213        21       382         0        0.61310
   0.59904        25       320         0        0.57440
   0.60595        35       327         0        0.58631
   0.61285        26       332         0        0.61012
   0.61976        22       317         0        0.58631
   0.62666        51       347         1        0.59524
   0.63357        37       296         0        0.57143
   0.64047        59       284         0        0.57143
   0.64738        55       266         0        0.58631
   0.65428        48       297         0        0.54762
   0.66119        46       331         0        0.55357
   0.66809        33       291         0        0.50893
   0.67500        27       288         0        0.50893
   0.68190        42       287         0        0.54167
   0.68881        38       310         0        0.51786
   0.69571        29       334         0        0.55357
   0.70262        20       352         0        0.56845
   0.70953        56       357         0        0.61310
   0.71643        26       348         0        0.59226
   0.72334        41       339         0        0.57440
   0.73024        37       334         0        0.61607
   0.73715        34       299         0        0.57738
   0.74405        36       335         0        0.60417
   0.75096        49       349         0        0.61012
   0.75786        42       348         0        0.63690
   0.76477        40       316         0        0.58036
   0.77167        33       293         0        0.55357
   0.77858        26       296         0        0.54167
   0.78548        34       311         0        0.57738
   0.79239        34       359         0        0.61607
   0.79930        33       369         0        0.61607
   0.80620        42       327         0        0.60417
   0.81311        41       310         0        0.58929
   0.82001        41       352         0        0.61012
   0.82692        37       370         0        0.63988
   0.83382        36       334         1        0.61905
   0.84073        25       352         0        0.63690
   0.84763        43       386         0        0.64583
   0.85385        36       355         0        0.64881
   0.86075        38       317         0        0.61012
   0.86766        22       288         0        0.56845
   0.87456        29       314         0        0.58631
   0.88147        26       344         0        0.62202
   0.88837        29       366         0        0.60417
   0.89528        49       428         0        0.65774
   0.90218        52       359         0        0.62202
   0.90909        34       340         0        0.62202
   0.91600        35       352         0        0.67262
   0.92290        28       346         0        0.63690
   0.92981        34       377         4        0.65476
   0.93671        31       406         0        0.63690
   0.94362        53       393         0        0.63095
   0.95052        46       404         0        0.58631
   0.95743        41       427         0        0.66071
   0.96433        37       385         0        0.63095
   0.97124        32       375         0        0.62500
   0.97814        25       402         0        0.62202
   0.98505        24       425         0        0.60119
   0.99195        16       420         0        0.64881
   0.99886        24       417         0        0.65179
   1.00577        31       449         0        0.67560
   1.01267        27       385         0        0.60417
   1.01958        19       369         0        0.63988
   1.02648        28       411         0        0.67857
   1.03339        39       351         0        0.59821
   1.04029        23       394         0        0.59821
   1.04720        22       335         0        0.60119
   1.05410        37       409         0        0.61310
   1.06101        37       396         0        0.64286
   1.06791        30       358         0        0.59524
   1.07482        24       361         0        0.63095
   1.08172        22       422         0        0.64583
   1.08863        27       364         0        0.58036
   1.09554        57       427         0        0.64583
   1.10244        41       365         0        0.60417
   1.10935        17       366         0        0.57738
   1.11625        28       378         0        0.59524
   1.12316        36       406         0        0.61012
   1.13006        32       331         0        0.58036
   1.13697        22       411         0        0.65476
   1.14387        20       361         0        0.64583
   1.15078        30       403         0        0.66369
   1.15768        30       370         0        0.63095
   1.16459        20       362         0        0.62202
   1.17149        36       399         0        0.63095
   1.17840        29       396         0        0.65476
   1.18531        28       328         0        0.61905
   1.19221        25       405         0        0.65774
   1.19912        35       394         0        0.66369
   1.20602        43       375         0        0.64583
   1.21293        38       368         0        0.64583
   1.21983        31       395         0        0.63988
   1.22674        50       403         0        0.67560
   1.23293        22       434         0        0.66667
   1.23984        35       413         0        0.66667
   1.24674        36       416         0        0.69643
   1.25365        38       387         0        0.68155
   1.26056        45       439         0        0.70833
   1.26746        29       381         0        0.66964
   1.27437        37       403         0        0.63095
   1.28127        33       445         0        0.65774
   1.28818        36       388         0        0.61607
   1.29508        22       444         0        0.67857
   1.30199        22       425         0        0.61905
   1.30889        31       357         0        0.59226
   1.31580        31       362         0        0.58333
   1.32270        28       412         0        0.62202
   1.32961        35       380         0        0.59821
   1.33651        45       403         0        0.66369
   1.34342        46       433         0        0.66667
   1.35033        42       413         0        0.66369
   1.35723        46       378         0        0.62798
   1.36414        36       386         0        0.63393
   1.37104        32       360         0        0.60714
   1.37795        15       392         0        0.61607
   1.38485        21       346         0        0.62798
   1.39176        35       452         0        0.68452
   1.39866        49       401         0        0.66369
   1.40557        29       398         0        0.65179
   1.41247        32       421         0        0.65476
   1.41938        29       358         0        0.63095
   1.42628        52       383         0        0.63690
   1.43319        33       340         0        0.61310
   1.44010        41       413         0        0.62202
   1.44700        34       406         0        0.59821
   1.45391        36       369         0        0.63393
   1.46081        41       389         0        0.63095
   1.46772        22       386         0        0.61607
   1.47462        69       435         0        0.65179
   1.48153        74       367         0        0.62798
   1.48843        43       353         0        0.58333
   1.49534        46       394         0        0.61905
   1.50224        46       403         0        0.64583
   1.50915        47       386         0        0.62798
   1.51605        43       375         0        0.65476
   1.52296        40       353         0        0.65774
   1.52987        46       380         0        0.66964
   1.53677        37       337         0        0.63393
   1.54368        25       448         0        0.61905
   1.55058        35       327         0        0.60119
   1.55749        26       364         0        0.61012
   1.56439        39       339         0        0.58333
   1.57130        29       403         0        0.64583
   1.57820        28       355         0        0.60417
   1.58511        34       390         0        0.64881
   1.59201        39       407         0        0.67262
   1.59892        37       434         0        0.65179
   1.60582        46       419         0        0.62798
   1.61215        35       419         0        0.63988
   1.61906        42       396         0        0.64881
   1.62596        41       424         0        0.65179
   1.63287        43       427         0        0.68452
   1.63977        32       444         0        0.66369
   1.64668        49       455         0        0.68750
   1.65358        45       451         0        0.67262
   1.66049        57       428         0        0.69048
   1.66739        46       446         0        0.67262
   1.67430        57       384         0        0.61905
   1.68121        59       408         0        0.68155
   1.68811        46       372         0        0.63690
   1.69502        51       393         0        0.64583
   1.70192        27       456         0        0.66071
   1.70883        39       493         0        0.71131
   1.71573        27       450         0        0.68750
   1.72264        57       428         0        0.66071
   1.72954        34       442         0        0.69643
   1.73645        44       418         0        0.69345
   1.74335        45       352         0        0.63988
   1.75026        53       392         0        0.63690
   1.75716        44       468         0        0.70833
   1.76407        59       423         0        0.69345
   1.77098        47       411         0        0.67560
   1.77788        58       369         0        0.68155
   1.78479        40       421         0        0.67262
   1.79169        45       420         0        0.75893
   1.79860        35       439         0        0.70536
   1.80550        39       474         0        0.71726
   1.81241        42       451         0        0.69643
   1.81931        47       443         0        0.67857
   1.82622        59       411         0        0.68155
   1.83312        37       351         0        0.62202
   1.84003        45       435         0        0.70238
   1.84693        44       466         0        0.68750
   1.85384        53       511         0        0.70536
   1.86075        52       410         0        0.64881
   1.86765        34       401         0        0.66667
   1.87456        38       413         0        0.63690
   1.88146        51       422         0        0.66964
   1.88837        33       431         0        0.61607
   1.89527        66       427         0        0.66964
   1.90218        79       382         0        0.67857
   1.90908        29       365         0        0.61012
   1.91599        38       470         0        0.68155
   1.92289        47       408         0        0.67857
   1.92980        48       398         0        0.68155
   1.93670        46       395         0        0.67857
   1.94361        47       427         0        0.64286
   1.95052        45       442         0        0.67560
   1.95742        46       420         0        0.66071
   1.96433        36       466         0        0.68750
   1.97123        37       423         0        0.68452
   1.97814        37       416         0        0.64583
   1.98504        45       423         0        0.66071
   1.99175        30       444         0        0.68155
   1.99865        39       450         0        0.67857
   2.00556        47       406         0        0.67262
   2.01246        30       428         0        0.63988
   2.01937        26       431         0        0.67857
   2.02628        43       440         0        0.68750
   2.03318        23       473         0        0.68750
   2.04009        20       497         0        0.69643
   2.04699        26       506         0        0.66667
   2.05390        32       494         0        0.66667
   2.06080        20       386         0        0.66369
   2.06771        36       470         0        0.68452
   2.07461        23       499         0        0.69345
   2.08152        37       450         0        0.65774
   2.08842        32       473         0        0.66369
   2.09533        27       420         0        0.63690
   2.10223        24       452         0        0.71131
   2.10914        21       444         0        0.68452
   2.11604        25       439         0        0.67262
   2.12295        20       456         0        0.62798
   2.12986        21       394         0        0.69643
   2.13676        39       496         0        0.67560
   2.14367        25       420         0        0.67560
   2.15057        25       454         0        0.69345
   2.15748        26       429         0        0.66369
   2.16438        18       447         0        0.66667
   2.17129        48       483         0        0.69940
   2.17819        23       436         0        0.65179
   2.18510        36       438         0        0.67262
   2.19200        41       415         0        0.68452
   2.19891        35       405         0        0.66964
   2.20582        25       424         0        0.67857
   2.21272        23       481         0        0.68452
   2.21963        28       440         0        0.69940
   2.22653        34       463         0        0.66667
   2.23344        27       414         0        0.62798
   2.24034        26       389         0        0.66369
   2.24725        37       398         0        0.67857
   2.25415        49       430         0        0.66667
   2.26106        36       401         0        0.69048
   2.26796        27       421         0        0.63690
   2.27487        37       442         0        0.70238
   2.28177        29       414         0        0.64881
   2.28868        40       402         0        0.66071
   2.29558        34       392         0        0.64286
   2.30249        33       397         0        0.65179
   2.30940        32       424         0        0.64286
   2.31630        55       500         0        0.68452
   2.32321        44       456         0        0.70536
   2.33011        44       439         0        0.67560
   2.33702        42       454         0        0.66964
   2.34392        29       388         0        0.61905
   2.35083        62       404         0        0.69048
   2.35773        42       421         0        0.64286
   2.36464        53       405         0        0.63988
   2.37154        30       400         0        0.63095
   2.37164        32       448         0        0.64881
   2.37855        53       403         0        0.65476
   2.38545        31       369         0        0.61905
   2.39236        34       341         0        0.65179
   2.39926        43       411         0        0.64583
   2.40617        50       425         0        0.67560
   2.41307        24       401         0        0.63095
   2.41998        47       422         0        0.63393
   2.42688        39       474         0        0.68750
   2.43379        42       425         0        0.65774
   2.44069        25       402         0        0.62798
   2.44760        30       420         0        0.63393
   2.45450        29       427         0        0.63988
   2.46141        22       369         0        0.62500
   2.46831        37       398         0        0.63095
   2.47522        39       423         0        0.63095
   2.48213        34       493         0        0.68452
   2.48903        41       407         0        0.62202
   2.49594        36       413         0        0.62202
   2.50284        31       438         0        0.67262
   2.50975        43       451         0        0.66369
   2.51665        47       414         0        0.65774
   2.52356        38       472         0        0.65774
   2.53046        29       438         0        0.63095
   2.53737        47       421         0        0.67262
   2.54427        18       458         0        0.62500
   2.55118        45       462         0        0.63988
   2.55808        26       462         0        0.61607
   2.56499        25       444         0        0.62202
   2.57190        50       382         0        0.62500
   2.57880        34       414         0        0.66964
   2.58571        45       416         0        0.68155
   2.59261        45       406         0        0.65476
   2.59952        23       442         0        0.63095
   2.60642        20       494         0        0.64881
   2.61333        14       409         0        0.62202
   2.62023        26       454         0        0.64286
   2.62714        41       459         0        0.63988
   2.63404        55       402         0        0.62500
   2.64095        20       423         0        0.66964
   2.64785        31       399         0        0.60714
   2.65476        30       416         0        0.66071
   2.66167        22       432         0        0.67560
   2.66857        22       420         0        0.61012
   2.67548        12       411         0        0.59524
   2.68238        28       468         0        0.63988
   2.68929        27       405         0        0.63393
   2.69619        22       443         0        0.63988
   2.70310        18       439         0        0.62798
   2.71000        17       474         0        0.63690
   2.71691        26       427         0        0.64881
   2.72381        29       396         0        0.64583
   2.73072        24       436         0        0.65179
   2.73762        19       502         0        0.66369
   2.74453        25       425         0        0.61012
   2.75086        35       410         0        0.64286
   2.75776        35       414         0        0.64881
   2.76467        17       381         0        0.59524
   2.77157        32       436         0        0.69940
   2.77848        27       424         0        0.66667
   2.78538        22       451         0        0.64583
   2.79229        22       384         0        0.63690
   2.79920        22       415         0        0.66071
   2.80610        23       435         0        0.65476
   2.81301        27       418         0        0.64583
   2.81991        20       412         0        0.66071
   2.82682        24       440         0        0.65179
   2.83372        26       464         0        0.65774
   2.84063        26       407         0        0.67857
   2.84753        26       410         0        0.66369
   2.85444        28       433         0        0.67560
   2.86134        26       528         0        0.71429
   2.86825        28       422         0        0.66964
   2.87515        30       457         0        0.66071
   2.88206        34       446         0        0.65179
   2.88897        31       415         0        0.63988
   2.89587        27       451         0        0.69048
   2.90278        38       491         0        0.66667
   2.90968        31       473         0        0.63095
   2.91659        31       470         0        0.61012
   2.92349        24       424         0        0.62500
   2.93040        24       431         0        0.61012
   2.93730        37       445         0        0.67560
   2.94421        31       413         0        0.65179
   2.95111        26       498         0        0.66964
   2.95802        29       401         0        0.61607
   2.96492        22       476         0        0.66964
   2.97183        21       489         0        0.66964
   2.97874        25       460         0        0.67262
   2.98564        25       487         0        0.65774
   2.99255        45       414         0        0.69345
   2.99945        46       489         0        0.69345
   3.00636        26       502         0        0.67560
   3.01326        28       461         0        0.68452
   3.02017        26       483         0        0.69643
   3.02707        45       495         0        0.64583
   3.03398        41       474         0        0.73810
   3.04088        31       427         0        0.62500
   3.04779        24       411         0        0.67560
   3.05469        45       452         0        0.67560
   3.06160        30       455         0        0.66369
   3.06851        39       386         0        0.63988
   3.07541        31       488         1        0.69940
   3.08232        34       404         0        0.63095
   3.08922        30       448         1        0.69643
   3.09613        43       452         1        0.68750
   3.10303        42       386         0        0.71131
   3.10994        43       393         0        0.65774
   3.11684        11       453         0        0.64583
   3.12375        37       502         0        0.69345
   3.13000        32       523         0        0.71429
   3.13690        38       499         0        0.67857
   3.14381        31       432         0        0.66964
   3.15071        30       456         0        0.71726
   3.15762        32       401         0        0.64881
   3.16452        13       444         0        0.69345
   3.17143        28       449         0        0.68155
   3.17833        18       385         0        0.66964
   3.18524        35       433         0        0.68155
   3.19214        28       515         0        0.67262
   3.19905        17       464         0        0.68155
   3.20596        14       507         0        0.71429
   3.21286        23       441         0        0.65774
   3.21977        15       456         0        0.67857
   3.22667        11       419         0        0.65179
   3.23358        13       421         0        0.68155
   3.24048        16       488         0        0.66667
   3.24739        27       467         0        0.64881
   3.25429        11       462         0        0.64583
   3.26120        12       524         0        0.66369
   3.26810        15       444         0        0.68452
   3.27501        10       497         0        0.65476
   3.28191        13       499         0        0.71131
   3.28882        24       516         0        0.71726
   3.29573        10       467         0        0.71131
   3.30263        23       435         0        0.66369
   3.30954        43       478         0        0.72024
   3.31644        26       485         0        0.68155
   3.32335        16       431         0        0.66667
   3.33025        15       466         0        0.68452
   3.33716         6       534         0        0.69345
   3.34406        11       427         0        0.64286
   3.35097        15       468         0        0.69048
   3.35787         9       437         0        0.64881
   3.36478        16       386         0        0.63095
   3.37168        16       549         0        0.70536
   3.37859        12       458         0        0.64881
   3.38550        22       438         0        0.66964
   3.39240        18       438         0        0.63095
   3.39931        17       468         0        0.65179
   3.40621        10       505         0        0.66964
   3.41312         4       424         0        0.65476
   3.42002        16       463         0        0.69940
   3.42693        22       484         0        0.72917
   3.43383        28       456         0        0.72024
   3.44074        29       473         0        0.69643
   3.44764        11       514         0        0.69643
   3.45455        13       524         0        0.72024
   3.46145        17       528         0        0.68452
   3.46836        13       551         0        0.70536
   3.47527        10       486         0        0.65774
   3.48217        37       525         0        0.70238
   3.48908        17       453         0        0.69940
   3.49598        16       453         0        0.71131
   3.50289        27       406         0        0.68155
   3.50921        19       398         0        0.68155
   3.51612         9       462         0        0.67560
   3.52302        17       461         0        0.65774
   3.52993        18       474         0        0.69345
   3.53683        17       526         0        0.68750
   3.54374        16       440         0        0.66369
   3.55064         6       429         0        0.67560
   3.55755         2       411         0        0.65179
   3.56445        23       444         0        0.67560
   3.57136        28       492         0        0.69048
   3.57826        31       448         0        0.66667
   3.58517        15       437         0        0.64286
   3.59207        25       425         0        0.64583
   3.59898        32       427         0        0.67560
   3.60589        30       446         0        0.66964
   3.61279        47       434         0        0.71429
   3.61970        50       496         0        0.71131
   3.62660        47       393         0        0.68155
   3.63351        53       425         0        0.68750
   3.64041        50       417         0        0.65179
   3.64732        47       456         0        0.68452
   3.65422        42       374         0        0.66667
   3.66113        28       419         0        0.64583
   3.66803        56       395         0        0.67857
   3.67494        53       387         0        0.61310
   3.68184        45       417         0        0.61310
   3.68875        34       435         0        0.64286
   3.69566        14       442         0        0.62798
   3.70256        38       366         0        0.64583
   3.70947        50       423         0        0.67560
   3.71637        49       434         0        0.68155
   3.72328        23       423         0        0.65774
   3.73018        30       428         0        0.62798
   3.73709        19       420         0        0.68750
   3.74399        24       386         0        0.63095
   3.75090        21       414         0        0.61310
   3.75780        21       463         0        0.65774
   3.76471        23       410         0        0.69940
   3.77161        15       373         0        0.63393
   3.77852        39       390         0        0.63393
   3.78543        21       394         0        0.62500
   3.79233        16       363         0        0.62798
   3.79924        22       449         0        0.64583
   3.80614        19       489         0        0.65179
   3.81305        21       436         0        0.65476
   3.81995        11       464         0        0.66071
   3.82686        22       421         0        0.66964
   3.83376        34       444         0        0.64583
   3.84067        18       418         0        0.64881
   3.84757        13       395         0        0.61607
   3.85448        19       344         0        0.61905
   3.86138        23       410         0        0.64286
   3.86829        32       428         0        0.65179
   3.87520        23       384         0        0.69940
   3.88210        27       417         0        0.65476
   3.88901        31       447         0        0.67262
   3.88905        31       422         0        0.65476
   3.89596        42       445         0        0.63095
   3.90286        28       410         0        0.65774
   3.90977        29       417         0        0.66071
   3.91667        38       414         0        0.66964
   3.92358        38       397         0        0.66667
   3.93048        52       496         0        0.72619
   3.93739        41       444         0        0.69643
   3.94430        36       419         0        0.67262
   3.95120        47       438         0        0.67560
   3.95811        28       460         0        0.66667
   3.96501        43       442         0        0.68155
   3.97192        52       498         0        0.67262
   3.97882        30       438         0        0.67262
   3.98573        28       424         0        0.66667
   3.99263        34       425         0        0.64583
   3.99954        20       446         0        0.68452
   4.00644        20       463         0        0.69048
   4.01335        23       437         0        0.68155
   4.02025        26       424         0        0.64286
   4.02716        42       410         0        0.73512
   4.03407        40       461         0        0.72917
   4.04097        35       418         0        0.68750
   4.04788        31       434         0        0.68155
   4.05478        41       456         0        0.69048
   4.06169        42       448         0        0.70238
   4.06859        49       379         0        0.66071
   4.07550        48       435         0        0.67262
   4.08240        25       482         0        0.67262
   4.08931        31       426         0        0.68452
   4.09621        50       461         0        0.72619
   4.10312        51       418         0        0.68155
   4.11002        34       413         0        0.68452
   4.11693        39       416         0        0.67857
   4.12384        29       444         0        0.63690
   4.13074        34       396         0        0.66964
   4.13765        39       456         0        0.69345
   4.14455        43       418         0        0.67857
   4.15146        45       414         0        0.65476
   4.15836        51       426         0        0.67857
   4.16527        45       454         0        0.67857
   4.17217        45       433         0        0.67560
   4.17908        40       409         0        0.66964
   4.18598        28       484         0        0.71726
   4.19289        37       460         0        0.69345
   4.19979        48       470         0        0.69940
   4.20670        43       435         0        0.65179
   4.21361        22       404         0        0.68452
   4.22051        42       456         0        0.68750
   4.22742        34       451         0        0.69940
   4.23432        33       432         0        0.72024
   4.24123        57       473         0        0.72917
   4.24813        45       496         0        0.71429
   4.25504        38       390         0        0.66964
   4.26194        32       429         0        0.69345
   4.26885        30       422         0        0.68452
   4.26913        35       421         0        0.68452
   4.27604        27       426         0        0.70833
   4.28294        39       430         0        0.70238
   4.28985        40       455         0        0.72321
   4.29676        55       433         0        0.72619
   4.30366        57       425         0        0.70833
   4.31057        42       449         0        0.71726
   4.31747        47       412         0        0.70536
   4.32438        57       455         0        0.70833
   4.33128        44       420         0        0.66667
   4.33819        39       444         0        0.72619
   4.34509        54       422         0        0.70833
   4.35200        58       416         0        0.68155
   4.35890        42       404         0        0.66964
   4.36581        44       396         0        0.68155
   4.37271        52       478         0        0.74702
   4.37962        49       499         0        0.73512
   4.38653        58       428         0        0.72024
   4.39343        48       421         0        0.73214
   4.40034        45       474         0        0.74107
   4.40724        45       414         0        0.69345
   4.41415        35       429         0        0.70536
   4.42105        46       481         0        0.76190
   4.42796        38       445         0        0.76488
   4.43486        40       457         0        0.72619
   4.44177        37       414         0        0.68452
   4.44867        27       419         0        0.73810
   4.45558        26       459         0        0.72321
   4.46248        44       461         0        0.75298
   4.46939        27       502         0        0.71726
   4.47630        30       466         0        0.72321
   4.48320        26       444         0        0.72024
   4.49011        31       422         0        0.73512
   4.49701        38       439         0        0.71131
   4.50392        39       438         0        0.72321
   4.51082        32       447         0        0.70833
   4.51773        26       442         0        0.70536
   4.52463        42       498         0        0.67560
   4.53154        38       464         0        0.72321
   4.53844        47       471         0        0.71726
   4.54535        30       451         0        0.67262
   4.55225        56       462         0        0.68750
   4.55916        43       469         0        0.72619
   4.56607        30       517         0        0.70238
   4.57297        22       438         0        0.69643
   4.57988        38       446         0        0.72619
   4.58678        26       462         0        0.68750
   4.59369        30       483         0        0.71429
   4.60059        36       410         0        0.69940
   4.60750        26       388         0        0.63690
   4.61440        31       436         0        0.73512
   4.62131        21       509         0        0.74107
   4.62821        49       524         0        0.72619
   4.63512        35       478         0        0.73512
   4.64202        41       463         0        0.72024
   4.64893        22       472         0        0.75000
   4.64935        25       476         0        0.75000
   4.65626        34       479         0        0.72024
   4.66317        32       475         0        0.69643
   4.67007        48       467         0        0.68452
   4.67698        45       388         0        0.64881
   4.68388        50       443         0        0.67262
   4.69079        41       436         0        0.68155
   4.69769        45       494         0        0.70238
   4.70460        25       456         0        0.66964
   4.71150        32       420         0        0.65774
   4.71841        21       466         0        0.66667
   4.72531        26       453         0        0.71429
   4.73222        21       434         0        0.70536
   4.73912        24       458         0        0.69345
   4.74603        35       517         0        0.69940
   4.75294        18       453         0        0.64583
   4.75984        44       466         0        0.70238
   4.76675        23       470         0        0.66667
   4.77365        37       475         0        0.73214
   4.78056        34       461         0        0.69345
   4.78746        24       491         0        0.68750
   4.79437        36       493         0        0.72024
   4.80127        45       486         0        0.72024
   4.80818        42       560         0        0.74405
   4.81508        49       456         0        0.71429
   4.82199        73       505         0        0.71726
   4.82889        45       459         0        0.69643
   4.83580        38       464         0        0.75298
   4.84271        47       488         0        0.71726
   4.84961        34       530         0        0.73512
   4.85652        32       530         0        0.75893
   4.86342        41       524         0        0.72321
   4.87033        49       451         0        0.70536
   4.87723        35       448         0        0.76488
   4.88414        33       470         0        0.70833
   4.89104        43       460         0        0.75298
   4.89795        43       422         0        0.72024
   4.90485        51       469         0        0.72321
   4.91176        32       375         0        0.72024
   4.91866        41       454         0        0.70238
   4.92557        62       439         0        0.70536
   4.93248        45       508         0        0.77381
   4.93938        63       417         0        0.72321
   4.94629        54       436         0        0.70536
   4.95319        53       454         0        0.71131
   4.96010        54       447         0        0.75893
   4.96700        39       414         0        0.69643
   4.97391        32       390         0        0.70536
   4.98081        65       431         0        0.74107
   4.98772        44       429         0        0.71429
   4.99462        66       469         0        0.73512
   5.00153        61       485         0        0.75893
   5.00843        56       429         0        0.75298
   5.01534        37       437         0        0.71131
   5.02224        30       397         0        0.65179
   5.02915        39       426         0        0.72024
   5.02976        34       462         0        0.72619
   5.03666        36       461         0        0.72321
   5.04357        34       459         0        0.74107
   5.05048        34       586         0        0.79167
   5.05738        36       453         0        0.73810
   5.06429        50       434         0        0.72917
   5.07119        50       399         0        0.71429
   5.07810        48       461         0        0.69048
   5.08500        52       471         0        0.72619
   5.09191        64       488         0        0.79762
   5.09881        29       433         0        0.72619
   5.10572        41       383         0        0.69048
   5.11262        41       488         0        0.72024
   5.11953        24       447         0        0.74702
   5.12643        40       430         0        0.71131
   5.13334        27       465         0        0.72619
   5.14025        27       420         0        0.69345
   5.14715        47       431         0        0.73512
   5.15406        28       423         0        0.71131
   5.16096        37       491         0        0.73512
   5.16787        41       511         0        0.73512
   5.17477        29       460         0        0.74405
   5.18168        33       471         0        0.75298
   5.18858        40       412         0        0.69940
   5.19549        33       445         0        0.70536
   5.20239        31       467         0        0.73810
   5.20930        51       488         0        0.75298
   5.21620        44       459         0        0.75595
   5.22311        50       475         0        0.77381
   5.23002        36       533         0        0.76190
   5.23692        35       477         0        0.69643
   5.24383        36       460         0        0.74702
   5.25073        39       475         0        0.75000
   5.25764        25       454         0        0.72024
   5.26454        42       504         0        0.73214
   5.27145        34       446         0        0.73214
   5.27835        44       466         0        0.71429
   5.28526        36       494         0        0.71131
   5.29216        33       489         0        0.69345
   5.29907        29       428         0        0.68155
   5.30597        29       406         0        0.69048
   5.31288        38       398         0        0.68750
   5.31979        32       415         0        0.68750
   5.32669        45       427         0        0.73214
   5.33360        44       406         0        0.67262
   5.34050        43       424         0        0.72619
   5.34741        51       446         0        0.69643
   5.35431        40       431         0        0.69643
   5.36122        37       429         0        0.72321
   5.36812        52       505         0        0.75595
   5.37503        27       450         0        0.70238
   5.38193        56       387         0        0.66667
   5.38884        52       456         0        0.70238
   5.39574        41       449         0        0.70833
   5.40265        33       428         0        0.71429
   5.40955        35       404         0        0.66667
   5.41067        32       424         0        0.68155
   5.41757        50       443         0        0.68750
   5.42448        51       407         0        0.67262
   5.43138        51       419         0        0.66369
   5.43829        57       450         0        0.72321
   5.44519        63       474         0        0.71131
   5.45210        51       444         0        0.72619
   5.45901        63       460         0        0.72917
   5.46591        72       481         0        0.71131
   5.47282        51       413         0        0.69048
   5.47972        55       373         0        0.69345
   5.48663        55       428         0        0.73512
   5.49353        66       445         0        0.70833
   5.50044        60       459         0        0.72024
   5.50734        56       382         0        0.69940
   5.51425        45       385         0        0.71131
   5.52115        43       427         0        0.76488
   5.52806        40       461         0        0.75595
   5.53496        45       440         0        0.72619
   5.54187        33       464         0        0.72024
   5.54878        51       476         0        0.74405
   5.55568        52       477         0        0.76786
   5.56259        58       479         0        0.78869
   5.56949        58       466         0        0.76190
   5.57640        51       462         0        0.73214
   5.58330        36       412         0        0.72619
   5.59021        36       417         0        0.73214
   5.59711        48       459         0        0.77381
   5.60402        35       390         0        0.69940
   5.61092        36       383         0        0.69643
   5.61783        34       426         0        0.73810
   5.62473        33       471         0        0.72917
   5.63164        30       478         0        0.74405
   5.63855        41       430         0        0.74107
   5.64545        36       466         0        0.71429
   5.65236        36       441         0        0.70833
   5.65926        29       445         0        0.72619
   5.66617        35       501         0        0.72917
   5.67307        37       486         0        0.72024
   5.67998        35       486         0        0.71429
   5.68688        46       492         0        0.73512
   5.69379        27       444         0        0.69643
   5.70069        38       455         0        0.70833
   5.70760        35       476         0        0.70833
   5.71450        31       451         0        0.72917
   5.72141        28       446         0        0.70536
   5.72832        65       511         0        0.76190
   5.73522        48       427         0        0.71131
   5.74213        29       477         0        0.70833
   5.74903        25       465         0        0.71429
   5.75594        43       423         0        0.71726
   5.76284        29       480         0        0.72024
   5.76975        32       452         0        0.68750
   5.77665        34       484         0        0.71726
   5.78356        23       416         0        0.69940
   5.79046        33       469         0        0.69643
   5.79113        40       453         0        0.71429
   5.79803        35       402         0        0.68750
   5.80494        36       450         0        0.70536
   5.81184        38       474         0        0.70833
   5.81875        20       444         0        0.71131
   5.82565        16       410         0        0.66071
   5.83256        30       436         0        0.70833
   5.83946        42       400         0        0.69048
   5.84637        39       405         0        0.68452
   5.85327        42       421         0        0.73512
   5.86018        31       398         0        0.69048
   5.86708        49       384         0        0.69345
   5.87399        38       419         0        0.69048
   5.88089        35       469         0        0.71131
   5.88780        35       413         0        0.65179
   5.89471        32       436         0        0.70238
   5.90161        28       465         0        0.72321
   5.90852        29       483         0        0.71131
   5.91542        33       409         0        0.66667
   5.92233        35       418         0        0.65179
   5.92923        21       413         0        0.67857
   5.93614        34       418         0        0.73512
   5.94304        19       410         0        0.65774
   5.94995        12       462         0        0.67560
   5.95685        16       464         0        0.63988
   5.96376        33       456         0        0.69048
   5.97066        46       485         0        0.68452
   5.97757        36       400         0        0.66071
   5.98448        12       443         0        0.65179
   5.99138        22       518         0        0.70833
   5.99829        31       470         0        0.68452
   6.00519        13       372         0        0.64583
   6.01210        22       423         0        0.65476
   6.01900        19       488         0        0.69048
   6.02591        21       509         0        0.72024
   6.03281        21       469         0        0.66071
   6.03972        18       413         0        0.65774
   6.04662        32       446         0        0.72917
   6.05353        26       483         0        0.71131
   6.06043        19       467         0        0.69048
   6.06734        32       492         0        0.71726
   6.07425        34       457         0        0.69940
   6.08115        20       479         0        0.71131
   6.08806        26       438         0        0.66369
   6.09496        15       429         0        0.67560
   6.10187        30       476         0        0.66071
   6.10877        27       442         0        0.66964
   6.11568        26       410         0        0.63393
   6.12258        15       418         0        0.67560
   6.12949        18       459         0        0.67857
   6.13639        18       445         0        0.66667
   6.14330        17       439         0        0.72321
   6.15020        11       500         0        0.71726
   6.15711        14       474         0        0.65179
   6.16402        17       375         0        0.62798
   6.17092        23       497         0        0.74405
   6.17098        20       469         0        0.74107
   6.17789        16       450         0        0.69643
   6.18480        39       478         0        0.72321
   6.19170        36       435         0        0.69345
   6.19861        24       473         0        0.72917
   6.20551        26       448         0        0.70833
   6.21242        29       478         0        0.70238
   6.21932        32       462         0        0.68750
   6.22623        22       465         0        0.72024
   6.23313        24       472         0        0.65774
   6.24004        25       420         0        0.71429
   6.24694        21       429         0        0.63393
   6.25385        12       505         0        0.67560
   6.26075        21       511         0        0.71429
   6.26766         6       452         0        0.63988
   6.27457        28       446         0        0.66667
   6.28147        11       540         0        0.68750
   6.28838        25       483         0        0.69940
   6.29528        19       480         0        0.73214
   6.30219        15       446         0        0.70536
   6.30909        18       434         0        0.66964
   6.31600        20       435         0        0.68452
   6.32290        21       465         0        0.69940
   6.32981        19       426         0        0.63988
   6.33671        15       404         0        0.64286
   6.34362        19       428         0        0.69048
   6.35052        12       452         0        0.72917
   6.35743        22       481         0        0.64286
   6.36433        27       424         0        0.68155
   6.37124        14       469         0        0.67857
   6.37815        36       465         0        0.68155
   6.38505        28       438         0        0.66964
   6.39196        26       444         0        0.66369
   6.39886        19       415         0        0.66071
   6.40577        23       403         0        0.68750
   6.41267        24       456         0        0.67857
   6.41958        24       467         0        0.71429
   6.42648        33       475         0        0.72917
   6.43339        12       391         0        0.63690
   6.44029        17       461         0        0.69048
   6.44720        39       465         0        0.70536
   6.45410        23       446         0        0.70238
   6.46101        45       484         0        0.74702
   6.46792        21       448         0        0.68155
   6.47482        13       424         0        0.66071
   6.48173        25       475         0        0.69643
   6.48863        32       555         0        0.71726
   6.49554        14       546         0        0.70238
   6.50244        22       464         0        0.71429
   6.50935        26       446         0        0.71429
   6.51625        20       442         0        0.73810
   6.52316        15       429         0        0.69643
   6.53006        43       459         0        0.71131
   6.53697        26       540         0        0.76190
   6.54387        26       505         0        0.72917
   6.55058        21       485         0        0.69048
   6.55748        19       489         0        0.69940
   6.56439        25       429         0        0.68155
   6.57129        34       473         0        0.72024
   6.57820        20       459         0        0.68750
   6.58510        21       458         0        0.70833
   6.59201        24       461         0        0.66369
   6.59891        17       469         0        0.70536
   6.60582        24       469         0        0.68155
   6.61273        29       484         0        0.72321
   6.61963        24       434         0        0.69643
   6.62654        37       442         0        0.69940
   6.63344        22       458         0        0.72619
   6.64035        15       437         0        0.68452
   6.64725        15       456         0        0.66369
   6.65416        22       465         0        0.70238
   6.66106        18       464         0        0.67262
   6.66797        16       455         0        0.72619
   6.67487        29       474         0        0.67560
   6.68178        20       503         0        0.69643
   6.68868        30       484         0        0.71429
   6.69559        25       532         0        0.72321
   6.70250        38       484         0        0.70536
   6.70940        23       497         0        0.72024
   6.71631        21       484         0        0.71429
   6.72321        20       439         0        0.70238
   6.73012        26       423         0        0.68452
   6.73702        17       494         0        0.73214
   6.74393        18       485         0        0.71131
   6.75083        18       484         0        0.70536
   6.75774        14       474         0        0.69048
   6.76464        36       458         0        0.68452
   6.77155        14       470         0        0.74107
   6.77845        17       460         0        0.68155
   6.78536        18       408         0        0.69940
   6.79227        23       434         0        0.64286
   6.79917        26       476         0        0.68750
   6.80608        16       449         0        0.66964
   6.81298        10       424         0        0.66369
   6.81989        22       451         0        0.69643
   6.82679        18       497         0        0.71726
   6.83370        14       458         0        0.69940
   6.84060        18       456         0        0.66667
   6.84751        37       449         0        0.72321
   6.85441        26       469         0        0.71131
   6.86132        40       502         0        0.74405
   6.86822        49       495         0        0.71429
   6.87513        35       446         0        0.71429
   6.88204        50       540         0        0.75000
   6.88894        32       422         0        0.73214
   6.89585        32       463         0        0.72321
   6.90275        42       467         0        0.72024
   6.90966        34       446         0        0.72024
   6.91656        71       464         1        0.79464
   6.92347        29       499         0        0.76488
   6.93034        26       487         0        0.71429
   6.93725        24       475         0        0.75000
   6.94416        42       504         0        0.75893
   6.95106        33       480         1        0.72619
   6.95797        38       432         0        0.72619
   6.96487        31       535         0        0.78274
   6.97178        40       444         0        0.75000
   6.97868        34       458         0        0.75298
   6.98559        29       400         0        0.71131
   6.99249        32       469         0        0.75595
   6.99940        32       463         0        0.73810
   7.00630        40       480         0        0.77679
   7.01321        23       486         0        0.75595
   7.02011        35       439         0        0.75298
   7.02702        42       457         0        0.73214
   7.03393        37       486         0        0.73512
   7.04083        28       440         0        0.75000
   7.04774        50       477         0        0.73810
   7.05464        26       457         0        0.74405
   7.06155        32       387         0        0.70238
   7.06845        31       403         0        0.72321
   7.07536        25       474         0        0.75000
   7.08226        22       485         0        0.77976
   7.08917        24       498         0        0.76488
   7.09607        41       491         1        0.74107
   7.10298        40       547         0        0.77083
   7.10988        43       541         1        0.75893
   7.11679        28       526         0        0.70238
   7.12369        39       450         0        0.72917
   7.13060        32       454         0        0.71726
   7.13751        49       472         0        0.77679
   7.14441        41       448         0        0.75893
   7.15132        27       406         0        0.71429
   7.15822        44       504         0        0.75000
   7.16513        40       420         0        0.70238
   7.17203        33       508         0        0.75595
   7.17894        37       440         0        0.71429
   7.18584        39       469         0        0.79762
   7.19275        23       492         0        0.73512
   7.19965        43       477         0        0.72024
   7.20656        37       563         1        0.77083
   7.21346        47       470         0        0.73214
   7.22037        40       500         0        0.72321
   7.22728        26       447         0        0.75595
   7.23418        37       449         0        0.71131
   7.24109        40       463         0        0.72321
   7.24799        34       529         0        0.76488
   7.25490        49       472         0        0.77976
   7.26180        39       483         0        0.72321
   7.26871        44       446         0        0.70536
   7.27561        30       435         0        0.72321
   7.28252        32       458         0        0.70238
   7.28942        21       492         0        0.74702
   7.29633        29       434         0        0.72321
   7.30323        33       467         0        0.75893
   7.31010        41       462         1        0.75000
   7.31700        45       474         0        0.74702
   7.32391        44       453         0        0.74702
   7.33081        37       437         0        0.69048
   7.33772        41       457         0        0.71131
   7.34462        41       480         0        0.75893
   7.35153        54       480         0        0.72024
   7.35843        33       482         0        0.68750
   7.36534        47       479         1        0.73512
   7.37225        50       507         0        0.75595
   7.37915        60       415         0        0.68750
   7.38606        37       406         0        0.72321
   7.39296        52       422         0        0.69345
   7.39987        42       405         0        0.70833
   7.40677        46       430         0        0.71429
   7.41368        37       458         1        0.69048
   7.42058        33       451         0        0.72024
   7.42749        33       396         0        0.65179
   7.43439        39       391         1        0.65179
   7.44130        26       475         0        0.68750
   7.44820        46       440         0        0.72024
   7.45511        40       454         0        0.71429
   7.46202        42       419         0        0.70238
   7.46892        37       436         0        0.67857
   7.47583        40       424         0        0.68750
   7.48273        50       449         0        0.71131
   7.48964        44       420         0        0.71131
   7.49654        35       471         0        0.71429
   7.50345        40       446         0        0.71726
   7.51035        30       457         0        0.73214
   7.51726        51       481         0        0.72917
   7.52416        18       433         0        0.71726
   7.53107        45       483         0        0.74405
   7.53797        34       445         0        0.73512
   7.54488        25       469         0        0.74107
   7.55179        36       443         0        0.70238
   7.55869        41       471         0        0.70833
   7.56560        33       424         0        0.68452
   7.57250        30       455         0        0.72917
   7.57941        28       457         0        0.72024
   7.58631        37       411         0        0.69048
   7.59322        30       478         0        0.70536
   7.60012        66       421         0        0.71429
   7.60703        52       451         0        0.72024
   7.61393        36       467         0        0.72917
   7.62084        48       415         0        0.67857
   7.62774        48       469         0        0.72024
   7.63465        42       481         0        0.72024
   7.64155        30       429         0        0.66667
   7.64846        42       499         0        0.73512
   7.65537        18       404         0        0.70238
   7.66227        34       411         0        0.67262
   7.66918        38       416         0        0.68452
   7.67608        48       419         0        0.73810
   7.68299        29       447         0        0.71131
   7.68987        26       446         0        0.69345
   7.69678        31       468         0        0.73810
   7.70368        36       489         0        0.69643
   7.71059        43       437         0        0.69345
   7.71749        32       469         0        0.73214
   7.72440        44       477         0        0.73512
   7.73131        35       444         0        0.72619
   7.73821        44       417         0        0.71726
   7.74512        46       452         0        0.71429
   7.75202        50       463         0        0.70536
   7.75893        34       446         0        0.69940
   7.76583        31       412         0        0.69940
   7.77274        45       395         0        0.64583
   7.77964        29       411         0        0.66964
   7.78655        49       421         0        0.69940
   7.79345        40       484         0        0.66667
   7.80036        33       448         0        0.70536
   7.80726        22       449         0        0.70833
   7.81417        36       426         0        0.67560
   7.82108        39       439         0        0.70238
   7.82798        28       470         0        0.68750
   7.83489        44       410         0        0.66071
   7.84179        25       422         0        0.71131
   7.84870        24       499         0        0.72321
   7.85560        30       467         0        0.75000
   7.86251        44       440         0        0.70833
   7.86941        37       424         0        0.69048
   7.87632        49       461         0        0.74702
   7.88322        46       446         0        0.69345
   7.89013        48       460         0        0.70833
   7.89703        47       470         0        0.74702
   7.90394        45       434         0        0.74405
   7.91085        39       459         0        0.73214
   7.91775        52       445         0        0.66964
   7.92466        40       431         0        0.68155
   7.93156        47       478         0        0.69940
   7.93847        42       491         0        0.73214
   7.94537        64       427         0        0.71429
   7.95228        62       389         0        0.67262
   7.95918        41       441         0        0.67560
   7.96609        48       430         0        0.70536
   7.97299        33       420         0        0.66071
   7.97990        35       459         0        0.70833
   7.98680        44       417         0        0.65179
   7.99371        51       511         0        0.74702
   8.00062        59       471         0        0.71726
   8.00752        58       435         0        0.71131
   8.01443        43       406         0        0.69345
   8.02133        61       420         0        0.71726
   8.02824        47       439         0        0.73512
   8.03514        36       456         0        0.72917
   8.04205        29       499         0        0.71131
   8.04895        56       421         0        0.73214
   8.05586        51       438         0        0.71726
   8.06276        48       421         0        0.71429
   8.06967        50       413         0        0.69643
   8.06985        34       431         0        0.69940
   8.07676        36       452         0        0.71726
   8.08367        53       427         0        0.72321
   8.09057        40       462         0        0.72917
   8.09748        52       403         0        0.71429
   8.10438        48       484         0        0.76190
   8.11129        42       437         0        0.69643
   8.11819        52       438         0        0.69643
   8.12510        35       415         0        0.66964
   8.13200        54       434         0        0.67262
   8.13891        52       436         0        0.73810
   8.14581        49       463         0        0.71131
   8.15272        45       373         0        0.67262
   8.15962        52       449         0        0.72321
   8.16653        52       433         0        0.72917
   8.17344        30       494         0        0.77381
   8.18034        33       445         0        0.72917
   8.18725        42       425         0        0.73214
   8.19415        43       492         0        0.73810
   8.20106        44       422         0        0.71429
   8.20796        59       415         0        0.70238
   8.21487        40       484         0        0.73512
   8.22177        69       477         0        0.73214
   8.22868        42       443         0        0.72619
   8.23558        33       465         0        0.71131
   8.24249        35       424         0        0.69345
   8.24939        54       476         0        0.74405
   8.25630        43       439         0        0.67857
   8.26321        53       517         0        0.74107
   8.27011        65       440         0        0.68750
   8.27702        48       437         0        0.69345
   8.28392        45       442         0        0.66667
   8.29083        59       461         0        0.75595
   8.29773        46       478         0        0.72917
   8.30464        65       453         0        0.75000
   8.31154        66       495         0        0.75000
   8.31845        64       426         0        0.68452
   8.32535        69       490         0        0.72024
   8.33226        53       474         0        0.72321
   8.33916        52       427         0        0.68452
   8.34607        41       426         0        0.68155
   8.35298        40       479         0        0.74107
   8.35988        50       463         0        0.74405
   8.36679        38       419         0        0.69345
   8.37369        44       492         0        0.73512
   8.38060        42       446         0        0.72619
   8.38750        44       449         0        0.72024
   8.39441        31       476         0        0.70536
   8.40131        36       375         0        0.68452
   8.40822        43       442         0        0.69048
   8.41512        57       433         0        0.72619
   8.42203        42       512         0        0.74107
   8.42893        52       466         0        0.72619
   8.43584        38       406         0        0.70238
   8.44275        49       491         0        0.72024
   8.44965        57       498         0        0.74107
   8.45007        52       502         0        0.73214
   8.45697        58       452         0        0.71429
   8.46388        51       487         0        0.71429
   8.47078        39       388         0        0.66964
   8.47769        47       457         0        0.70238
   8.48459        38       434         0        0.69345
   8.49150        68       485         0        0.73214
   8.49841        35       471         0        0.72619
   8.50531        34       428         0        0.72024
   8.51222        52       469         0        0.74107
   8.51912        59       517         0        0.74702
   8.52603        59       524         0        0.74702
   8.53293        52       446         0        0.72024
   8.53984        45       544         0        0.72917
   8.54674        55       447         0        0.67262
   8.55365        38       418         0        0.66964
   8.56055        45       413         0        0.70238
   8.56746        63       458         0        0.73810
   8.57436        59       441         0        0.68750
   8.58127        43       443         0        0.72024
   8.58818        39       379         0        0.66369
   8.59508        49       442         0        0.66964
   8.60199        50       381         0        0.67857
   8.60889        67       430         0        0.69048
   8.61580        67       444         0        0.71726
   8.62270        50       439         0        0.70833
   8.62961        40       461         0        0.69048
   8.63651        63       457         0        0.68155
   8.64342        44       434         0        0.70238
   8.65032        50       525         0        0.71131
   8.65723        53       468         0        0.70536
   8.66413        42       497         0        0.69048
   8.67104        70       475         0        0.71726
   8.67795        42       417         0        0.69940
   8.68485        41       439         0        0.67560
   8.69176        33       423         0        0.72024
   8.69866        48       485         0        0.72321
   8.70557        45       457         0        0.70833
   8.71247        41       532         0        0.74405
   8.71938        36       446         0        0.71131
   8.72628        30       457         0        0.72321
   8.73319        25       424         0        0.68452
   8.74009        37       463         0        0.71726
   8.74700        59       499         0        0.73512
   8.75390        58       432         0        0.69940
   8.76081        47       439         0        0.72917
   8.76772        51       428         0        0.69940
   8.77462        48       469         0        0.70536
   8.78153        41       421         0        0.73810
   8.78843        38       454         0        0.70833
   8.79534        35       444         0        0.69048
   8.80224        47       481         0        0.74405
   8.80915        47       507         0        0.71429
   8.81605        63       410         0        0.70833
   8.82296        52       460         0        0.70536
   8.82986        53       439         0        0.74107
   8.83022        52       466         0        0.73214
   8.83713        57       437         0        0.72321
   8.84403        47       371         0        0.69345
   8.85094        57       422         0        0.68155
   8.85784        61       390         0        0.70536
   8.86475        55       361         0        0.68750
   8.87165        63       387         0        0.70833
   8.87856        51       335         0        0.65179
   8.88546        45       418         0        0.69345
   8.89237        45       402         0        0.68750
   8.89927        49       415         0        0.68750
   8.90618        51       433         0        0.69048
   8.91309        25       414         0        0.70833
   8.91999        32       471         0        0.67262
   8.92690        19       420         0        0.70536
   8.93380        29       459         0        0.74107
   8.94071        33       443         0        0.72024
   8.94761        32       435         0        0.69048
   8.95452        32       425         0        0.71429
   8.96142        23       446         0        0.70536
   8.96833        29       418         0        0.71429
   8.97523        37       393         0        0.70238
   8.98214        40       461         0        0.69345
   8.98904        33       431         0        0.73512
   8.99595        40       444         0        0.74702
   9.00286        37       445         0        0.72619
   9.00976        30       444         0        0.68750
   9.01667        27       485         0        0.74702
   9.02357        38       430         0        0.72917
   9.03048        30       438         0        0.74107
   9.03738        31       432         0        0.75000
   9.04429        50       407         0        0.74405
   9.05119        23       482         0        0.74702
   9.05810        34       376         0        0.72024
   9.06500        28       445         0        0.73512
   9.07191        36       446         0        0.74405
   9.07881        25       439         0        0.73214
   9.08572        26       392         0        0.71726
   9.09263        29       456         0        0.73512
   9.09953        34       423         0        0.72917
   9.10644        32       394         0        0.72321
   9.11334        38       453         0        0.72619
   9.12025        19       412         0        0.69048
   9.12715        37       426         0        0.72024
   9.13406        34       403         0        0.69643
   9.14096        43       418         0        0.68750
   9.14787        29       421         0        0.70833
   9.15477        48       459         0        0.72917
   9.16168        33       393         0        0.68750
   9.16858        35       454         0        0.72619
   9.17549        29       403         0        0.71726
   9.18240        36       458         0        0.73214
   9.18930        31       432         0        0.68750
   9.19621        34       391         0        0.68750
   9.20311        28       437         0        0.68750
   9.21002        41       431         0        0.73512
   9.21075        48       449         0        0.73810
   9.21766        49       463         0        0.75893
   9.22456        32       447         0        0.71429
   9.23147        44       427         0        0.70536
   9.23837        38       431         0        0.73214
   9.24528        38       464         0        0.66964
   9.25218        34       424         0        0.71726
   9.25909        29       453         0        0.69345
   9.26599        44       435         0        0.73512
   9.27290        44       425         0        0.72619
   9.27980        41       381         0        0.69048
   9.28671        49       380         0        0.72321
   9.29362        44       398         0        0.69940
   9.30052        38       408         0        0.71429
   9.30743        35       442         0        0.68452
   9.31433        50       417         0        0.68155
   9.32124        39       435         0        0.72619
   9.32814        29       478         0        0.69048
   9.33505        48       441         0        0.72917
   9.34195        57       469         0        0.73810
   9.34886        39       484         0        0.72619
   9.35576        54       463         0        0.73214
   9.36267        54       484         0        0.75595
   9.36957        55       480         0        0.73512
   9.37648        51       437         0        0.73214
   9.38339        54       422         0        0.73214
   9.39029        39       444         0        0.70833
   9.39720        57       411         0        0.68155
   9.40410        38       456         0        0.72619
   9.41101        37       440         0        0.72917
   9.41791        38       499         0        0.74405
   9.42482        30       449         0        0.67857
   9.43172        48       406         0        0.70536
   9.43863        68       471         0        0.72024
   9.44553        51       414         0        0.72321
   9.45244        35       439         0        0.72024
   9.45934        41       408         0        0.69643
   9.46625        42       446         0        0.71131
   9.47316        40       413         0        0.72917
   9.48006        37       435         0        0.69643
   9.48697        51       455         0        0.73810
   9.49387        45       454         0        0.71131
   9.50078        46       470         0        0.71429
   9.50768        31       468         0        0.72321
   9.51459        35       456         0        0.73810
   9.52149        63       476         0        0.74702
   9.52840        50       467         0        0.74405
   9.53530        40       456         0        0.71429
   9.54221        55       429         0        0.72024
   9.54911        36       456         0        0.69940
   9.55602        47       425         0        0.71726
   9.56293        77       438         0        0.71429
   9.56983        33       433         0        0.69940
   9.57674        46       455         0        0.72024
   9.58364        32       491         0        0.70833
   9.59055        33       469         0        0.70833
   9.59117        33       446         0        0.69345
