#Res     A3C4A12L-0014
   2.000        2.4940
   3.000        1.2861
   4.000        0.8303
   5.000        0.5963
   6.000        0.5928
   7.000        0.6019
   8.000        0.6810
   9.000        0.6774
  10.000        0.6305
  11.000        0.5450
  12.000        0.6115
  13.000        0.6471
  14.000        0.9375
  15.000        1.6527
  18.000        1.2686
  19.000        0.7205
  20.000        0.5533
  21.000        0.4247
  22.000        0.4228
  23.000        0.4311
  24.000        0.4736
  25.000        0.4807
  26.000        0.4553
  27.000        0.3925
  28.000        0.4209
  29.000        0.4718
  30.000        0.7995
  31.000        1.7055
  34.000        1.4463
  35.000        0.6496
  36.000        0.4982
  37.000        0.3737
  38.000        0.3521
  39.000        0.3711
  40.000        0.4211
  41.000        0.4443
  42.000        0.4008
  43.000        0.3533
  44.000        0.3699
  45.000        0.4231
  46.000        0.7627
  47.000        1.6410
  50.000        1.4269
  51.000        0.5796
  52.000        0.4581
  53.000        0.3589
  54.000        0.3427
  55.000        0.3745
  56.000        0.4095
  57.000        0.4346
  58.000        0.4054
  59.000        0.3629
  60.000        0.3847
  61.000        0.4147
  62.000        0.5652
  63.000        1.1295
  66.000        0.8947
  67.000        0.4966
  68.000        0.4347
  69.000        0.3665
  70.000        0.3661
  71.000        0.3905
  72.000        0.4129
  73.000        0.4347
  74.000        0.4071
  75.000        0.3659
  76.000        0.3862
  77.000        0.4209
  78.000        0.5712
  79.000        1.1599
  82.000        0.7522
  83.000        0.5132
  84.000        0.4558
  85.000        0.3719
  86.000        0.3783
  87.000        0.4083
  88.000        0.4193
  89.000        0.4180
  90.000        0.4041
  91.000        0.3529
  92.000        0.3750
  93.000        0.4024
  94.000        0.5508
  95.000        1.1590
  98.000        0.8407
  99.000        0.5023
 100.000        0.4377
 101.000        0.3711
 102.000        0.3937
 103.000        0.4215
 104.000        0.4077
 105.000        0.3748
 106.000        0.3663
 107.000        0.3418
 108.000        0.3516
 109.000        0.3853
 110.000        0.5245
 111.000        1.1025
 114.000        0.9857
 115.000        0.5335
 116.000        0.4497
 117.000        0.3663
 118.000        0.3599
 119.000        0.3713
 120.000        0.3630
 121.000        0.3455
 122.000        0.3576
 123.000        0.3423
 124.000        0.3498
 125.000        0.3757
 126.000        0.5062
 127.000        1.0387
 130.000        1.8335
 131.000        0.7374
 132.000        0.4758
 133.000        0.3684
 134.000        0.3691
 135.000        0.3785
 136.000        0.3621
 137.000        0.3644
 138.000        0.4043
 139.000        0.3474
 140.000        0.3469
 141.000        0.3904
 142.000        0.5874
 143.000        1.2023
 146.000        1.0554
 147.000        0.5635
 148.000        0.4838
 149.000        0.3885
 150.000        0.3609
 151.000        0.3690
 152.000        0.3765
 153.000        0.3829
 154.000        0.4149
 155.000        0.3510
 156.000        0.3879
 157.000        0.4124
 158.000        0.5622
 159.000        1.0486
 162.000        1.9575
 163.000        0.8092
 164.000        0.5518
 165.000        0.4044
 166.000        0.3791
 167.000        0.3998
 168.000        0.4061
 169.000        0.4155
 170.000        0.4289
 171.000        0.3950
 172.000        0.4306
 173.000        0.4794
 174.000        0.6060
 175.000        1.0894
 178.000        1.5074
 179.000        0.7780
 180.000        0.6272
 181.000        0.5614
 182.000        0.5155
 183.000        0.5235
 184.000        0.4798
 185.000        0.4944
 186.000        0.4777
 187.000        0.5346
 188.000        0.5803
 189.000        0.6766
 190.000        0.8686
 191.000        1.6342
 194.000        3.3303
 195.000        1.5651
 196.000        0.9009
 197.000        0.6082
 198.000        0.6288
 199.000        0.6206
 200.000        0.7432
 201.000        0.7312
 202.000        0.6719
 203.000        0.5120
 204.000        0.5928
 205.000        0.6435
 206.000        0.9702
 207.000        1.6947
 210.000        1.6331
 211.000        0.7626
 212.000        0.5907
 213.000        0.4384
 214.000        0.4383
 215.000        0.4401
 216.000        0.4670
 217.000        0.4601
 218.000        0.4468
 219.000        0.3708
 220.000        0.4187
 221.000        0.4985
 222.000        0.8283
 223.000        1.5225
 226.000        1.2054
 227.000        0.6597
 228.000        0.5050
 229.000        0.3746
 230.000        0.3600
 231.000        0.3592
 232.000        0.3966
 233.000        0.4103
 234.000        0.3744
 235.000        0.3305
 236.000        0.3542
 237.000        0.4041
 238.000        0.6058
 239.000        1.1016
 242.000        1.0207
 243.000        0.6055
 244.000        0.4892
 245.000        0.3581
 246.000        0.3413
 247.000        0.3615
 248.000        0.3921
 249.000        0.4136
 250.000        0.3824
 251.000        0.3467
 252.000        0.3566
 253.000        0.4021
 254.000        0.6874
 255.000        1.4923
 258.000        1.1248
 259.000        0.5569
 260.000        0.4413
 261.000        0.3726
 262.000        0.3632
 263.000        0.3927
 264.000        0.3936
 265.000        0.4137
 266.000        0.3919
 267.000        0.3586
 268.000        0.3629
 269.000        0.4087
 270.000        0.6793
 271.000        1.7107
 274.000        1.7583
 275.000        0.6708
 276.000        0.4669
 277.000        0.3772
 278.000        0.3745
 279.000        0.3923
 280.000        0.3888
 281.000        0.4214
 282.000        0.4011
 283.000        0.3582
 284.000        0.3589
 285.000        0.3973
 286.000        0.6364
 287.000        1.3212
 290.000        0.7076
 291.000        0.4896
 292.000        0.4362
 293.000        0.3717
 294.000        0.3668
 295.000        0.3891
 296.000        0.4106
 297.000        0.4107
 298.000        0.3946
 299.000        0.3609
 300.000        0.3569
 301.000        0.3968
 302.000        0.6721
 303.000        1.4649
 306.000        0.6316
 307.000        0.4677
 308.000        0.4185
 309.000        0.3564
 310.000        0.3561
 311.000        0.3720
 312.000        0.3879
 313.000        0.3713
 314.000        0.3750
 315.000        0.3419
 316.000        0.3656
 317.000        0.4335
 318.000        0.6307
 319.000        1.5651
 322.000        0.6357
 323.000        0.4622
 324.000        0.4204
 325.000        0.3530
 326.000        0.3479
 327.000        0.3517
 328.000        0.3548
 329.000        0.3424
 330.000        0.3528
 331.000        0.3371
 332.000        0.3622
 333.000        0.4140
 334.000        0.5910
 335.000        1.2318
 338.000        0.6759
 339.000        0.4906
 340.000        0.4421
 341.000        0.3738
 342.000        0.3641
 343.000        0.3814
 344.000        0.3812
 345.000        0.3597
 346.000        0.3584
 347.000        0.3558
 348.000        0.3894
 349.000        0.4521
 350.000        0.6543
 351.000        1.3828
 354.000        0.7617
 355.000        0.5406
 356.000        0.4755
 357.000        0.4068
 358.000        0.4153
 359.000        0.5522
 360.000        0.6614
 361.000        0.4889
 362.000        0.3800
 363.000        0.3897
 364.000        0.4382
 365.000        0.4985
 366.000        0.6852
 367.000        1.3347
 370.000        1.2078
 371.000        0.6845
 372.000        0.6002
 373.000        0.5317
 374.000        0.5660
 375.000        0.5735
 376.000        0.6011
 377.000        0.5039
 378.000        0.4680
 379.000        0.5006
 380.000        0.5433
 381.000        0.6731
 382.000        1.0593
 383.000        2.1054
