   0.00587         0         0         0        0.00000
   0.01203         0         0         0        0.00000
   0.01205         0         0         0        0.00000
   0.01830         0         0         0        0.00000
   0.01861         0         0         0        0.00000
   0.02495         0         0         0        0.00000
   0.02561         0         0         0        0.00000
   0.03208         0         0         0        0.00000
   0.03317         0         0         0        0.00000
   0.03970         0         0         0        0.00000
   0.04494         6         0         0        0.01786
   0.05153         0         0         0        0.00000
   0.05713         0         0         0        0.00000
   0.06380         0         0         0        0.00000
   0.07047         0         0         0        0.00000
   0.07405         0         0         0        0.00000
   0.08080         8         4         0        0.02381
   0.08755         0         0         0        0.00000
   0.09430         4         0         0        0.00595
   0.09613         0         0         0        0.00000
   0.10304         0         0         0        0.05952
   0.10994        10         0         0        0.07143
   0.11685        21         0         0        0.05952
   0.12375        24         9         1        0.11310
   0.13066        40        19         1        0.10714
   0.13756        48        46         4        0.20536
   0.14447        18        36         1        0.12798
   0.15137        19        52         0        0.15774
   0.15828        23        56         0        0.17857
   0.16518        41        85         0        0.28571
   0.17209        15        44         0        0.13690
   0.17899         6        85         0        0.18155
   0.18590        16        79         1        0.23214
   0.19280        13       123         0        0.36310
   0.19971        17        91         0        0.31250
   0.20662        12        98         0        0.25000
   0.21352        24       108         2        0.33036
   0.22043         0       117         0        0.27381
   0.22733        16       108         0        0.30060
   0.23424        30        76         1        0.24405
   0.24114        39       112         0        0.33036
   0.24805        60       114         0        0.31845
   0.25495        44       115         0        0.31250
   0.26186        59       121         0        0.33631
   0.26876        48       128         1        0.29762
   0.27567        88       101         1        0.32143
   0.28258        68       109         1        0.29464
   0.28948        54       142         1        0.37202
   0.29639        48       138         1        0.31250
   0.30329        48       179         0        0.41071
   0.31020        53       141         0        0.36905
   0.31710        70       161         0        0.42262
   0.32401        50       172         0        0.37202
   0.33091        55       129         0        0.36905
   0.33782        51       161         0        0.33333
   0.34472        49       183         0        0.37500
   0.35163        59       164         0        0.40179
   0.35853       106       167         4        0.42857
   0.36544        83       179         0        0.40774
   0.37234       100       189         0        0.50893
   0.37925        69       151         0        0.38988
   0.38616        52       159         0        0.38690
   0.39306        62       151         0        0.41071
   0.39997        63       169         0        0.42560
   0.40687        60       170         0        0.41071
   0.41378        66       157         0        0.38988
   0.42068        64       180         0        0.37500
   0.42759        58       167         0        0.39881
   0.43449        80       126         0        0.37798
   0.44140        67       177         0        0.41071
   0.44830        60       207         0        0.49107
   0.45521        61       171         0        0.36905
   0.46211        54       191         0        0.41667
   0.46902        63       164         1        0.42262
   0.47550        73       185         1        0.48214
   0.48240        90       194         0        0.51786
   0.48931        53       197         0        0.44940
   0.49621        59       204         1        0.53571
   0.50312        83       206         0        0.54167
   0.51003        66       208         1        0.46131
   0.51693        65       232         0        0.52381
   0.52384        72       205         0        0.49405
   0.53074        56       202         0        0.44345
   0.53765        55       212         0        0.46726
   0.54455        57       236         0        0.50000
   0.55146        77       238         0        0.60417
   0.55836        46       220         0        0.48214
   0.56527        60       223         0        0.49107
   0.57217        62       234         0        0.52381
   0.57908        82       195         0        0.50893
   0.58598        82       236         0        0.53571
   0.59289        86       177         0        0.45238
   0.59979        71       234         0        0.51190
   0.60670        40       193         1        0.44345
   0.61361        75       201         0        0.49107
   0.62051        60       262         1        0.50893
   0.62742        63       211         0        0.49405
   0.63432        55       279         0        0.58036
   0.64123        61       267         0        0.60714
   0.64813        61       268         0        0.55952
   0.65504        75       239         1        0.54762
   0.66194        76       249         0        0.57440
   0.66885        63       289         0        0.59524
   0.67575        70       242         0        0.53571
   0.68266        69       289         1        0.63393
   0.68957        68       257         0        0.58631
   0.69647        63       219         1        0.56845
   0.70338        74       279         1        0.61310
   0.71028        65       263         1        0.56548
   0.71719        65       263         1        0.60714
   0.72409        73       290         0        0.60714
   0.73100        45       308         1        0.57738
   0.73790        46       308         1        0.58631
   0.74481        73       359         1        0.66369
   0.75171        74       303         0        0.62500
   0.75862        68       300         0        0.65179
   0.76552        58       311         1        0.62500
   0.77243        68       307         0        0.61607
   0.77933        61       338         0        0.66071
   0.78624        72       309         1        0.62202
   0.79315        82       287         1        0.62798
   0.80005        73       325         0        0.64286
   0.80696        82       339         0        0.66071
   0.81386        67       353         0        0.68452
   0.82077        46       379         0        0.70833
   0.82767        87       375         0        0.72024
   0.83458        84       330         0        0.65774
   0.84148        82       348         1        0.70833
   0.84839        62       359         1        0.66071
   0.85456        51       340         0        0.64583
   0.86146        60       385         0        0.67857
   0.86837        42       321         0        0.64583
   0.87527        46       315         0        0.60119
   0.88218        57       324         0        0.64286
   0.88908        82       338         1        0.67560
   0.89599        65       323         0        0.64881
   0.90289        66       316         0        0.66964
   0.90980        74       368         0        0.67560
   0.91671        67       347         0        0.68452
   0.92361        65       337         0        0.68750
   0.93052        88       362         0        0.72321
   0.93742        85       336         1        0.69345
   0.94433        90       334         0        0.72024
   0.95123        86       348         1        0.73512
   0.95814        89       332         0        0.73214
   0.96504        71       362         1        0.72321
   0.97195        72       333         0        0.68750
   0.97885        84       384         1        0.76488
   0.98576        81       321         0        0.69345
   0.99266        85       323         0        0.73214
   0.99957        75       328         0        0.69643
   1.00648        80       340         0        0.70833
   1.01338        69       322         0        0.66071
   1.02029        69       328         0        0.66369
   1.02719        53       341         0        0.71131
   1.03410        69       351         0        0.71429
   1.04100        66       341         0        0.71131
   1.04791        88       324         0        0.71131
   1.05481        67       360         0        0.72321
   1.06172        93       382         0        0.78869
   1.06862        90       408         0        0.77083
   1.07553        79       390         0        0.77083
   1.08243        77       367         1        0.76786
   1.08934        59       387         0        0.72321
   1.09625        82       393         0        0.81845
   1.10315        76       378         1        0.76488
   1.11006        74       360         1        0.72619
   1.11696        77       425         1        0.79167
   1.12387        78       361         0        0.78571
   1.13077        76       422         1        0.76786
   1.13768        67       400         0        0.76488
   1.14458        58       364         0        0.72321
   1.15149        72       387         1        0.76190
   1.15839        78       413         1        0.80357
   1.16530        82       378         0        0.76488
   1.17220        72       376         0        0.72321
   1.17911        57       368         0        0.71726
   1.18602        54       422         0        0.74405
   1.19292        57       384         0        0.77679
   1.19983        51       390         0        0.74107
   1.20673        55       349         0        0.73810
   1.21364        83       318         0        0.70238
   1.22054        71       381         0        0.75000
   1.22745        49       405         0        0.77083
   1.23435        50       393         0        0.75893
   1.23453        53       393         0        0.75893
   1.24143        44       372         0        0.70833
   1.24834        28       404         0        0.75893
   1.25524        21       392         0        0.73512
   1.26215        40       381         0        0.72917
   1.26905        52       381         0        0.75000
   1.27596        39       376         0        0.73214
   1.28286        42       431         0        0.78274
   1.28977        40       391         0        0.72024
   1.29668        53       440         0        0.76786
   1.30358        34       406         0        0.75595
   1.31049        46       401         0        0.77381
   1.31739        29       447         0        0.76488
   1.32430        43       422         0        0.75595
   1.33120        47       432         0        0.77381
   1.33811        35       402         0        0.78274
   1.34501        35       369         0        0.73512
   1.35192        33       401         0        0.75000
   1.35882        36       364         0        0.74405
   1.36573        29       394         0        0.75893
   1.37263        28       379         0        0.75000
   1.37954        53       389         1        0.73810
   1.38644        36       411         0        0.75893
   1.39335        30       400         0        0.79464
   1.40026        46       417         0        0.80655
   1.40716        36       457         0        0.79167
   1.41407        35       416         0        0.77976
   1.42097        24       439         0        0.77381
   1.42788        33       426         0        0.75000
   1.43478        47       420         0        0.74702
   1.44169        34       431         0        0.80357
   1.44859        35       375         0        0.75595
   1.45550        28       384         0        0.72321
   1.46240        24       434         0        0.77083
   1.46931        25       413         0        0.76786
   1.47621        27       379         0        0.71726
   1.48312        39       426         0        0.80060
   1.49003        39       414         0        0.79167
   1.49693        33       453         0        0.77976
   1.50384        38       394         0        0.78571
   1.51074        45       355         0        0.73214
   1.51765        41       429         0        0.79167
   1.52455        51       390         0        0.78869
   1.53146        35       416         0        0.75595
   1.53836        44       405         0        0.80655
   1.54527        39       381         0        0.75893
   1.55217        35       354         0        0.75298
   1.55908        47       402         0        0.78571
   1.56598        25       387         0        0.76488
   1.57289        36       423         0        0.76190
   1.57980        37       364         0        0.75595
   1.58670        27       387         0        0.79167
   1.59361        36       381         0        0.74107
   1.60051        32       407         0        0.75595
   1.60742        38       399         0        0.75000
   1.61432        33       406         0        0.77083
   1.61575        33       382         0        0.73214
   1.62266        19       389         0        0.72024
   1.62956        32       385         0        0.74107
   1.63647        31       375         0        0.73810
   1.64337        27       342         0        0.68452
   1.65028        26       413         0        0.72321
   1.65718        26       383         0        0.74107
   1.66409        27       369         0        0.74405
   1.67099        32       357         0        0.75595
   1.67790        21       393         0        0.72024
   1.68480        20       406         0        0.80060
   1.69171        25       427         0        0.75298
   1.69862        36       384         0        0.80060
   1.70552        37       381         0        0.74107
   1.71243        22       354         0        0.67857
   1.71933        32       428         0        0.72619
   1.72624        25       363         0        0.65476
   1.73314        18       385         0        0.71726
   1.74005        23       398         0        0.77976
   1.74695        26       377         0        0.74702
   1.75386        41       409         0        0.77083
   1.76076        45       426         0        0.75893
   1.76767        43       391         0        0.74107
   1.77457        28       364         0        0.76488
   1.78148        40       390         0        0.75595
   1.78839        23       384         0        0.74107
   1.79529        27       382         0        0.75893
   1.80220        33       420         0        0.76786
   1.80910        36       437         0        0.77381
   1.81601        28       418         0        0.77679
   1.82291        24       415         0        0.76190
   1.82982        21       464         0        0.78869
   1.83672        32       376         0        0.76488
   1.84363        25       419         0        0.74405
   1.85053        31       387         0        0.75893
   1.85744        26       403         0        0.77083
   1.86434        36       392         0        0.73810
   1.87125        32       356         0        0.72321
   1.87816        34       394         0        0.74107
   1.88506        27       389         0        0.75000
   1.89197        34       424         0        0.76786
   1.89887        41       415         0        0.79762
   1.90578        42       417         0        0.77083
   1.91268        39       388         0        0.75298
   1.91959        34       397         0        0.77679
   1.92649        35       435         0        0.82440
   1.93340        33       422         0        0.78571
   1.94030        33       396         0        0.74702
   1.94721        35       389         0        0.73810
   1.95411        30       378         0        0.76190
   1.96102        22       375         0        0.72619
   1.96793        33       395         0        0.78274
   1.97483        36       391         0        0.74107
   1.98174        37       428         0        0.77976
   1.98864        33       413         0        0.75000
   1.99555        31       387         0        0.77381
   1.99673        33       395         0        0.77679
   2.00364        26       431         0        0.77083
   2.01054        28       372         0        0.71726
   2.01745        28       369         0        0.76190
   2.02435        34       406         0        0.73214
   2.03126        33       412         0        0.70238
   2.03816        33       392         0        0.70536
   2.04507        31       380         0        0.73214
   2.05198        22       372         0        0.72024
   2.05888        27       388         0        0.73810
   2.06579        27       410         0        0.76786
   2.07269        40       380         0        0.71726
   2.07960        33       397         0        0.73512
   2.08650        38       406         0        0.75595
   2.09341        48       444         0        0.75893
   2.10031        44       396         0        0.73512
   2.10722        51       384         0        0.74405
   2.11412        31       420         0        0.75595
   2.12103        55       421         0        0.77679
   2.12793        28       404         0        0.76488
   2.13484        24       387         0        0.73810
   2.14174        36       413         0        0.77976
   2.14865        47       381         0        0.71429
   2.15556        45       395         0        0.76488
   2.16246        47       354         0        0.70238
   2.16937        26       359         0        0.67560
   2.17627        40       394         0        0.76786
   2.18318        51       396         0        0.79167
   2.19008        59       368         0        0.75595
   2.19699        44       394         0        0.74107
   2.20389        48       394         0        0.78869
   2.21080        58       362         0        0.72321
   2.21770        51       381         0        0.72619
   2.22461        50       391         0        0.74702
   2.23151        48       389         0        0.75595
   2.23842        47       397         0        0.73512
   2.24533        51       479         0        0.78571
   2.25223        53       365         0        0.73512
   2.25914        37       347         0        0.68155
   2.26604        34       413         0        0.70536
   2.27295        31       386         0        0.72619
   2.27985        33       392         0        0.70833
   2.28676        32       378         0        0.71726
   2.29366        40       365         0        0.69940
   2.30057        43       361         0        0.66667
   2.30747        41       382         0        0.72619
   2.31438        39       395         0        0.71131
   2.32128        34       375         0        0.70833
   2.32819        35       393         0        0.72321
   2.33510        33       420         0        0.71429
   2.34200        35       402         0        0.69940
   2.34891        29       361         0        0.66369
   2.35581        27       392         0        0.71726
   2.36272        46       389         0        0.71131
   2.36962        32       398         0        0.68155
   2.37653        41       406         0        0.71726
   2.37672        36       402         0        0.72619
   2.38363        40       426         0        0.69940
   2.39053        47       421         0        0.68155
   2.39744        54       395         0        0.70238
   2.40435        38       398         0        0.68750
   2.41125        41       390         0        0.67857
   2.41816        43       412         0        0.70536
   2.42506        47       382         0        0.71726
   2.43197        28       371         0        0.69643
   2.43887        42       369         0        0.69048
   2.44578        43       368         0        0.68155
   2.45268        54       375         0        0.66369
   2.45959        45       391         0        0.67857
   2.46649        37       396         0        0.69940
   2.47340        47       372         0        0.67857
   2.48030        44       402         0        0.71429
   2.48721        35       397         0        0.71131
   2.49412        33       407         0        0.68452
   2.50102        39       373         0        0.69048
   2.50793        60       394         0        0.74107
   2.51483        38       377         0        0.69940
   2.52174        47       445         0        0.74107
   2.52864        45       444         0        0.69940
   2.53555        42       434         0        0.73810
   2.54245        36       455         0        0.68750
   2.54936        59       406         0        0.70833
   2.55626        28       391         0        0.72024
   2.56317        50       474         0        0.74107
   2.57007        47       359         0        0.65774
   2.57698        27       380         0        0.66071
   2.58389        44       442         0        0.70833
   2.59079        42       421         0        0.76488
   2.59770        45       392         0        0.72024
   2.60460        34       379         0        0.68750
   2.61151        55       434         0        0.73512
   2.61841        26       427         0        0.70536
   2.62532        25       413         0        0.69940
   2.63222        66       372         0        0.73512
   2.63913        32       371         0        0.64583
   2.64603        38       372         0        0.71429
   2.65294        45       362         0        0.66667
   2.65984        40       372         0        0.72619
   2.66675        46       407         0        0.73214
   2.67366        52       431         0        0.68155
   2.68056        30       406         0        0.72321
   2.68747        31       427         0        0.69940
   2.69437        37       396         0        0.71726
   2.70128        30       397         0        0.69643
   2.70818        36       424         0        0.66071
   2.71509        42       406         0        0.65179
   2.72199        46       444         0        0.72321
   2.72890        35       431         0        0.73810
   2.73580        38       377         0        0.71726
   2.74271        30       387         0        0.74107
   2.74961        29       413         0        0.75000
   2.75623        31       446         0        0.77083
   2.76313        24       445         0        0.76190
   2.77004        29       432         0        0.78274
   2.77694        32       383         0        0.72024
   2.78385        35       425         0        0.72024
   2.79075        31       454         0        0.74405
   2.79766        25       388         0        0.68452
   2.80456        47       471         0        0.75595
   2.81147        30       420         0        0.75298
   2.81838        37       455         0        0.74702
   2.82528        30       411         0        0.76190
   2.83219        22       399         0        0.72619
   2.83909        31       478         0        0.77976
   2.84600        25       449         0        0.74107
   2.85290        26       452         0        0.71726
   2.85981        31       455         0        0.77679
   2.86671        45       429         0        0.74405
   2.87362        25       456         0        0.78274
   2.88052        25       407         0        0.77976
   2.88743        23       436         0        0.72024
   2.89434        36       434         0        0.79167
   2.90124        25       428         0        0.74107
   2.90815        24       449         0        0.75298
   2.91505        35       445         0        0.75298
   2.92196        28       433         0        0.75000
   2.92886        32       419         0        0.77976
   2.93577        25       447         0        0.73512
   2.94267        29       447         0        0.76488
   2.94958        39       431         0        0.75595
   2.95648        34       459         0        0.80357
   2.96339        27       415         0        0.75595
   2.97029        33       408         0        0.77083
   2.97720        31       437         0        0.79464
   2.98410        38       466         0        0.80060
   2.99101        33       455         0        0.81250
   2.99792        32       405         0        0.76786
   3.00482        24       423         0        0.75595
   3.01173        32       452         0        0.75298
   3.01863        32       401         0        0.75595
   3.02554        28       382         0        0.75000
   3.03244        25       423         0        0.72024
   3.03935        50       431         0        0.80952
   3.04625        35       405         0        0.77679
   3.05316        37       418         0        0.74405
   3.06006        31       395         0        0.75893
   3.06697        47       390         0        0.78869
   3.07387        37       434         0        0.74107
   3.08078        31       382         0        0.73214
   3.08769        39       426         0        0.75000
   3.09459        36       409         0        0.74405
   3.10150        33       404         0        0.71429
   3.10840        27       414         0        0.73810
   3.11531        29       368         0        0.74405
   3.12221        49       379         0        0.76786
   3.12912        39       410         1        0.76786
   3.13602        34       422         0        0.77083
   3.13697        33       450         0        0.78869
   3.14388        39       464         0        0.76786
   3.15078        38       433         0        0.76786
   3.15769        41       426         0        0.80655
   3.16460        41       381         0        0.75298
   3.17150        37       469         0        0.80060
   3.17841        37       421         0        0.79167
   3.18531        53       450         0        0.79464
   3.19222        28       476         0        0.75298
   3.19912        39       433         0        0.77679
   3.20603        33       448         0        0.78274
   3.21293        36       420         0        0.75298
   3.21984        33       467         0        0.76190
   3.22674        32       420         0        0.77381
   3.23365        29       463         0        0.78869
   3.24055        32       422         0        0.75595
   3.24746        40       455         0        0.77679
   3.25436        45       454         0        0.75000
   3.26127        38       413         0        0.77083
   3.26818        35       417         0        0.72917
   3.27508        30       406         0        0.73512
   3.28199        32       407         1        0.75000
   3.28889        28       457         0        0.77381
   3.29580        34       456         0        0.77381
   3.30270        39       444         0        0.76488
   3.30961        32       426         0        0.76488
   3.31651        39       404         0        0.75595
   3.32342        42       428         0        0.80357
   3.33032        46       425         0        0.76190
   3.33723        32       429         0        0.76786
   3.34414        41       420         0        0.80060
   3.35104        38       456         0        0.78571
   3.35795        25       421         0        0.77381
   3.36485        37       406         0        0.73810
   3.37176        33       453         0        0.77381
   3.37866        29       436         0        0.78274
   3.38557        37       428         0        0.77679
   3.39247        29       455         0        0.78571
   3.39938        20       480         0        0.76488
   3.40628        31       462         0        0.80357
   3.41319        30       466         0        0.80357
   3.42009        35       435         0        0.78869
   3.42700        46       469         0        0.79464
   3.43390        31       399         0        0.75000
   3.44081        52       416         0        0.77679
   3.44772        46       436         0        0.78869
   3.45462        36       427         0        0.77083
   3.46153        35       491         0        0.78571
   3.46843        38       449         0        0.76488
   3.47534        42       455         0        0.76488
   3.48224        29       486         0        0.80655
   3.48915        37       461         0        0.79762
   3.49605        44       489         0        0.80060
   3.50296        42       412         0        0.77381
   3.50986        50       429         0        0.81548
   3.51677        34       456         0        0.75298
   3.51748        47       463         0        0.76786
   3.52439        27       456         0        0.82143
   3.53129        40       452         1        0.81845
   3.53820        35       437         1        0.79464
   3.54511        27       372         0        0.73214
   3.55201        34       427         0        0.78274
   3.55892        35       453         0        0.75595
   3.56582        42       435         0        0.77381
   3.57273        30       441         0        0.77083
   3.57963        34       438         0        0.77381
   3.58654        36       455         0        0.76488
   3.59344        28       443         0        0.75595
   3.60035        31       407         0        0.75595
   3.60725        32       424         0        0.80952
   3.61416        26       448         0        0.78869
   3.62107        32       413         0        0.74702
   3.62797        39       484         0        0.78274
   3.63488        32       479         0        0.82143
   3.64178        25       408         0        0.73810
   3.64869        38       440         0        0.81548
   3.65559        41       470         0        0.81250
   3.66250        38       427         0        0.77679
   3.66940        45       440         0        0.74405
   3.67631        33       432         0        0.75893
   3.68321        35       465         0        0.78274
   3.69012        37       453         0        0.79464
   3.69702        35       465         0        0.76786
   3.70393        48       471         0        0.76190
   3.71083        35       461         0        0.75298
   3.71774        33       479         0        0.77381
   3.72465        49       456         0        0.80655
   3.73155        46       465         0        0.77381
   3.73846        36       416         0        0.78869
   3.74536        43       440         0        0.77976
   3.75227        47       431         0        0.77381
   3.75917        40       489         0        0.77381
   3.76608        40       425         0        0.78274
   3.77298        40       455         0        0.79167
   3.77989        40       452         0        0.80060
   3.78679        48       437         0        0.80357
   3.79370        31       406         0        0.77679
   3.80060        38       450         0        0.77976
   3.80751        38       428         0        0.75595
   3.81442        35       437         0        0.77083
   3.82132        27       439         0        0.80357
   3.82823        46       454         0        0.76488
   3.83513        46       418         0        0.80655
   3.84204        48       488         0        0.81250
   3.84894        32       429         0        0.79762
   3.85585        35       404         0        0.77381
   3.86275        44       412         0        0.80060
   3.86966        42       444         0        0.78274
   3.87656        36       451         0        0.79167
   3.88347        50       426         0        0.80060
   3.89037        35       451         0        0.77679
   3.89728        35       482         0        0.81250
   3.89831        38       482         0        0.82143
   3.90522        35       422         0        0.77083
   3.91212        33       475         0        0.82738
   3.91903        45       450         0        0.79762
   3.92593        53       455         0        0.78869
   3.93284        34       445         0        0.76786
   3.93974        43       485         0        0.80060
   3.94665        28       429         0        0.79167
   3.95355        53       462         0        0.79762
   3.96046        43       496         0        0.81250
   3.96737        37       445         0        0.79762
   3.97427        39       445         0        0.81845
   3.98118        42       447         0        0.78869
   3.98808        40       447         0        0.78274
   3.99499        32       449         0        0.78274
   4.00189        45       497         0        0.81548
   4.00880        38       443         0        0.80357
   4.01570        31       443         0        0.77083
   4.02261        51       449         0        0.79762
   4.02951        43       461         0        0.78274
   4.03642        69       401         0        0.80060
   4.04332        34       465         0        0.77381
   4.05023        32       453         0        0.79464
   4.05714        41       475         0        0.80655
   4.06404        46       439         0        0.77976
   4.07095        43       496         0        0.82143
   4.07785        47       438         0        0.77679
   4.08476        60       430         0        0.76786
   4.09166        48       404         0        0.78274
   4.09857        59       476         0        0.78571
   4.10547        35       390         0        0.74107
   4.11238        39       400         0        0.76190
   4.11928        39       480         0        0.80357
   4.12619        37       425         0        0.74405
   4.13309        23       408         0        0.74107
   4.14000        40       453         0        0.74405
   4.14691        36       449         0        0.75298
   4.15381        51       457         0        0.79762
   4.16072        35       467         0        0.80060
   4.16762        55       444         0        0.77976
   4.17453        51       461         0        0.77381
   4.18143        34       435         0        0.78869
   4.18834        42       428         0        0.75595
   4.19524        35       380         0        0.76488
   4.20215        28       444         0        0.77679
   4.20905        26       421         0        0.77083
   4.21596        37       441         0        0.76786
   4.22286        41       423         0        0.79167
   4.22977        33       435         0        0.76786
   4.23668        40       464         0        0.77679
   4.24358        49       489         0        0.80060
   4.25049        50       461         0        0.78869
   4.25739        35       468         0        0.80952
   4.26430        32       514         0        0.80952
   4.27120        44       433         0        0.77381
   4.27811        34       467         0        0.80357
   4.27902        31       432         0        0.79167
   4.28593        51       501         0        0.80357
   4.29283        33       468         0        0.79464
   4.29974        33       450         0        0.80357
   4.30664        36       468         0        0.77381
   4.31355        42       444         0        0.80357
   4.32045        36       430         0        0.79167
   4.32736        32       442         0        0.80357
   4.33426        38       469         0        0.79464
   4.34117        42       526         0        0.80357
   4.34807        47       487         0        0.80952
   4.35498        36       451         0        0.80952
   4.36189        37       464         0        0.80060
   4.36879        34       488         0        0.80060
   4.37570        38       456         0        0.78869
   4.38260        53       456         0        0.79762
   4.38951        49       491         0        0.78869
   4.39641        44       516         0        0.83036
   4.40332        40       475         0        0.81845
   4.41022        25       464         0        0.77381
   4.41713        34       463         0        0.78274
   4.42403        36       456         0        0.77679
   4.43094        50       399         0        0.74702
   4.43784        58       441         0        0.78274
   4.44475        45       472         0        0.80357
   4.45166        40       457         0        0.76786
   4.45856        34       432         0        0.77381
   4.46547        36       483         0        0.77976
   4.47237        49       444         0        0.77381
   4.47928        32       431         0        0.77083
   4.48618        58       446         0        0.76786
   4.49309        42       404         0        0.77381
   4.49999        31       473         0        0.79167
   4.50690        46       476         0        0.76190
   4.51380        47       438         0        0.76190
   4.52071        42       471         0        0.77679
   4.52761        35       440         0        0.77381
   4.53452        47       489         0        0.82440
   4.54143        62       481         0        0.80952
   4.54833        45       478         0        0.77679
   4.55524        37       448         0        0.77083
   4.56214        53       496         0        0.76786
   4.56905        39       463         0        0.79464
   4.57595        25       431         0        0.75893
   4.58286        34       473         0        0.78571
   4.58976        33       419         0        0.77679
   4.59667        37       469         0        0.80357
   4.60357        43       447         0        0.77679
   4.61048        51       401         0        0.75000
   4.61738        33       424         0        0.77381
   4.62429        38       450         0        0.77381
   4.63119        32       443         0        0.78869
   4.63810        42       477         0        0.77679
   4.64501        24       439         0        0.75298
   4.65191        28       392         0        0.72321
   4.65882        36       455         0        0.72917
   4.65938        27       425         0        0.73810
   4.66629        33       377         0        0.72024
   4.67320        34       395         0        0.73810
   4.68010        44       449         0        0.75595
   4.68701        50       414         0        0.74702
   4.69391        29       432         0        0.73810
   4.70082        52       432         0        0.73810
   4.70772        48       406         0        0.75000
   4.71463        61       430         0        0.76786
   4.72153        47       422         0        0.74405
   4.72844        47       409         0        0.72321
   4.73534        58       420         0        0.74702
   4.74225        65       407         0        0.77381
   4.74915        47       446         0        0.76786
   4.75606        51       423         0        0.75298
   4.76297        43       409         0        0.74405
   4.76987        43       429         0        0.79464
   4.77678        59       381         0        0.75298
   4.78368        47       395         0        0.75298
   4.79059        47       386         0        0.75000
   4.79749        46       395         0        0.75000
   4.80440        45       364         0        0.79464
   4.81130        52       432         0        0.75595
   4.81821        55       441         0        0.77679
   4.82511        60       402         0        0.74702
   4.83202        39       397         0        0.72917
   4.83892        52       376         0        0.78274
   4.84583        48       437         0        0.75298
   4.85274        69       434         0        0.77381
   4.85964        83       425         0        0.78571
   4.86655        49       417         0        0.77976
   4.87345        53       407         0        0.74107
   4.88036        45       437         0        0.77083
   4.88726        72       402         0        0.75595
   4.89417        61       453         0        0.74405
   4.90107        47       412         1        0.75298
   4.90798        64       422         1        0.77679
   4.91488        48       433         0        0.77083
   4.92179        61       445         0        0.76190
   4.92869        37       423         0        0.70536
   4.93560        61       383         0        0.76488
   4.94251        53       422         0        0.75298
   4.94941        50       423         0        0.74702
   4.95632        53       401         0        0.78274
   4.96322        75       425         1        0.77083
   4.97013        35       447         0        0.72619
   4.97703        50       412         0        0.75893
   4.98394        47       390         0        0.72024
   4.99084        25       391         0        0.72321
   4.99775        35       415         0        0.75595
   5.00465        37       391         0        0.73810
   5.01156        38       462         0        0.76786
   5.01846        39       438         0        0.76190
   5.02537        28       433         0        0.75893
   5.03228        25       455         0        0.75298
   5.03918        35       452         0        0.75000
   5.03986        35       459         0        0.75298
   5.04677        36       445         0        0.75595
   5.05367        41       438         0        0.76786
   5.06058        47       461         0        0.77381
   5.06749        55       431         0        0.78571
   5.07439        30       419         0        0.76488
   5.08130        30       452         0        0.76786
   5.08820        48       433         0        0.80655
   5.09511        39       461         0        0.79167
   5.10201        49       440         0        0.79762
   5.10892        37       488         0        0.80655
   5.11582        33       451         0        0.74405
   5.12273        47       427         0        0.80952
   5.12963        42       411         0        0.78869
   5.13654        39       421         0        0.77679
   5.14344        64       433         0        0.81548
   5.15035        35       379         0        0.75298
   5.15726        33       391         0        0.75298
   5.16416        42       426         0        0.77679
   5.17107        36       508         0        0.80655
   5.17797        32       451         0        0.77381
   5.18488        68       493         0        0.82143
   5.19178        29       451         0        0.71429
   5.19869        52       462         0        0.78571
   5.20559        63       492         0        0.79762
   5.21250        47       497         0        0.78869
   5.21940        41       494         0        0.76786
   5.22631        50       459         0        0.80060
   5.23321        29       457         0        0.80655
   5.24012        42       447         0        0.80060
   5.24703        28       393         0        0.76786
   5.25393        30       422         0        0.73810
   5.26084        31       439         0        0.77679
   5.26774        31       398         0        0.76488
   5.27465        31       421         0        0.79762
   5.28155        45       420         0        0.77679
   5.28846        33       372         0        0.72917
   5.29536        27       407         0        0.77976
   5.30227        33       463         0        0.80655
   5.30917        34       399         0        0.76190
   5.31608        33       394         0        0.77083
   5.32298        38       427         0        0.74702
   5.32989        40       432         0        0.77083
   5.33680        30       455         0        0.79167
   5.34370        36       407         0        0.77083
   5.35061        28       409         0        0.77976
   5.35751        37       450         0        0.80060
   5.36442        27       472         0        0.76786
   5.37132        32       466         0        0.80060
   5.37823        31       456         0        0.78869
   5.38513        25       414         0        0.76786
   5.39204        19       464         0        0.76786
   5.39894        25       437         0        0.79167
   5.40585        27       440         0        0.79464
   5.41275        30       461         0        0.79464
   5.41966        32       417         0        0.79167
   5.42078        22       427         0        0.80060
   5.42769        38       417         0        0.79167
   5.43459        25       425         0        0.78274
   5.44150        25       492         0        0.81845
   5.44840        22       471         0        0.79167
   5.45531        31       465         0        0.77679
   5.46222        33       394         0        0.82143
   5.46912        28       429         0        0.81250
   5.47603        23       427         0        0.79464
   5.48293        28       434         0        0.77381
   5.48984        32       459         0        0.82143
   5.49674        33       445         0        0.83333
   5.50365        30       403         0        0.77679
   5.51055        30       431         0        0.81845
   5.51746        28       402         0        0.80060
   5.52436        26       464         0        0.78274
   5.53127        23       458         0        0.77976
   5.53817        17       419         0        0.76786
   5.54508        28       437         0        0.79464
   5.55199        20       428         0        0.79464
   5.55889        30       444         0        0.80952
   5.56580        26       462         0        0.78869
   5.57270        22       441         0        0.78869
   5.57961        28       436         0        0.79167
   5.58651        27       401         0        0.72917
   5.59342        31       394         0        0.75298
   5.60032        28       447         0        0.78274
   5.60723        30       451         0        0.81845
   5.61413        23       442         0        0.79464
   5.62104        28       454         0        0.76786
   5.62794        25       457         0        0.78274
   5.63485        30       371         0        0.77679
   5.64176        32       424         0        0.77381
   5.64866        25       432         0        0.80655
   5.65557        25       425         0        0.83333
   5.66247        29       415         0        0.80357
   5.66938        24       432         0        0.80655
   5.67628        31       411         0        0.79167
   5.68319        25       426         0        0.82738
   5.69009        31       493         0        0.79167
   5.69700        29       455         0        0.79167
   5.70390        33       445         0        0.83333
   5.71081        27       410         0        0.78869
   5.71771        25       436         0        0.80357
   5.72462        27       421         0        0.79167
   5.73153        35       425         0        0.80952
   5.73843        29       440         0        0.80655
   5.74534        30       402         0        0.78869
   5.75224        24       437         0        0.79464
   5.75915        35       438         0        0.80655
   5.76605        25       418         0        0.81548
   5.77296        28       415         0        0.79167
   5.77986        20       490         0        0.81845
   5.78677        30       428         0        0.78274
   5.79367        33       442         0        0.80060
   5.80058        28       431         0        0.80952
   5.80251        24       420         0        0.79167
   5.80942        27       489         0        0.85119
   5.81632        27       458         0        0.83333
   5.82323        27       418         0        0.78274
   5.83013        27       503         0        0.84821
   5.83704        31       463         0        0.78869
   5.84395        31       450         0        0.81548
   5.85085        43       469         0        0.83631
   5.85776        22       439         0        0.79762
   5.86466        24       426         0        0.80952
   5.87157        30       465         0        0.78869
   5.87847        27       445         0        0.85417
   5.88538        30       463         0        0.80357
   5.89228        32       435         0        0.82738
   5.89919        32       469         0        0.83929
   5.90609        30       454         0        0.80655
   5.91300        28       491         0        0.85714
   5.91990        35       415         0        0.79762
   5.92681        24       448         0        0.83631
   5.93372        27       461         0        0.83333
   5.94062        32       417         0        0.82440
   5.94753        28       443         0        0.84821
   5.95443        41       532         0        0.83631
   5.96134        27       429         0        0.82143
   5.96824        25       443         0        0.79762
   5.97515        30       421         0        0.81548
   5.98205        28       403         0        0.78274
   5.98896        26       478         0        0.81250
   5.99586        41       474         0        0.85417
   6.00277        27       486         0        0.79464
   6.00967        32       438         0        0.82440
   6.01658        30       439         0        0.77976
   6.02349        27       468         0        0.80060
   6.03039        25       423         0        0.79464
   6.03730        28       446         0        0.79762
   6.04420        28       432         0        0.81845
   6.05111        27       471         0        0.84524
   6.05801        28       477         0        0.82738
   6.06492        34       452         0        0.81250
   6.07182        25       471         0        0.82143
   6.07873        25       486         0        0.80655
   6.08563        30       433         0        0.81250
   6.09254        22       393         0        0.74107
   6.09944        26       480         0        0.82440
   6.10635        28       472         0        0.83929
   6.11326        25       468         0        0.78274
   6.12016        27       456         0        0.76190
   6.12707        42       428         0        0.78869
   6.13397        32       399         0        0.76786
   6.14088        31       422         0        0.79762
   6.14778        34       422         0        0.79762
   6.15469        37       455         0        0.79167
   6.16159        25       443         0        0.81250
   6.16850        22       409         0        0.76190
   6.17540        31       496         0        0.79167
   6.18231        28       485         0        0.77976
   6.18389        25       528         0        0.77083
   6.19079        25       488         0        0.81845
   6.19770        32       486         0        0.81845
   6.20460        24       472         0        0.80952
   6.21151        27       419         0        0.77083
   6.21841        36       484         0        0.77083
   6.22532        31       466         0        0.77381
   6.23222        25       497         0        0.79167
   6.23913        48       486         0        0.83036
   6.24604        27       453         0        0.80060
   6.25294        29       488         0        0.83036
   6.25985        22       524         0        0.84226
   6.26675        30       529         0        0.84226
   6.27366        30       448         0        0.76786
   6.28056        31       456         0        0.82440
   6.28747        30       467         0        0.83631
   6.29437        28       452         0        0.79762
   6.30128        28       474         0        0.78571
   6.30818        37       492         0        0.78869
   6.31509        28       409         0        0.75893
   6.32199        27       474         0        0.77679
   6.32890        25       486         0        0.81845
   6.33580        29       442         0        0.82143
   6.34271        31       464         0        0.81250
   6.34962        30       425         0        0.75595
   6.35652        29       455         0        0.79762
   6.36343        30       463         0        0.83333
   6.37033        42       439         0        0.78869
   6.37724        42       459         0        0.79464
   6.38414        34       444         0        0.80655
   6.39105        23       434         0        0.78274
   6.39795        45       470         0        0.77083
   6.40486        36       451         0        0.78274
   6.41176        28       484         0        0.81250
   6.41867        30       492         0        0.81250
   6.42557        39       484         0        0.81250
   6.43248        24       483         0        0.77083
   6.43939        34       433         0        0.77679
   6.44629        28       473         0        0.79464
   6.45320        49       481         0        0.77976
   6.46010        24       489         0        0.79464
   6.46701        28       456         0        0.76190
   6.47391        29       449         0        0.80060
   6.48082        31       482         0        0.77083
   6.48772        41       505         0        0.78869
   6.49463        32       460         0        0.78274
   6.50153        33       400         0        0.76488
   6.50844        32       417         0        0.75893
   6.51534        30       461         0        0.78571
   6.52225        20       472         0        0.78571
   6.52916        27       539         0        0.80357
   6.53606        28       505         0        0.78274
   6.54297        31       514         0        0.82440
   6.54987        22       465         0        0.78869
   6.55678        30       484         0        0.78571
   6.56368        28       498         0        0.79167
   6.56500        32       458         0        0.78274
   6.57191        38       460         0        0.82440
   6.57882        33       482         0        0.82143
   6.58572        28       494         0        0.78571
   6.59263        26       456         0        0.77381
   6.59953        32       486         0        0.78571
   6.60644        28       427         0        0.76786
   6.61334        27       425         0        0.78274
   6.62025        31       444         0        0.78869
   6.62715        33       468         0        0.78274
   6.63406        25       474         0        0.79167
   6.64096        34       486         0        0.80655
   6.64787        26       475         0        0.80655
   6.65477        28       511         0        0.82143
   6.66168        30       498         0        0.77381
   6.66859        35       425         0        0.73214
   6.67549        27       463         0        0.81250
   6.68240        28       494         0        0.83929
   6.68930        26       477         0        0.81548
   6.69621        24       481         0        0.83036
   6.70311        32       473         0        0.80952
   6.71002        24       473         0        0.79464
   6.71692        32       471         0        0.77083
   6.72383        33       461         0        0.78869
   6.73073        31       498         0        0.83631
   6.73764        28       460         0        0.80655
   6.74454        30       469         0        0.83333
   6.75145        23       470         0        0.78869
   6.75836        25       481         0        0.76786
   6.76526        26       447         0        0.79167
   6.77217        30       472         0        0.77976
   6.77907        29       512         0        0.83036
   6.78598        29       492         0        0.81845
   6.79288        25       423         0        0.76786
   6.79979        28       460         0        0.82143
   6.80669        27       477         0        0.81250
   6.81360        38       454         0        0.83631
   6.82050        42       463         0        0.82143
   6.82741        28       434         0        0.78869
   6.83431        33       443         0        0.81845
   6.84122        32       436         0        0.79762
   6.84813        27       485         0        0.83036
   6.85503        28       452         0        0.79762
   6.86194        28       446         0        0.81250
   6.86884        23       426         0        0.81548
   6.87575        28       459         0        0.81548
   6.88265        30       472         0        0.81548
   6.88956        30       448         0        0.82143
   6.89646        34       452         0        0.83929
   6.90337        23       477         0        0.80952
   6.91027        22       404         0        0.77679
   6.91718        27       428         0        0.81845
   6.92408        24       511         0        0.83333
   6.93099        38       452         0        0.82143
   6.93790        28       428         0        0.79167
   6.94480        31       457         0        0.81548
   6.94661        30       482         0        0.82143
   6.95352        37       456         0        0.79464
   6.96042        27       468         0        0.82738
   6.96733        24       477         0        0.83631
   6.97423        46       491         0        0.87500
   6.98114        25       445         0        0.77679
   6.98804        28       408         0        0.80952
   6.99495        25       444         0        0.80357
   7.00185        26       400         0        0.79167
   7.00876        23       422         0        0.77381
   7.01566        30       417         0        0.80060
   7.02257        28       447         0        0.78274
   7.02948        28       418         0        0.78869
   7.03638        33       482         0        0.82143
   7.04329        25       427         0        0.76488
   7.05019        24       458         0        0.82143
   7.05710        28       414         0        0.81250
   7.06400        23       416         0        0.77083
   7.07091        26       443         0        0.83631
   7.07781        31       427         0        0.77381
   7.08472        32       397         0        0.74405
   7.09162        32       428         0        0.78571
   7.09853        27       381         0        0.75595
   7.10543        28       455         0        0.81548
   7.11234        29       446         0        0.79762
   7.11925        29       440         0        0.77976
   7.12615        34       405         0        0.77976
   7.13306        28       411         0        0.78571
   7.13996        27       387         0        0.77679
   7.14687        25       465         0        0.79464
   7.15377        26       412         0        0.73810
   7.16068        26       453         0        0.80655
   7.16758        28       416         0        0.77083
   7.17449        37       464         0        0.80357
   7.18139        39       423         0        0.80060
   7.18830        31       455         0        0.80952
   7.19520        24       486         0        0.82738
   7.20211        37       478         0        0.82143
   7.20902        24       439         0        0.78869
   7.21592        31       468         0        0.82440
   7.22283        32       418         0        0.79464
   7.22973        28       426         0        0.77976
   7.23664        38       413         0        0.79167
   7.24354        31       432         0        0.78571
   7.25045        19       447         0        0.81548
   7.25735        32       439         0        0.82440
   7.26426        32       436         0        0.78869
   7.27116        34       409         0        0.80952
   7.27807        32       436         0        0.76786
   7.28497        29       427         0        0.77976
   7.29188        25       413         0        0.77679
   7.29879        42       384         0        0.79464
   7.30569        38       432         0        0.78274
   7.31260        31       414         0        0.79167
   7.31950        38       407         0        0.79762
   7.32641        34       360         0        0.74107
   7.32793        43       373         0        0.78571
   7.33484        32       419         0        0.76190
   7.34174        32       443         0        0.79464
   7.34865        28       404         0        0.76786
   7.35555        32       415         0        0.77381
   7.36246        36       407         0        0.78571
   7.36936        29       384         0        0.77679
   7.37627        32       383         0        0.79762
   7.38318        38       411         0        0.75595
   7.39008        29       387         0        0.79762
   7.39699        28       376         0        0.75000
   7.40389        42       371         0        0.77976
   7.41080        36       408         0        0.78571
   7.41770        34       417         0        0.75298
   7.42461        31       421         0        0.78571
   7.43151        40       411         0        0.77679
   7.43842        39       426         0        0.82440
   7.44532        31       434         0        0.76786
   7.45223        29       399         0        0.76488
   7.45913        32       397         0        0.74702
   7.46604        29       429         0        0.77679
   7.47295        29       399         0        0.77381
   7.47985        30       419         0        0.79167
   7.48676        28       438         0        0.81250
   7.49366        27       445         0        0.79762
   7.50057        27       417         0        0.77381
   7.50747        36       457         0        0.82738
   7.51438        35       461         0        0.80952
   7.52128        31       451         0        0.84821
   7.52819        27       483         0        0.82440
   7.53509        30       462         0        0.78571
   7.54200        27       405         0        0.78571
   7.54890        28       444         0        0.83929
   7.55581        38       492         0        0.80357
   7.56272        30       439         0        0.80357
   7.56962        32       439         0        0.80060
   7.57653        27       441         0        0.78571
   7.58343        23       407         0        0.80952
   7.59034        25       430         0        0.80655
   7.59724        29       428         0        0.82143
   7.60415        24       436         0        0.77976
   7.61105        38       432         0        0.80060
   7.61796        40       432         0        0.80060
   7.62486        39       409         0        0.81548
   7.63177        29       449         0        0.79464
   7.63867        27       390         0        0.79762
   7.64558        23       379         0        0.75595
   7.65249        28       412         0        0.78869
   7.65939        30       451         0        0.80655
   7.66630        22       402         0        0.75595
   7.67320        32       438         0        0.79167
   7.68011        48       422         0        0.80060
   7.68701        29       424         0        0.81250
   7.69392        25       434         0        0.81250
   7.70082        28       473         0        0.82143
   7.70773        46       495         0        0.82440
   7.70940        36       491         0        0.84226
   7.71631        30       457         0        0.79762
   7.72321        28       429         0        0.79167
   7.73012        29       427         0        0.84821
   7.73702        26       431         0        0.80060
   7.74393        30       464         0        0.82738
   7.75083        30       439         0        0.77976
   7.75774        26       466         0        0.81548
   7.76464        24       470         0        0.82143
   7.77155        28       405         0        0.77976
   7.77846        30       438         0        0.81845
   7.78536        21       460         0        0.79762
   7.79227        25       417         0        0.80357
   7.79917        33       462         0        0.81250
   7.80608        29       515         0        0.85119
   7.81298        28       416         0        0.80357
   7.81989        25       436         0        0.80357
   7.82679        25       454         0        0.83036
   7.83370        30       406         0        0.81250
   7.84060        31       450         0        0.83333
   7.84751        25       404         0        0.81845
   7.85441        30       425         0        0.79464
   7.86132        25       456         0        0.79167
   7.86823        21       509         0        0.79762
   7.87513        25       431         0        0.77083
   7.88204        26       430         0        0.77381
   7.88894        30       441         0        0.83036
   7.89585        22       433         0        0.79167
   7.90275        31       411         0        0.79167
   7.90966        36       447         0        0.83631
   7.91656        30       436         0        0.83631
   7.92347        30       444         0        0.80060
   7.93037        30       431         0        0.78869
   7.93728        24       422         0        0.78869
   7.94418        28       438         0        0.81250
   7.95109        29       435         0        0.82143
   7.95800        27       441         0        0.80952
   7.96490        28       438         0        0.78869
   7.97181        41       458         0        0.81548
   7.97871        33       477         0        0.79167
   7.98562        25       467         0        0.77679
   7.99252        23       420         0        0.78274
   7.99943        25       411         0        0.78869
   8.00633        31       415         0        0.79762
   8.01324        41       416         0        0.79464
   8.02014        30       404         0        0.77976
   8.02705        30       393         0        0.78869
   8.03395        27       421         0        0.81250
   8.04086        22       449         0        0.80357
   8.04777        29       429         0        0.81548
   8.05467        30       395         0        0.76190
   8.06158        32       442         0        0.82440
   8.06848        23       427         0        0.78869
   8.07539        30       467         0        0.79464
   8.08229        28       457         0        0.84821
   8.08920        30       434         0        0.84226
   8.09134        26       471         0        0.81548
   8.09824        29       461         0        0.83631
   8.10515        26       471         0        0.83631
   8.11206        32       511         0        0.80952
   8.11896        36       493         0        0.80952
   8.12587        23       430         0        0.78274
   8.13277        27       431         0        0.81250
   8.13968        24       432         0        0.79762
   8.14658        27       411         0        0.77083
   8.15349        27       434         0        0.80060
   8.16039        29       447         0        0.81250
   8.16730        34       447         0        0.83631
   8.17420        27       444         0        0.77083
   8.18111        30       421         0        0.81250
   8.18801        29       448         0        0.82738
   8.19492        29       450         0        0.80952
   8.20183        30       482         0        0.84226
   8.20873        28       460         0        0.83333
   8.21564        23       496         0        0.82143
   8.22254        25       403         0        0.79762
   8.22945        30       440         0        0.80357
   8.23635        44       454         0        0.75298
   8.24326        28       434         0        0.80060
   8.25016        28       475         0        0.78571
   8.25707        28       450         0        0.78869
   8.26397        22       494         0        0.80952
   8.27088        30       477         0        0.82738
   8.27778        32       422         0        0.81845
   8.28469        25       432         0        0.81250
   8.29160        27       504         0        0.85714
   8.29850        26       485         0        0.83631
   8.30541        28       452         0        0.83036
   8.31231        27       438         0        0.79167
   8.31922        32       451         0        0.79464
   8.32612        30       478         0        0.80655
   8.33303        27       478         0        0.83631
   8.33993        25       455         0        0.81548
   8.34684        22       423         0        0.78571
   8.35374        27       435         0        0.81548
   8.36065        31       473         0        0.84821
   8.36755        28       448         0        0.81845
   8.37446        31       446         0        0.80060
   8.38137        34       462         0        0.79167
   8.38827        26       480         0        0.80060
   8.39518        29       415         0        0.81250
   8.40208        31       438         0        0.77679
   8.40899        27       445         0        0.83631
   8.41589        28       458         0        0.79464
   8.42280        31       417         0        0.80655
   8.42970        22       441         0        0.80357
   8.43661        29       429         0        0.74702
   8.44351        26       415         0        0.76488
   8.45042        32       422         0        0.79167
   8.45732        29       426         0        0.78869
   8.46423        21       464         0        0.79762
   8.47114        28       476         0        0.82738
   8.47324        28       439         0        0.79464
   8.48015        27       445         0        0.83036
   8.48705        27       479         0        0.84821
   8.49396        22       453         0        0.78274
   8.50086        20       472         0        0.82738
   8.50777        27       475         0        0.81548
   8.51467        30       482         0        0.84524
   8.52158        26       420         0        0.80357
   8.52848        38       484         0        0.80357
   8.53539        26       446         0        0.83036
   8.54229        29       501         0        0.83631
   8.54920        27       424         0        0.76786
   8.55611        25       416         0        0.81845
   8.56301        28       467         0        0.83929
   8.56992        29       471         0        0.80060
   8.57682        37       467         0        0.78274
   8.58373        30       442         0        0.78274
   8.59063        31       465         0        0.80952
   8.59754        30       449         0        0.81845
   8.60444        24       460         0        0.84226
   8.61135        31       467         0        0.83333
   8.61825        30       476         0        0.80952
   8.62516        32       481         0        0.80357
   8.63206        29       437         0        0.82143
   8.63897        30       432         0        0.81548
   8.64588        27       445         0        0.82738
   8.65278        41       452         0        0.82738
   8.65969        27       438         0        0.80357
   8.66659        30       417         0        0.77381
   8.67350        28       404         0        0.77976
   8.68040        26       464         0        0.78571
   8.68731        28       452         0        0.76190
   8.69421        26       445         0        0.78869
   8.70112        27       438         0        0.79167
   8.70802        27       458         0        0.82738
   8.71493        31       426         0        0.80060
   8.72183        20       412         0        0.77381
   8.72874        30       449         0        0.78571
   8.73565        39       432         0        0.81250
   8.74255        25       457         0        0.78571
   8.74946        27       460         0        0.82143
   8.75636        39       456         0        0.78571
   8.76327        34       399         0        0.80357
   8.77017        29       427         0        0.83631
   8.77708        34       433         0        0.80357
   8.78398        29       419         0        0.79762
   8.79089        44       431         0        0.80060
   8.79779        30       403         0        0.80357
   8.80470        33       404         0        0.80060
   8.81160        32       438         0        0.81845
   8.81851        34       433         0        0.81250
   8.82542        23       445         0        0.81250
   8.83232        30       439         0        0.81250
   8.83923        20       408         0        0.75893
   8.84613        27       421         0        0.79167
   8.85304        33       452         0        0.80060
   8.85481        23       433         0        0.77679
   8.86172        29       465         0        0.80357
   8.86862        38       408         0        0.78274
   8.87553        25       393         0        0.77381
   8.88243        30       440         0        0.83036
   8.88934        23       454         0        0.82440
   8.89624        22       435         0        0.78869
   8.90315        19       384         0        0.77381
   8.91005        25       419         0        0.80060
   8.91696        24       430         0        0.78274
   8.92387        26       459         0        0.79167
   8.93077        34       424         0        0.77976
   8.93768        35       409         0        0.73214
   8.94458        38       461         0        0.80655
   8.95149        40       414         0        0.76786
   8.95839        55       413         0        0.77083
   8.96530        34       445         0        0.78869
   8.97220        49       433         0        0.79464
   8.97911        36       451         0        0.78274
   8.98601        22       439         0        0.77083
   8.99292        27       429         0        0.80655
   8.99982        28       444         0        0.81250
   9.00673        28       434         0        0.78571
   9.01364        30       455         0        0.83631
   9.02054        32       470         0        0.80357
   9.02745        45       488         0        0.82738
   9.03435        22       452         0        0.79167
   9.04126        24       508         0        0.81845
   9.04816        38       456         0        0.80655
   9.05507        26       434         0        0.77976
   9.06197        27       425         0        0.77083
   9.06888        22       421         0        0.80357
   9.07578        34       443         0        0.83036
   9.08269        27       429         0        0.79762
   9.08959        28       491         0        0.78869
   9.09650        30       420         0        0.80655
   9.10341        32       435         0        0.80952
   9.11031        22       433         0        0.77679
   9.11722        28       457         0        0.84524
   9.12412        28       440         0        0.80060
   9.13103        29       443         0        0.81548
   9.13793        30       454         0        0.78869
   9.14484        29       459         0        0.82738
   9.15174        31       438         0        0.78571
   9.15865        31       436         0        0.81250
   9.16555        30       410         0        0.76488
   9.17246        25       480         0        0.81845
   9.17936        30       454         0        0.82440
   9.18627        28       480         0        0.83631
   9.19318        30       449         0        0.82440
   9.20008        45       443         0        0.82143
   9.20699        27       449         0        0.78571
   9.21389        31       479         0        0.78869
   9.22080        30       453         0        0.84524
   9.22770        30       426         0        0.85417
   9.23461        21       421         0        0.82143
   9.23651        39       436         0        0.80060
   9.24342        22       456         0        0.83631
   9.25032        25       439         0        0.75298
   9.25723        28       467         0        0.80655
   9.26413        24       388         0        0.76488
   9.27104        25       453         0        0.86012
   9.27794        32       432         0        0.79464
   9.28485        23       439         0        0.78274
   9.29175        28       451         0        0.80952
   9.29866        28       477         0        0.85417
   9.30556        28       499         0        0.80060
   9.31247        28       414         0        0.79464
   9.31937        33       468         0        0.81250
   9.32628        28       451         0        0.80060
   9.33318        31       456         0        0.83036
   9.34009        30       481         0        0.83333
   9.34700        31       475         0        0.83036
   9.35390        24       463         0        0.79464
   9.36081        28       467         0        0.81845
   9.36771        30       474         0        0.80952
   9.37462        20       458         0        0.81548
   9.38152        32       505         0        0.83333
   9.38843        22       477         0        0.81250
   9.39533        25       464         0        0.80952
   9.40224        26       454         0        0.82143
   9.40914        29       445         0        0.84226
   9.41605        25       427         0        0.78869
   9.42295        26       487         0        0.84226
   9.42986        36       467         0        0.80060
   9.43677        35       463         0        0.85417
   9.44367        26       472         0        0.80655
   9.45058        29       479         0        0.83333
   9.45748        25       443         0        0.82143
   9.46439        25       464         0        0.83036
   9.47129        37       464         0        0.80655
   9.47820        28       464         0        0.78869
   9.48510        33       450         0        0.82440
   9.49201        25       442         0        0.81845
   9.49891        28       476         0        0.81548
   9.50582        27       468         0        0.83333
   9.51272        40       469         0        0.85417
   9.51963        41       473         0        0.85714
   9.52654        24       472         0        0.78869
   9.53344        36       469         0        0.84821
   9.54035        32       472         0        0.83929
   9.54725        26       420         0        0.81845
   9.55416        41       443         0        0.79464
   9.56106        36       466         0        0.78274
   9.56797        31       458         0        0.81548
   9.57487        29       463         0        0.81845
   9.58178        28       489         0        0.77976
   9.58868        25       430         0        0.82143
   9.59559        35       387         0        0.77083
   9.60249        42       462         0        0.81845
   9.60940        27       487         0        0.81250
   9.61631        29       441         0        0.80060
   9.61810        22       447         0        0.77083
