#Res         A3C-0030
   2.000       2.0205
   3.000       1.3978
   4.000       1.0041
   5.000       0.8125
   6.000       0.7471
   7.000       0.5737
   8.000       0.5364
   9.000       0.5146
  10.000       0.5522
  11.000       0.5574
  12.000       0.6707
  13.000       0.6848
  14.000       0.7738
  15.000       1.0760
  18.000       1.2816
  19.000       0.8437
  20.000       0.6477
  21.000       0.5181
  22.000       0.4955
  23.000       0.4302
  24.000       0.4264
  25.000       0.4122
  26.000       0.4188
  27.000       0.4413
  28.000       0.5415
  29.000       0.6382
  30.000       0.9194
  31.000       2.2040
  34.000       0.9207
  35.000       0.6355
  36.000       0.5236
  37.000       0.4297
  38.000       0.4048
  39.000       0.3786
  40.000       0.3826
  41.000       0.3966
  42.000       0.3829
  43.000       0.4032
  44.000       0.4896
  45.000       0.5442
  46.000       0.7056
  47.000       1.1107
  50.000       0.7551
  51.000       0.5409
  52.000       0.4854
  53.000       0.4258
  54.000       0.3938
  55.000       0.3814
  56.000       0.3678
  57.000       0.3625
  58.000       0.4043
  59.000       0.3911
  60.000       0.4580
  61.000       0.4781
  62.000       0.9710
  63.000       1.9506
  66.000       0.6884
  67.000       0.5138
  68.000       0.4751
  69.000       0.4000
  70.000       0.4211
  71.000       0.4042
  72.000       0.3709
  73.000       0.3841
  74.000       0.3708
  75.000       0.3576
  76.000       0.4109
  77.000       0.4447
  78.000       0.7817
  79.000       1.9579
  82.000       0.7174
  83.000       0.4747
  84.000       0.4365
  85.000       0.4171
  86.000       0.5111
  87.000       0.4629
  88.000       0.3873
  89.000       0.3914
  90.000       0.3769
  91.000       0.3653
  92.000       0.4093
  93.000       0.4627
  94.000       0.8692
  95.000       1.9280
  98.000       0.6912
  99.000       0.4707
 100.000       0.4239
 101.000       0.3859
 102.000       0.3865
 103.000       0.3467
 104.000       0.3547
 105.000       0.3607
 106.000       0.3440
 107.000       0.3578
 108.000       0.4114
 109.000       0.4761
 110.000       0.7882
 111.000       2.0070
 114.000       0.6979
 115.000       0.4731
 116.000       0.4354
 117.000       0.3624
 118.000       0.3468
 119.000       0.3319
 120.000       0.3509
 121.000       0.3621
 122.000       0.3506
 123.000       0.4166
 124.000       0.5662
 125.000       0.5709
 126.000       0.8412
 127.000       1.4207
 130.000       0.7290
 131.000       0.4845
 132.000       0.4389
 133.000       0.3785
 134.000       0.3528
 135.000       0.3404
 136.000       0.3485
 137.000       0.3504
 138.000       0.3699
 139.000       0.4335
 140.000       0.7192
 141.000       0.6598
 142.000       0.7339
 143.000       0.9200
 146.000       0.8029
 147.000       0.5790
 148.000       0.5535
 149.000       0.4584
 150.000       0.3908
 151.000       0.3557
 152.000       0.3691
 153.000       0.3977
 154.000       0.4543
 155.000       0.4945
 156.000       0.7721
 157.000       0.8121
 158.000       0.9758
 159.000       1.1951
 162.000       1.2517
 163.000       0.8536
 164.000       0.7721
 165.000       0.6722
 166.000       0.5196
 167.000       0.4522
 168.000       0.4358
 169.000       0.4265
 170.000       0.4926
 171.000       0.5149
 172.000       0.5904
 173.000       0.6592
 174.000       0.8752
 175.000       1.8123
 178.000       2.3319
 179.000       1.5703
 180.000       1.0871
 181.000       0.8717
 182.000       0.7304
 183.000       0.6778
 184.000       0.6038
 185.000       0.6100
 186.000       0.6331
 187.000       0.5656
 188.000       0.7284
 189.000       1.1751
 190.000       2.1202
 191.000       3.2529
 194.000       1.6046
 195.000       0.9545
 196.000       0.8606
 197.000       0.6478
 198.000       0.6119
 199.000       0.5339
 200.000       0.5117
 201.000       0.4775
 202.000       0.5280
 203.000       0.5237
 204.000       0.6907
 205.000       1.1081
 206.000       1.9715
 207.000       2.8811
 210.000       1.0333
 211.000       0.6882
 212.000       0.6062
 213.000       0.4834
 214.000       0.4480
 215.000       0.3874
 216.000       0.3908
 217.000       0.4000
 218.000       0.4191
 219.000       0.4367
 220.000       0.4919
 221.000       0.5389
 222.000       0.7228
 223.000       0.8362
 226.000       0.8367
 227.000       0.6505
 228.000       0.6501
 229.000       0.5342
 230.000       0.3995
 231.000       0.3478
 232.000       0.3478
 233.000       0.3659
 234.000       0.3908
 235.000       0.3950
 236.000       0.4386
 237.000       0.4633
 238.000       0.6548
 239.000       1.1990
 242.000       0.7795
 243.000       0.6479
 244.000       0.6340
 245.000       0.4713
 246.000       0.4025
 247.000       0.3471
 248.000       0.3488
 249.000       0.3702
 250.000       0.4118
 251.000       0.4295
 252.000       0.4474
 253.000       0.4447
 254.000       0.5523
 255.000       0.7981
 258.000       0.7232
 259.000       0.5250
 260.000       0.4738
 261.000       0.3807
 262.000       0.3960
 263.000       0.3751
 264.000       0.3656
 265.000       0.3950
 266.000       0.4042
 267.000       0.4061
 268.000       0.4216
 269.000       0.4158
 270.000       0.5607
 271.000       0.8435
 274.000       0.7234
 275.000       0.5205
 276.000       0.4316
 277.000       0.3542
 278.000       0.3529
 279.000       0.3528
 280.000       0.3558
 281.000       0.3872
 282.000       0.3944
 283.000       0.4621
 284.000       0.4628
 285.000       0.4224
 286.000       0.5822
 287.000       0.7654
 290.000       0.7285
 291.000       0.4917
 292.000       0.4234
 293.000       0.3669
 294.000       0.3499
 295.000       0.3354
 296.000       0.3405
 297.000       0.3495
 298.000       0.3512
 299.000       0.4168
 300.000       0.4246
 301.000       0.4047
 302.000       0.5153
 303.000       0.6343
 306.000       0.7721
 307.000       0.5208
 308.000       0.4605
 309.000       0.4080
 310.000       0.4040
 311.000       0.3417
 312.000       0.3347
 313.000       0.3331
 314.000       0.3319
 315.000       0.3614
 316.000       0.4098
 317.000       0.4200
 318.000       0.5094
 319.000       0.5952
 322.000       0.8823
 323.000       0.5744
 324.000       0.4870
 325.000       0.3977
 326.000       0.3811
 327.000       0.3479
 328.000       0.3429
 329.000       0.3734
 330.000       0.3741
 331.000       0.4364
 332.000       0.5069
 333.000       0.5024
 334.000       0.5648
 335.000       0.6285
 338.000       0.9638
 339.000       0.6968
 340.000       0.5404
 341.000       0.4495
 342.000       0.4112
 343.000       0.3822
 344.000       0.3806
 345.000       0.3953
 346.000       0.3926
 347.000       0.4268
 348.000       0.5543
 349.000       0.6740
 350.000       0.7796
 351.000       0.7941
 354.000       1.0989
 355.000       0.7884
 356.000       0.6276
 357.000       0.5373
 358.000       0.5069
 359.000       0.4802
 360.000       0.5022
 361.000       0.4998
 362.000       0.4881
 363.000       0.6992
 364.000       1.5440
 365.000       2.5648
 366.000       3.1294
 367.000       4.6962
 370.000       1.4934
 371.000       1.2055
 372.000       0.9508
 373.000       0.7752
 374.000       0.6884
 375.000       0.7570
 376.000       0.7459
 377.000       0.7112
 378.000       0.7083
 379.000       1.0641
 380.000       1.8220
 381.000       3.0901
 382.000       4.3662
 383.000       5.5102
