   0.00579         0         0         0        0.00000
   0.01187         0         0         0        0.00000
   0.01811         0         0         0        0.00000
   0.01832         0         0         0        0.00000
   0.02467         0         0         0        0.01488
   0.02523         0         0         0        0.00000
   0.03170         0         0         0        0.00000
   0.03268         0         0         0        0.00000
   0.03921         0         0         0        0.01488
   0.04426         0         0         0        0.01488
   0.05086         0         0         0        0.00000
   0.05628         0         0         0        0.00000
   0.06294         4         0         0        0.00595
   0.06961         0         0         0        0.00000
   0.07292         4         0         0        0.00595
   0.07967         4         0         0        0.03571
   0.08642         0         0         0        0.01488
   0.09317         8         4         0        0.04167
   0.09462         0         0         0        0.01786
   0.10150        14        11         0        0.15476
   0.10837        18         7         1        0.09524
   0.11525         5        15         0        0.07738
   0.12213        12         8         1        0.08929
   0.12900        16        38         0        0.19940
   0.13588        38        25         2        0.15179
   0.14276         7         9         0        0.05655
   0.14963         8        13         0        0.08929
   0.15651        15         0         0        0.14583
   0.16339         5        26         0        0.14881
   0.17026        11        16         0        0.12500
   0.17714         0        58         0        0.18750
   0.18402         8        53         0        0.14583
   0.19089         0        86         0        0.21429
   0.19777        11        57         0        0.16369
   0.20465        12        60         0        0.17560
   0.21152        22        70         0        0.23810
   0.21840        12        90         0        0.20833
   0.22528        24       132         2        0.30060
   0.23215         9       159         0        0.38393
   0.23903        27       102         0        0.31548
   0.24591        19       118         0        0.29167
   0.25278        17       108         0        0.29167
   0.25966        12       192         0        0.38095
   0.26654        35       146         2        0.40179
   0.27342        14       159         0        0.35119
   0.28029        17       180         0        0.36905
   0.28717        40       126         1        0.40476
   0.29405        22       195         0        0.47917
   0.30092        14       170         0        0.39583
   0.30780        15       224         0        0.42560
   0.31468        10       239         0        0.49107
   0.32155         9       226         0        0.47619
   0.32843        27       223         0        0.50298
   0.33531        24       198         4        0.47024
   0.34218        22       226         0        0.51786
   0.34906        12       242         0        0.49405
   0.35594        13       225         0        0.47024
   0.36281        30       229         0        0.48512
   0.36969        17       191         0        0.47619
   0.37657        10       193         0        0.41667
   0.38344        20       218         0        0.46429
   0.39032        12       223         0        0.44345
   0.39720        13       248         0        0.48214
   0.40407        15       215         0        0.52083
   0.41095        10       194         0        0.46429
   0.41783        30       210         4        0.43452
   0.42470         8       228         0        0.47321
   0.43158        10       248         0        0.50000
   0.43846        22       258         1        0.48810
   0.44533        17       307         0        0.54464
   0.45221        18       218         0        0.45833
   0.45909         8       251         0        0.49702
   0.46341        17       263         0        0.57143
   0.47028        10       228         0        0.50298
   0.47716        24       243         0        0.58631
   0.48404        18       215         0        0.50595
   0.49091        18       253         0        0.55357
   0.49779        39       266         3        0.57738
   0.50467        22       231         0        0.55952
   0.51155        52       245         0        0.52381
   0.51842        20       260         0        0.55357
   0.52530        21       279         0        0.60714
   0.53218        37       303         0        0.65179
   0.53905        32       236         0        0.55655
   0.54593        40       247         0        0.58631
   0.55281        36       257         0        0.53869
   0.55968        24       214         2        0.46429
   0.56656        34       226         0        0.52976
   0.57344        27       254         0        0.52679
   0.58031        53       248         3        0.53869
   0.58719        29       222         0        0.49702
   0.59407        60       302         2        0.61012
   0.60094        47       275         2        0.58929
   0.60782        38       270         0        0.59524
   0.61470        43       265         0        0.58036
   0.62157        55       242         0        0.58333
   0.62845        42       280         0        0.60417
   0.63533        32       310         0        0.62202
   0.64220        42       280         2        0.58333
   0.64908        47       296         1        0.59226
   0.65596        56       278         2        0.54762
   0.66283        56       318         0        0.63095
   0.66971        51       261         0        0.53571
   0.67659        57       249         0        0.55060
   0.68346        57       268         0        0.56250
   0.69034        58       277         0        0.59821
   0.69722        43       275         0        0.60417
   0.70409        46       286         0        0.63690
   0.71097        49       255         0        0.50893
   0.71785        39       252         3        0.52083
   0.72472         9       270         0        0.56845
   0.73160        29       328         0        0.63393
   0.73848        26       250         2        0.59226
   0.74535        42       300         3        0.59524
   0.75223        12       297         0        0.59226
   0.75911        34       303         3        0.59226
   0.76598        36       292         0        0.63095
   0.77286        45       296         3        0.63095
   0.77974        33       278         2        0.58631
   0.78661        44       323         2        0.63393
   0.79349        31       288         2        0.56250
   0.80037        31       301         0        0.61310
   0.80724        48       290         3        0.60714
   0.81412        48       282         0        0.59524
   0.82100        30       267         0        0.60417
   0.82787        35       268         2        0.56250
   0.83245        27       292         0        0.59524
   0.83932        24       297         0        0.61607
   0.84620        31       299         0        0.58333
   0.85308        37       255         0        0.55060
   0.85995        27       276         0        0.53274
   0.86683        22       259         0        0.53274
   0.87371        20       287         0        0.55060
   0.88059        39       239         1        0.56250
   0.88746        19       246         0        0.49405
   0.89434        31       286         0        0.56548
   0.90122        36       284         0        0.66071
   0.90809        18       300         0        0.66071
   0.91497        41       257         1        0.60714
   0.92185        24       306         0        0.61310
   0.92872        26       316         0        0.68452
   0.93560        26       294         0        0.60417
   0.94248        42       291         0        0.61905
   0.94935        24       250         0        0.56250
   0.95623        28       276         2        0.61607
   0.96311        20       301         0        0.62798
   0.96998        23       280         0        0.56548
   0.97686        22       293         0        0.60119
   0.98374        31       260         0        0.59821
   0.99061        40       290         3        0.65476
   0.99749        36       259         0        0.61310
   1.00437        14       301         0        0.64286
   1.01124        22       299         0        0.62202
   1.01812        24       295         0        0.61905
   1.02500        42       260         0        0.58333
   1.03187        21       299         0        0.63690
   1.03875        25       265         0        0.56845
   1.04563        23       299         0        0.60119
   1.05250        27       295         0        0.63393
   1.05938        26       272         0        0.61607
   1.06626        31       282         0        0.56845
   1.07313        22       280         0        0.61012
   1.08001        27       262         0        0.57738
   1.08689        18       259         0        0.56548
   1.09376        31       305         0        0.62500
   1.10064        29       295         0        0.63988
   1.10752        12       264         0        0.48810
   1.11439        18       280         0        0.52083
   1.12127        35       256         0        0.57143
   1.12815        30       277         0        0.56548
   1.13502        22       266         0        0.52976
   1.14190        24       282         0        0.60714
   1.14878        26       283         0        0.57143
   1.15565        40       303         0        0.59524
   1.16253        15       285         0        0.60714
   1.16941        28       275         0        0.63690
   1.17628        47       224         0        0.53869
   1.18316        44       249         3        0.55357
   1.19004        19       227         0        0.53869
   1.19691        20       278         0        0.58631
   1.20163        16       247         0        0.54464
   1.20851        16       266         0        0.56250
   1.21538        27       279         0        0.62202
   1.22226        24       287         0        0.58631
   1.22914        29       262         0        0.55060
   1.23601        28       320         0        0.57738
   1.24289        36       278         3        0.63095
   1.24977        38       307         2        0.68155
   1.25664        40       274         3        0.61012
   1.26352        42       249         0        0.54464
   1.27040        45       281         0        0.63393
   1.27727        32       295         0        0.64881
   1.28415        18       297         0        0.58036
   1.29103        37       279         0        0.58036
   1.29790        23       288         0        0.57143
   1.30478        38       325         3        0.62798
   1.31166        44       313         0        0.61607
   1.31854        27       281         0        0.58929
   1.32541        19       278         0        0.57143
   1.33229        35       277         0        0.61905
   1.33917        31       331         0        0.67262
   1.34604        34       315         0        0.65774
   1.35292        24       294         0        0.60119
   1.35980        28       324         0        0.61607
   1.36667        12       269         0        0.59226
   1.37355        39       319         0        0.62202
   1.38043        16       266         0        0.55060
   1.38730        38       287         0        0.62500
   1.39418        32       300         0        0.56845
   1.40106        18       302         0        0.57440
   1.40793        34       288         0        0.58631
   1.41481        18       312         0        0.60714
   1.42169        25       300         0        0.61310
   1.42856        26       294         0        0.58631
   1.43544        23       316         0        0.63393
   1.44232        18       301         0        0.58333
   1.44919        26       287         0        0.57440
   1.45607        27       271         0        0.57440
   1.46295        16       306         0        0.58036
   1.46982        16       306         0        0.62798
   1.47670        21       298         0        0.63690
   1.48358        14       301         0        0.65179
   1.49045        31       310         0        0.62500
   1.49733        22       310         0        0.63095
   1.50421        21       301         0        0.63095
   1.51108        32       251         1        0.61310
   1.51796        52       298         1        0.60714
   1.52484        20       292         0        0.61310
   1.53171        46       327         0        0.61905
   1.53859        18       306         0        0.62202
   1.54547        14       285         0        0.60417
   1.55234        58       321         3        0.66071
   1.55922        29       303         0        0.63095
   1.56610        28       305         0        0.60417
   1.57134        23       337         0        0.58929
   1.57822        30       298         0        0.61607
   1.58509        31       323         0        0.60714
   1.59197        11       334         0        0.60417
   1.59885        24       306         0        0.60417
   1.60572        16       296         0        0.60417
   1.61260        18       337         0        0.63095
   1.61948        14       314         0        0.61607
   1.62635        19       344         0        0.64286
   1.63323        21       343         0        0.63393
   1.64011        36       367         0        0.64583
   1.64698        42       357         0        0.66964
   1.65386        18       347         0        0.61310
   1.66074        19       315         0        0.62202
   1.66761        19       279         0        0.61310
   1.67449        36       328         0        0.63690
   1.68137        28       322         0        0.63095
   1.68824        14       293         0        0.61607
   1.69512        21       287         0        0.59524
   1.70200        32       312         2        0.64286
   1.70887        22       320         0        0.66964
   1.71575        21       350         0        0.65179
   1.72263        29       301         0        0.58929
   1.72950        25       347         0        0.67560
   1.73638        17       303         0        0.59524
   1.74326        35       290         0        0.60417
   1.75013        33       337         0        0.67560
   1.75701        29       362         0        0.67857
   1.76389        16       325         0        0.64881
   1.77076        21       332         0        0.68750
   1.77764        18       270         0        0.52976
   1.78452        20       311         0        0.59226
   1.79139        32       316         0        0.62500
   1.79827        21       324         0        0.61905
   1.80515        31       312         0        0.61905
   1.81202        20       315         0        0.59226
   1.81890        24       364         0        0.61905
   1.82578        45       379         0        0.66071
   1.83266        15       304         0        0.61905
   1.83953        30       278         0        0.57440
   1.84641        19       352         0        0.63095
   1.85329        19       317         0        0.54167
   1.86016        28       317         0        0.60417
   1.86704        24       322         0        0.58333
   1.87392        21       330         0        0.60714
   1.88079        27       310         1        0.57738
   1.88767        30       324         0        0.57143
   1.89455        23       369         0        0.63393
   1.90142        22       318         0        0.63095
   1.90830        16       337         0        0.65774
   1.91518        33       376         2        0.71726
   1.92205        24       373         0        0.70238
   1.92893        12       323         0        0.66369
   1.93581        22       363         0        0.65476
   1.94159        14       338         0        0.59524
   1.94846        20       334         0        0.63690
   1.95534        17       349         0        0.62202
   1.96222        23       323         0        0.62202
   1.96909        24       324         0        0.65774
   1.97597        35       317         0        0.63393
   1.98285        24       371         0        0.66667
   1.98972        25       329         0        0.61607
   1.99660        27       310         0        0.64881
   2.00348        30       330         0        0.61905
   2.01035        29       331         0        0.66071
   2.01723        26       321         0        0.59821
   2.02411        16       337         0        0.63095
   2.03098        23       356         0        0.61905
   2.03786        48       336         0        0.62798
   2.04474        29       359         0        0.68452
   2.05161        44       347         0        0.69048
   2.05849        37       327         0        0.62202
   2.06537        45       348         0        0.61012
   2.07224        37       315         0        0.62202
   2.07912        38       304         0        0.61905
   2.08600        39       305         0        0.61905
   2.09287        29       294         0        0.58631
   2.09975        24       332         0        0.59524
   2.10663        25       296         0        0.61310
   2.11350        18       352         0        0.63393
   2.12038        15       289         0        0.61012
   2.12726        26       343         0        0.60714
   2.13413        14       320         0        0.61905
   2.14101        25       306         0        0.65476
   2.14789        18       323         0        0.59524
   2.15476        26       318         0        0.61607
   2.16164        14       290         0        0.58929
   2.16852        23       347         0        0.61607
   2.17539        22       327         0        0.63095
   2.18227        24       355         0        0.60417
   2.18915        32       317         0        0.65476
   2.19602        24       330         0        0.61012
   2.20290        40       323         0        0.66369
   2.20978        56       396         0        0.65774
   2.21665        26       314         0        0.58929
   2.22353        12       316         0        0.64286
   2.23041        18       256         0        0.53869
   2.23729        27       317         0        0.57738
   2.24416        24       321         0        0.56845
   2.25104        21       291         0        0.58929
   2.25792        23       316         0        0.58036
   2.26479        16       347         0        0.63988
   2.27167        19       384         0        0.64583
   2.27855        34       357         0        0.68155
   2.28542        31       330         0        0.63095
   2.29230        17       360         0        0.64881
   2.29918        22       362         0        0.69345
   2.30605        26       378         0        0.68155
   2.31135        28       343         0        0.66667
   2.31823        22       364         0        0.63690
   2.32510        26       311         0        0.66964
   2.33198        21       303         0        0.60119
   2.33886        17       303         0        0.64881
   2.34574        36       347         0        0.66369
   2.35261        49       348         0        0.67560
   2.35949        43       326         0        0.61310
   2.36637        33       296         0        0.62798
   2.37324        28       330         0        0.64881
   2.38012        37       363         0        0.69345
   2.38700        28       335         0        0.69048
   2.39387        43       310         0        0.61310
   2.40075        59       369         0        0.63988
   2.40763        48       293         0        0.59524
   2.41450        40       329         0        0.60417
   2.42138        48       342         0        0.67262
   2.42826        49       343         0        0.65774
   2.43513        49       352         0        0.59821
   2.44201        49       396         0        0.66667
   2.44889        59       337         0        0.61607
   2.45576        38       345         0        0.65774
   2.46264        36       364         0        0.65774
   2.46952        60       374         0        0.66369
   2.47639        42       345         0        0.64583
   2.48327        39       363         0        0.67262
   2.49015        26       356         0        0.66667
   2.49702        24       301         0        0.64583
   2.50390        18       302         0        0.59821
   2.51078        61       340         0        0.69048
   2.51765        29       394         0        0.65179
   2.52453        19       352         0        0.64881
   2.53141        29       367         0        0.61310
   2.53828        32       364         0        0.67857
   2.54516        20       339         0        0.63393
   2.55204         8       319         0        0.63393
   2.55891        17       349         0        0.63690
   2.56579        41       333         0        0.66071
   2.57267        28       336         0        0.64286
   2.57954        36       341         0        0.63988
   2.58642        21       348         0        0.68155
   2.59330        29       337         0        0.64881
   2.60017        22       316         0        0.57440
   2.60705        27       312         0        0.60119
   2.61393        32       285         0        0.61012
   2.62080        36       351         0        0.64583
   2.62768        38       344         0        0.62798
   2.63456        40       356         0        0.66369
   2.64143        19       272         0        0.59226
   2.64831        19       331         0        0.57143
   2.65519        31       339         0        0.60714
   2.66206        33       327         1        0.60714
   2.66894        18       321         0        0.59226
   2.67582        19       293         0        0.58036
   2.68136        20       347         0        0.57440
   2.68824        31       337         0        0.63690
   2.69511        23       305         0        0.57143
   2.70199        32       390         0        0.62202
   2.70887        35       344         0        0.61310
   2.71574        23       316         0        0.54762
   2.72262        36       332         0        0.63988
   2.72950        18       361         0        0.65476
   2.73637        35       347         0        0.63393
   2.74325        30       342         0        0.55655
   2.75013        21       321         0        0.62798
   2.75700        23       321         0        0.58333
   2.76388        20       339         0        0.61607
   2.77076        20       347         0        0.61905
   2.77763        23       342         0        0.62798
   2.78451        24       336         0        0.58631
   2.79139        15       335         0        0.57440
   2.79826        24       367         0        0.61905
   2.80514        18       360         0        0.60714
   2.81202        28       322         0        0.56250
   2.81889        56       343         0        0.60119
   2.82577        35       312         0        0.62202
   2.83265        15       329         0        0.58036
   2.83952         9       348         0        0.58631
   2.84640        16       365         0        0.64881
   2.85328        22       319         0        0.65179
   2.86015        28       344         0        0.65179
   2.86703        14       392         0        0.68155
   2.87391        12       315         0        0.65476
   2.88078        14       371         0        0.64583
   2.88766        27       375         0        0.69940
   2.89454        22       359         0        0.68452
   2.90141        21       355         0        0.64583
   2.90829        24       387         0        0.65179
   2.91517        12       366         0        0.69345
   2.92204        17       351         0        0.63690
   2.92892        10       364         0        0.67857
   2.93580        18       324         0        0.64583
   2.94267        29       402         0        0.67560
   2.94955        37       360         0        0.58929
   2.95643        26       349         0        0.61905
   2.96330        16       344         0        0.61607
   2.97018        13       336         0        0.56548
   2.97706        26       372         0        0.62798
   2.98393        34       335         0        0.64881
   2.99081        38       329         0        0.60119
   2.99769        52       353         0        0.62500
   3.00456        37       337         0        0.59226
   3.01144        30       332         0        0.58036
   3.01832        29       344         0        0.60119
   3.02519        33       378         0        0.65774
   3.03207        18       372         0        0.62500
   3.03895        36       329         0        0.63690
   3.04582        30       342         0        0.59821
   3.05089        45       369         0        0.61905
   3.05777        35       383         0        0.66964
   3.06464        21       347         0        0.57738
   3.07152        32       316         0        0.59524
   3.07840        40       324         0        0.60119
   3.08527        33       350         0        0.60714
   3.09215        42       316         0        0.59821
   3.09903        26       328         0        0.60119
   3.10590        22       365         0        0.61905
   3.11278        23       326         0        0.59524
   3.11966        32       322         0        0.61310
   3.12654        35       320         0        0.64286
   3.13341        51       317         0        0.56845
   3.14029        40       299         0        0.59226
   3.14717        52       310         0        0.58631
   3.15404        44       294         0        0.61905
   3.16092        24       298         0        0.57738
   3.16780        42       329         0        0.63393
   3.17467        42       346         0        0.62500
   3.18155        36       288         0        0.55952
   3.18843        42       330         0        0.63095
   3.19530        29       329         0        0.62500
   3.20218        38       289         0        0.63690
   3.20906        26       376         0        0.66071
   3.21593        24       341         0        0.60417
   3.22281        29       303         0        0.63690
   3.22969        35       344         0        0.64583
   3.23656        28       322         0        0.67262
   3.24344        35       372         0        0.62798
   3.25032        52       368         0        0.69643
   3.25719        43       362         0        0.68750
   3.26407        32       312         0        0.62202
   3.27095        50       341         0        0.64583
   3.27782        32       361         0        0.68452
   3.28470        40       358         0        0.69345
   3.29158        45       413         0        0.64881
   3.29845        40       355         0        0.66964
   3.30533        27       330         0        0.66071
   3.31221        39       338         0        0.59226
   3.31908        30       367         0        0.66964
   3.32596        36       392         0        0.72917
   3.33284        52       394         0        0.69048
   3.33971        44       321         0        0.67560
   3.34659        42       356         0        0.65179
   3.35347        37       376         0        0.68750
   3.36034        41       403         0        0.67857
   3.36722        50       376         0        0.65476
   3.37410        51       373         0        0.66667
   3.38097        46       350         0        0.65774
   3.38785        41       410         0        0.71429
   3.39473        44       362         0        0.67262
   3.40160        34       362         0        0.69643
   3.40848        36       340         0        0.64286
   3.41536        33       356         0        0.68452
   3.42104        37       377         0        0.66964
   3.42792        25       371         0        0.64881
   3.43479        29       366         0        0.66964
   3.44167        27       371         0        0.63988
   3.44855        31       345         0        0.65476
   3.45542        29       387         0        0.69048
   3.46230        41       383         0        0.68750
   3.46918        39       363         0        0.66964
   3.47605        22       355         0        0.64286
   3.48293        36       351         0        0.65774
   3.48981        42       437         0        0.69048
   3.49668        30       337         0        0.61310
   3.50356        33       324         0        0.64286
   3.51044        30       353         0        0.64286
   3.51731        24       337         0        0.64881
   3.52419        24       404         0        0.66071
   3.53107        24       378         0        0.66071
   3.53795        42       367         0        0.65774
   3.54482        24       407         0        0.67560
   3.55170        30       409         0        0.66071
   3.55858        19       334         0        0.61607
   3.56545        30       348         0        0.65476
   3.57233        18       342         0        0.65774
   3.57921        43       342         0        0.64881
   3.58608        24       392         0        0.64881
   3.59296        35       387         0        0.66071
   3.59984        33       336         0        0.63095
   3.60671        50       312         0        0.67262
   3.61359        59       363         0        0.65179
   3.62047        36       326         0        0.62798
   3.62734        48       318         0        0.63095
   3.63422        41       414         0        0.71726
   3.64110        46       386         0        0.66667
   3.64797        35       342         0        0.68155
   3.65485        52       347         0        0.70238
   3.66173        32       325         0        0.63095
   3.66860        44       381         0        0.66071
   3.67548        36       327         0        0.67857
   3.68236        20       356         0        0.66071
   3.68923        37       354         0        0.67560
   3.69611        27       347         0        0.61607
   3.70299        28       365         0        0.60417
   3.70986        35       358         0        0.63393
   3.71674        22       358         0        0.67262
   3.72362        36       387         0        0.63690
   3.73049        19       383         0        0.62202
   3.73737        51       370         0        0.66667
   3.74425        41       365         0        0.65774
   3.75112        30       315         0        0.65774
   3.75800        35       313         0        0.62202
   3.76488        24       354         0        0.64286
   3.77175        27       375         0        0.66667
   3.77863        26       368         0        0.68155
   3.78551        35       343         0        0.64881
   3.79158        30       407         0        0.68155
   3.79846        30       381         0        0.67857
   3.80533        23       370         0        0.65476
   3.81221        37       335         0        0.64881
   3.81909        22       365         0        0.61310
   3.82596        35       379         0        0.63095
   3.83284        43       345         0        0.60417
   3.83972        29       342         0        0.61012
   3.84659        26       318         0        0.56845
   3.85347        31       333         0        0.61310
   3.86035        27       351         0        0.62500
   3.86722        46       357         0        0.66667
   3.87410        43       299         0        0.66071
   3.88098        39       334         3        0.65774
   3.88785        42       373         0        0.65179
   3.89473        32       331         0        0.64583
   3.90161        44       352         0        0.66964
   3.90848        60       390         2        0.68155
   3.91536        24       346         0        0.61310
   3.92224        39       344         0        0.62500
   3.92911        24       337         0        0.65179
   3.93599        24       339         0        0.64583
   3.94287        29       334         0        0.59821
   3.94974        25       392         0        0.63393
   3.95662        40       374         0        0.65179
   3.96350        18       376         0        0.64583
   3.97037        19       379         0        0.63690
   3.97725        27       367         0        0.63690
   3.98413        45       391         0        0.61905
   3.99100        29       334         0        0.63095
   3.99788        23       426         0        0.65476
   4.00476        19       333         0        0.60119
   4.01163        28       354         0        0.58929
   4.01851        29       344         0        0.61012
   4.02539        28       327         0        0.61012
   4.03227        38       377         0        0.63988
   4.03914        28       342         0        0.62798
   4.04602        22       353         0        0.59524
   4.05290        33       371         0        0.66369
   4.05977        22       305         0        0.58929
   4.06665        54       322         0        0.60714
   4.07353        32       333         0        0.62202
   4.08040        31       374         0        0.63393
   4.08728        14       323         0        0.60714
   4.09416        25       386         0        0.65179
   4.10103        21       370         0        0.61607
   4.10791        18       388         0        0.66071
   4.11479        20       436         0        0.69345
   4.12166        22       354         0        0.61310
   4.12854        16       387         0        0.62202
   4.13542        25       406         0        0.64881
   4.14229        22       353         0        0.64286
   4.14917        25       373         0        0.65476
   4.15605        42       406         0        0.68452
   4.16165        33       345         0        0.64583
   4.16853        26       350         0        0.64286
   4.17540        33       352         0        0.65774
   4.18228        34       395         0        0.66071
   4.18916        34       363         0        0.62798
   4.19603        21       328         0        0.57143
   4.20291        25       385         0        0.64286
   4.20979        18       354         0        0.65179
   4.21666        31       339         0        0.64286
   4.22354        25       331         0        0.62202
   4.23042        42       394         0        0.64881
   4.23729        35       364         0        0.63988
   4.24417        28       365         0        0.62202
   4.25105        40       333         0        0.60417
   4.25792        19       332         0        0.62202
   4.26480        34       375         0        0.64583
   4.27168        36       302         0        0.59226
   4.27855        42       369         0        0.64583
   4.28543        21       318         0        0.59226
   4.29231        30       368         0        0.62202
   4.29918        33       348         0        0.63690
   4.30606        21       395         0        0.68750
   4.31294        31       355         0        0.67262
   4.31981        35       365         0        0.65774
   4.32669        30       344         0        0.64881
   4.33357        21       377         0        0.62798
   4.34044        39       282         0        0.58631
   4.34732        22       378         0        0.62202
   4.35420        19       366         0        0.63393
   4.36107        46       368         0        0.66667
   4.36795        27       361         0        0.61012
   4.37483        19       369         0        0.66369
   4.38171        38       398         0        0.67857
   4.38858        15       365         0        0.61310
   4.39546        25       348         0        0.61905
   4.40234        34       361         0        0.67857
   4.40921        43       343         0        0.61905
   4.41609        20       348         0        0.63095
   4.42297        36       335         0        0.64583
   4.42984        50       383         0        0.63393
   4.43672        26       358         0        0.60714
   4.44360        37       306         0        0.62798
   4.45047        18       357         0        0.62500
   4.45735        20       353         0        0.62202
   4.46423        17       331         0        0.61012
   4.47110        23       323         0        0.56548
   4.47798        21       356         0        0.65774
   4.48486        37       411         0        0.68452
   4.49173        18       345         0        0.64583
   4.49861        27       344         0        0.65476
   4.50549        23       348         0        0.63690
   4.51236        33       358         0        0.64881
   4.51924        22       350         0        0.61607
   4.52612        24       366         0        0.64583
   4.53170        40       356         0        0.60417
   4.53858        19       331         0        0.60714
   4.54545        35       312         0        0.62798
   4.55233        35       370         0        0.67857
   4.55921        25       341         0        0.64583
   4.56608        29       332         0        0.61012
   4.57296        27       311         0        0.64583
   4.57984        31       345         0        0.66667
   4.58671        30       328         0        0.62202
   4.59359        45       349         0        0.64881
   4.60047        30       310         0        0.61012
   4.60734        29       375         0        0.63690
   4.61422        28       363         0        0.62798
   4.62110        47       344         0        0.64881
   4.62798        33       333         0        0.63393
   4.63485        39       326         0        0.68155
   4.64173        30       354         0        0.63095
   4.64861        35       368         0        0.64583
   4.65548        37       316         0        0.65476
   4.66236        38       381         0        0.69643
   4.66924        43       343         0        0.66071
   4.67611        38       309         0        0.63393
   4.68299        38       340         0        0.63988
   4.68987        35       347         0        0.72024
   4.69674        43       332         0        0.65179
   4.70362        24       315         0        0.65774
   4.71050        34       357         0        0.63988
   4.71737        27       379         0        0.67262
   4.72425        31       397         0        0.68750
   4.73113        31       420         0        0.71429
   4.73800        29       390         0        0.71429
   4.74488        39       403         0        0.69643
   4.75176        26       362         0        0.64583
   4.75863        29       354         0        0.61905
   4.76551        32       345         0        0.68750
   4.77239        29       369         0        0.68452
   4.77926        33       332         0        0.65476
   4.78614        44       360         0        0.64286
   4.79302        31       369         0        0.65774
   4.79989        34       319         0        0.65179
   4.80677        25       350         0        0.63393
   4.81365        19       318         0        0.63393
   4.82052        28       312         0        0.60417
   4.82740        35       346         0        0.65774
   4.83428        27       340         0        0.67857
   4.84115        27       352         0        0.70536
   4.84803        20       344         0        0.64286
   4.85491        29       391         0        0.67560
   4.86178        30       336         0        0.65476
   4.86866        33       320         0        0.65179
   4.87554        13       363         0        0.61607
   4.88241        29       315         0        0.63690
   4.88929        30       325         0        0.61905
   4.89617        33       363         0        0.65476
   4.90222        21       372         0        0.63690
   4.90909        23       348         0        0.61905
   4.91597        27       393         0        0.67857
   4.92285        32       346         0        0.65476
   4.92972        26       323         0        0.62202
   4.93660        18       370         0        0.63393
   4.94348        31       347         0        0.62798
   4.95035        30       363         0        0.68155
   4.95723        27       338         0        0.65476
   4.96411        25       314         0        0.60714
   4.97098        28       382         0        0.65774
   4.97786        33       326         0        0.62500
   4.98474        27       376         0        0.63095
   4.99161        30       340         0        0.64583
   4.99849        19       343         0        0.59226
   5.00537        19       368         0        0.62500
   5.01225        14       323         0        0.61310
   5.01912        22       345         0        0.61012
   5.02600        39       356         0        0.70238
   5.03288        21       324         0        0.64583
   5.03975        38       387         0        0.65476
   5.04663        46       400         2        0.69048
   5.05351        18       354         0        0.66369
   5.06038        31       360         0        0.66369
   5.06726        17       320         0        0.61012
   5.07414        33       348         0        0.64881
   5.08101        26       381         0        0.63988
   5.08789        35       350         0        0.66667
   5.09477        32       378         0        0.63690
   5.10164        30       373         0        0.65476
   5.10852        25       339         0        0.62202
   5.11540        33       351         0        0.66071
   5.12227        27       387         0        0.64881
   5.12915        49       393         0        0.65179
   5.13603        37       397         0        0.63988
   5.14290        50       377         0        0.67560
   5.14978        36       336         0        0.63988
   5.15666        33       399         0        0.66369
   5.16353        22       340         0        0.66964
   5.17041        20       331         0        0.66964
   5.17729        16       370         0        0.63393
   5.18416        22       363         0        0.62798
   5.19104        24       363         0        0.63690
   5.19792        28       393         0        0.68452
   5.20479        22       337         0        0.59226
   5.21167        29       348         0        0.63690
   5.21855        29       389         0        0.60119
   5.22542        35       309         0        0.61607
   5.23230        39       382         0        0.62798
   5.23918        28       443         0        0.62798
   5.24605        30       340         0        0.64583
   5.25293        37       351         0        0.63095
   5.25981        26       330         0        0.60417
   5.26668        53       371         0        0.64286
   5.27304        32       395         0        0.63690
   5.27991        25       341         0        0.63690
   5.28679        46       390         0        0.67560
   5.29367        21       280         0        0.58333
   5.30054        46       356         0        0.65774
   5.30742        19       352         0        0.63690
   5.31430        50       355         0        0.69048
   5.32117        51       352         0        0.61905
   5.32805        65       364         0        0.68155
   5.33493        38       325         0        0.59821
   5.34180        36       341         0        0.64583
   5.34868        51       357         0        0.69345
   5.35556        34       350         0        0.66667
   5.36243        41       388         0        0.66964
   5.36931        47       380         0        0.67262
   5.37619        35       371         0        0.65179
   5.38306        29       357         0        0.68155
   5.38994        30       347         0        0.64286
   5.39682        24       369         0        0.64583
   5.40369        37       351         0        0.61310
   5.41057        29       387         0        0.62798
   5.41745        32       406         0        0.69345
   5.42432        31       336         0        0.64881
   5.43120        32       398         0        0.67560
   5.43808        31       393         0        0.65476
   5.44495        30       366         0        0.65476
   5.45183        48       353         0        0.65774
   5.45871        21       374         0        0.64583
   5.46558        24       354         0        0.65476
   5.47246        32       371         0        0.71131
   5.47934        40       380         0        0.66964
   5.48621        32       435         0        0.69048
   5.49309        32       318         0        0.64881
   5.49997        26       348         0        0.63988
   5.50684        26       385         0        0.65179
   5.51372        27       362         0        0.61310
   5.52060        62       328         0        0.68155
   5.52747        45       359         0        0.69345
   5.53435        37       355         0        0.64881
   5.54123        48       361         0        0.68155
   5.54810        49       341         0        0.67262
   5.55498        47       380         0        0.69643
   5.56186        50       317         0        0.65774
   5.56873        40       352         0        0.67857
   5.57561        46       336         0        0.65774
   5.58249        36       327         0        0.67560
   5.58937        34       356         0        0.65774
   5.59624        42       386         0        0.69940
   5.60312        49       390         0        0.70238
   5.61000        55       336         0        0.66369
   5.61687        38       375         0        0.69345
   5.62375        32       388         0        0.68452
   5.63063        34       335         0        0.66071
   5.63750        34       347         0        0.70238
   5.64379        44       340         0        0.66667
   5.65067        41       319         0        0.64881
   5.65755        51       323         0        0.66964
   5.66442        47       325         0        0.66369
   5.67130        33       354         0        0.65179
   5.67818        47       369         0        0.66071
   5.68505        47       337         0        0.59226
   5.69193        50       350         0        0.66369
   5.69881        42       400         0        0.66369
   5.70568        34       402         0        0.66369
   5.71256        42       333         0        0.65476
   5.71944        47       388         0        0.66667
   5.72631        43       377         0        0.64881
   5.73319        48       363         0        0.63690
   5.74007        43       330         0        0.65179
   5.74694        52       363         0        0.67857
   5.75382        24       316         0        0.66964
   5.76070        46       338         0        0.67262
   5.76757        53       354         0        0.70833
   5.77445        45       321         0        0.64583
   5.78133        52       346         0        0.68452
   5.78820        45       330         0        0.67857
   5.79508        28       320         0        0.61905
   5.80196        47       356         0        0.63988
   5.80883        35       368         0        0.69048
   5.81571        41       315         0        0.64881
   5.82259        42       408         0        0.73214
   5.82947        46       385         0        0.72024
   5.83634        33       402         0        0.69940
   5.84322        56       347         0        0.68750
   5.85010        39       340         0        0.63988
   5.85697        49       372         0        0.69643
   5.86385        43       326         0        0.64583
   5.87073        35       387         0        0.67560
   5.87760        58       324         0        0.63393
   5.88448        46       356         0        0.69048
   5.89136        50       359         0        0.68155
   5.89823        42       330         0        0.68452
   5.90511        47       359         0        0.66964
   5.91199        47       344         0        0.66667
   5.91886        46       341         0        0.66369
   5.92574        36       330         0        0.66071
   5.93262        54       355         0        0.68155
   5.93949        34       335         0        0.64286
   5.94637        52       354         0        0.66369
   5.95325        47       411         0        0.68155
   5.96012        38       360         0        0.65774
   5.96700        43       402         0        0.66667
   5.97388        40       336         0        0.63988
   5.98075        50       386         0        0.69048
   5.98763        44       339         0        0.66369
   5.99451        53       343         0        0.66071
   6.00138        37       373         0        0.69048
   6.00826        35       336         0        0.65774
   6.01419        50       377         0        0.64881
   6.02107        49       337         0        0.67262
   6.02794        35       358         0        0.66071
   6.03482        34       348         0        0.66369
   6.04170        48       391         0        0.66667
   6.04857        43       329         0        0.64583
   6.05545        48       326         0        0.65179
   6.06233        41       365         0        0.64583
   6.06920        37       409         0        0.69048
   6.07608        43       404         0        0.65476
   6.08296        31       335         0        0.65179
   6.08983        34       338         0        0.67262
   6.09671        42       382         0        0.67857
   6.10359        50       350         0        0.69940
   6.11046        49       373         0        0.68452
   6.11734        44       321         0        0.67262
   6.12422        53       345         0        0.67857
   6.13109        40       339         0        0.63690
   6.13797        36       377         0        0.64583
   6.14485        24       369         0        0.64881
   6.15172        54       379         0        0.65476
   6.15860        49       369         0        0.69643
   6.16548        57       373         0        0.72917
   6.17235        56       355         0        0.67857
   6.17923        34       333         0        0.62798
   6.18611        43       348         0        0.69345
   6.19298        34       349         0        0.64286
   6.19986        32       386         0        0.67857
   6.20674        32       434         0        0.66964
   6.21361        36       377         0        0.68750
   6.22049        51       394         0        0.70238
   6.22737        31       360         0        0.73810
   6.23425        56       309         0        0.70238
   6.24112        45       331         0        0.71429
   6.24800        43       319         0        0.66667
   6.25488        35       336         0        0.66667
   6.26175        42       325         0        0.62798
   6.26863        62       359         0        0.70238
   6.27551        51       423         0        0.69643
   6.28238        32       370         0        0.65476
   6.28926        33       391         0        0.67857
   6.29614        23       368         0        0.68155
   6.30301        29       396         0        0.67857
   6.30989        49       378         0        0.66071
   6.31677        14       352         0        0.60119
   6.32364        31       377         0        0.63393
   6.33052        16       377         0        0.63095
   6.33740        25       351         0        0.63393
   6.34427        22       374         0        0.66667
   6.35115        22       359         0        0.63095
   6.35803        26       393         0        0.64286
   6.36490        45       316         0        0.60119
   6.37178        37       314         0        0.64286
   6.37866        27       336         0        0.63095
   6.38474        26       368         0        0.62202
   6.39162        29       364         0        0.62202
   6.39849        28       354         0        0.66071
   6.40537        31       340         0        0.61310
   6.41225        18       343         0        0.63988
   6.41912        30       347         0        0.65179
   6.42600        14       338         0        0.63690
   6.43288        27       363         0        0.68155
   6.43975        20       345         0        0.67560
   6.44663        37       375         0        0.64286
   6.45351        36       355         0        0.64881
   6.46038        26       352         0        0.63690
   6.46726        15       347         0        0.64286
   6.47414        26       366         0        0.62500
   6.48101        37       365         0        0.63095
   6.48789        25       321         0        0.65774
   6.49477        31       336         0        0.61012
   6.50164        20       323         0        0.62202
   6.50852        30       347         0        0.62798
   6.51540        24       359         0        0.64583
   6.52227        24       369         0        0.68155
   6.52915        15       351         0        0.61310
   6.53603        19       433         0        0.67560
   6.54290        30       341         0        0.61607
   6.54978        26       383         0        0.63095
   6.55666        25       336         0        0.59821
   6.56353        31       372         0        0.68750
   6.57041        21       359         0        0.63988
   6.57729        27       349         0        0.64583
   6.58416        37       398         0        0.66964
   6.59104        27       361         0        0.61310
   6.59792        13       374         0        0.61310
   6.60479        31       360         0        0.69345
   6.61167        34       353         0        0.67857
   6.61855        29       315         0        0.65476
   6.62542        26       342         0        0.66667
   6.63230        28       358         0        0.68750
   6.63918        39       364         0        0.68452
   6.64605        19       381         0        0.67560
   6.65293        33       384         0        0.69048
   6.65981        22       403         0        0.66964
   6.66668        37       363         0        0.64286
   6.67356        32       341         0        0.66369
   6.68044        25       332         0        0.61905
   6.68731        31       362         0        0.65476
   6.69419        22       409         0        0.66667
   6.70107        17       389         0        0.66071
   6.70794        19       323         0        0.64881
   6.71482        28       360         0        0.61012
   6.72170        29       347         0        0.61012
   6.72857        45       354         0        0.64286
   6.73545        38       311         0        0.64583
   6.74233        29       382         0        0.63095
   6.74921        46       366         0        0.65774
   6.75577        50       350         1        0.64583
   6.76265        43       350         0        0.66071
   6.76953        15       331         0        0.65774
   6.77640        23       416         0        0.66964
   6.78328        32       342         0        0.61607
   6.79016        34       299         0        0.60417
   6.79703        29       382         0        0.63690
   6.80391        27       336         0        0.59821
   6.81079        48       319         0        0.65774
   6.81766        34       301         0        0.62500
   6.82454        29       322         0        0.58631
   6.83142        41       341         0        0.63393
   6.83829        59       386         0        0.66369
   6.84517        35       356         0        0.65476
   6.85205        35       346         0        0.59524
   6.85892        35       324         0        0.64286
   6.86580        30       334         0        0.60714
   6.87268        23       371         0        0.61905
   6.87956        18       371         0        0.60417
   6.88643        23       311         0        0.66369
   6.89331        37       332         0        0.61607
   6.90019        31       371         0        0.62798
   6.90706        29       344         0        0.65774
   6.91394        24       319         0        0.63690
   6.92082        32       319         0        0.63095
   6.92769        21       355         0        0.64286
   6.93457        18       344         0        0.60714
   6.94145        28       399         0        0.64286
   6.94832        16       338         0        0.59821
   6.95520        15       332         0        0.61905
   6.96208        15       326         0        0.61905
   6.96895        45       349         0        0.66071
   6.97583        60       327         0        0.63690
   6.98271        31       357         0        0.61905
   6.98958        41       348         0        0.61607
   6.99646        18       327         0        0.60714
   7.00334        26       389         0        0.67262
   7.01021        17       348         0        0.62500
   7.01709        26       327         0        0.59821
   7.02397        19       328         0        0.57738
   7.03084        51       290         0        0.62500
   7.03772        28       321         0        0.57143
   7.04460        25       338         0        0.59821
   7.05147        26       317         0        0.59821
   7.05835        37       331         0        0.60714
   7.06523        32       307         0        0.61012
   7.07210        16       325         0        0.61905
   7.07898        32       354         0        0.62798
   7.08586        19       391         0        0.59821
   7.09273        35       315         0        0.61607
   7.09961        58       378         0        0.64286
   7.10649        38       302         0        0.56845
   7.11336        36       313         0        0.64286
   7.12024        41       325         0        0.66369
   7.12582        50       353         0        0.71429
   7.13270        40       375         0        0.66964
   7.13957        53       400         0        0.67262
   7.14645        57       332         0        0.68452
   7.15333        52       339         0        0.68155
   7.16020        46       352         0        0.68750
   7.16708        50       350         0        0.71131
   7.17396        42       327         0        0.66667
   7.18083        50       315         0        0.69940
   7.18771        45       335         0        0.69940
   7.19459        65       388         0        0.68155
   7.20146        39       355         0        0.63393
   7.20834        63       353         0        0.68452
   7.21522        49       334         0        0.67262
   7.22209        59       347         0        0.68452
   7.22897        52       379         0        0.67857
   7.23585        60       331         0        0.68750
   7.24272        56       332         0        0.68750
   7.24960        76       317         0        0.67857
   7.25648        60       361         0        0.64286
   7.26335        51       343         0        0.67560
   7.27023        56       343         0        0.69345
   7.27711        44       337         0        0.69643
   7.28398        40       366         0        0.69345
   7.29086        46       389         0        0.70833
   7.29774        43       392         0        0.66964
   7.30461        50       380         0        0.68155
   7.31149        51       351         0        0.71131
   7.31837        54       346         0        0.69940
   7.32524        39       348         0        0.63690
   7.33212        46       328         0        0.69048
   7.33900        48       361         0        0.68155
   7.34588        52       318         0        0.65476
   7.35275        38       386         0        0.67857
   7.35963        46       316         0        0.68155
   7.36651        43       357         0        0.66964
   7.37338        63       340         0        0.68750
   7.38026        39       330         0        0.65476
   7.38714        43       357         0        0.69940
   7.39401        38       400         0        0.68452
   7.40089        38       357         0        0.69048
   7.40777        48       377         0        0.67857
   7.41464        34       356         0        0.67857
   7.42152        43       356         0        0.64583
   7.42840        34       380         0        0.69643
   7.43527        34       335         0        0.62500
   7.44215        46       340         0        0.64583
   7.44903        45       343         0        0.65774
   7.45590        57       331         0        0.68750
   7.46278        44       349         0        0.68750
   7.46966        54       349         0        0.69345
   7.47653        48       358         0        0.73810
   7.48341        46       387         0        0.68155
   7.49029        45       353         0        0.70238
   7.49650        52       386         0        0.69940
   7.50338        50       328         0        0.66071
   7.51025        38       332         0        0.65774
   7.51713        53       356         0        0.67857
   7.52401        46       353         0        0.66369
   7.53088        54       317         0        0.66667
   7.53776        66       344         0        0.73214
   7.54464        42       342         0        0.66369
   7.55151        46       360         0        0.68750
   7.55839        48       354         0        0.66964
   7.56527        45       320         0        0.64881
   7.57214        48       353         0        0.66071
   7.57902        49       306         0        0.66667
   7.58590        45       367         0        0.65774
   7.59277        29       355         0        0.67262
   7.59965        52       348         0        0.71131
   7.60653        48       333         0        0.68155
   7.61340        65       335         0        0.64881
   7.62028        39       311         0        0.64286
   7.62716        59       300         0        0.63690
   7.63403        59       303         0        0.64881
   7.64091        50       329         0        0.66369
   7.64779        51       360         0        0.66369
   7.65466        47       357         0        0.69345
   7.66154        49       304         0        0.63095
   7.66842        39       310         0        0.63690
   7.67530        63       302         0        0.63095
   7.68217        35       342         0        0.64286
   7.68905        56       327         0        0.63393
   7.69593        49       326         0        0.63988
   7.70280        40       381         0        0.65774
   7.70968        39       329         0        0.65774
   7.71656        40       356         0        0.69048
   7.72343        50       358         0        0.70238
   7.73031        44       374         0        0.69643
   7.73719        54       336         0        0.65476
   7.74406        49       309         0        0.64583
   7.75094        35       346         0        0.63393
   7.75782        51       324         0        0.69345
   7.76469        52       334         0        0.66369
   7.77157        52       327         0        0.67560
   7.77845        55       359         0        0.68452
   7.78532        50       340         0        0.69643
   7.79220        60       321         0        0.64286
   7.79908        41       332         0        0.67857
   7.80595        44       336         0        0.72917
   7.81283        42       308         0        0.67560
   7.81971        45       341         0        0.68750
   7.82658        42       323         0        0.67262
   7.83346        47       334         0        0.69048
   7.84034        51       340         0        0.70536
   7.84721        54       340         0        0.68452
   7.85409        46       363         0        0.69345
   7.86097        53       364         0        0.69940
   7.86686        46       354         0        0.66964
   7.87373        50       314         0        0.64583
   7.88061        52       334         0        0.66071
   7.88749        54       363         0        0.67262
   7.89436        49       302         0        0.66964
   7.90124        61       344         0        0.67857
   7.90812        48       322         0        0.67560
   7.91499        46       374         0        0.67262
   7.92187        51       370         0        0.67262
   7.92875        55       336         0        0.75000
   7.93562        54       339         0        0.67262
   7.94250        48       349         0        0.75000
   7.94938        45       358         0        0.70833
   7.95625        52       344         0        0.66369
   7.96313        44       301         0        0.63690
   7.97001        51       356         0        0.72619
   7.97688        60       336         0        0.67560
   7.98376        70       317         0        0.69345
   7.99064        39       328         0        0.69940
   7.99751        64       324         0        0.65774
   8.00439        42       335         0        0.68750
   8.01127        62       330         0        0.67262
   8.01814        53       337         0        0.66369
   8.02502        53       368         0        0.69643
   8.03190        54       337         0        0.67560
   8.03877        68       374         0        0.72917
   8.04565        50       296         0        0.64881
   8.05253        63       328         0        0.70238
   8.05940        59       331         0        0.68155
   8.06628        52       325         0        0.65476
   8.07316        55       330         0        0.69643
   8.08004        46       312         0        0.64881
   8.08691        53       353         0        0.66964
   8.09379        49       321         0        0.69643
   8.10067        60       318         0        0.71429
   8.10754        56       326         0        0.74107
   8.11442        62       333         0        0.72619
   8.12130        64       349         0        0.72619
   8.12817        73       347         0        0.71726
   8.13505        53       318         0        0.65476
   8.14193        77       387         0        0.72024
   8.14880        62       351         0        0.74702
   8.15568        54       341         0        0.74107
   8.16256        55       329         0        0.70833
   8.16943        51       346         0        0.68750
   8.17631        54       297         0        0.66964
   8.18319        43       347         0        0.66964
   8.19006        39       333         0        0.66667
   8.19694        53       346         0        0.70833
   8.20382        63       353         0        0.73214
   8.21069        80       318         0        0.70536
   8.21757        61       350         0        0.68750
   8.22445        61       318         0        0.67560
   8.23132        45       334         0        0.69940
   8.23820        42       328         0        0.66964
   8.23825        47       331         0        0.67262
   8.24513        58       339         0        0.68750
   8.25200        60       318         0        0.68750
   8.25888        59       325         0        0.71131
   8.26576        49       338         0        0.68750
   8.27263        56       341         0        0.72321
   8.27951        56       332         0        0.69048
   8.28639        54       331         0        0.66667
   8.29326        49       370         0        0.66369
   8.30014        68       325         0        0.70238
   8.30702        66       303         0        0.68155
   8.31389        47       324         0        0.65476
   8.32077        52       335         0        0.68750
   8.32765        56       331         0        0.70833
   8.33452        70       349         0        0.72917
   8.34140        54       360         0        0.70238
   8.34828        45       344         0        0.66667
   8.35515        64       342         0        0.71429
   8.36203        70       328         0        0.70833
   8.36891        54       320         0        0.67262
   8.37578        51       336         0        0.71429
   8.38266        39       348         0        0.66964
   8.38954        58       345         0        0.70536
   8.39641        53       299         0        0.71131
   8.40329        50       315         0        0.70833
   8.41017        64       314         0        0.69345
   8.41704        44       345         0        0.66071
   8.42392        48       320         0        0.67560
   8.43080        59       339         0        0.69345
   8.43767        45       321         0        0.71131
   8.44455        60       348         0        0.70536
   8.45143        42       340         0        0.68155
   8.45831        57       320         0        0.68750
   8.46518        66       353         0        0.70238
   8.47206        60       316         0        0.67560
   8.47894        75       376         0        0.72024
   8.48581        56       319         0        0.72619
   8.49269        60       327         0        0.72024
   8.49957        58       338         0        0.71131
   8.50644        55       341         0        0.73214
   8.51332        57       341         0        0.67560
   8.52020        67       355         0        0.74702
   8.52707        61       380         0        0.69345
   8.53395        61       312         0        0.69048
   8.54083        58       312         0        0.68452
   8.54770        66       341         0        0.66369
   8.55458        55       369         0        0.63988
   8.56146        46       338         0        0.65774
   8.56833        57       358         0        0.68452
   8.57521        58       327         0        0.69345
   8.58209        56       333         0        0.67262
   8.58896        48       328         0        0.66667
   8.59584        59       335         0        0.67262
   8.60272        48       339         0        0.68750
   8.60959        51       365         0        0.70238
   8.60987        69       353         0        0.71429
   8.61674        48       357         0        0.68155
   8.62362        53       387         0        0.70536
   8.63050        54       330         0        0.69048
   8.63737        44       387         0        0.67857
   8.64425        53       358         0        0.67262
   8.65113        48       340         0        0.69345
   8.65800        39       343         0        0.68155
   8.66488        54       387         0        0.70238
   8.67176        47       390         0        0.68750
   8.67863        50       348         0        0.67262
   8.68551        40       349         0        0.63988
   8.69239        48       354         0        0.67560
   8.69926        58       357         0        0.67262
   8.70614        52       379         0        0.69940
   8.71302        58       361         0        0.64583
   8.71989        53       387         0        0.65179
   8.72677        46       338         0        0.65179
   8.73365        47       341         0        0.64583
   8.74052        43       338         0        0.64286
   8.74740        37       373         0        0.62500
   8.75428        47       333         0        0.61905
   8.76115        36       320         0        0.60417
   8.76803        36       332         0        0.63988
   8.77491        44       323         0        0.62798
   8.78178        40       359         0        0.63988
   8.78866        48       324         0        0.64881
   8.79554        67       364         0        0.66964
   8.80241        67       388         0        0.69048
   8.80929        73       336         0        0.67857
   8.81617        80       368         0        0.72321
   8.82304        71       318         0        0.70536
   8.82992        66       312         0        0.64286
   8.83680        68       340         0        0.66667
   8.84368        51       314         0        0.65179
   8.85055        45       287         0        0.64583
   8.85743        60       325         0        0.66369
   8.86431        49       345         0        0.67560
   8.87118        57       329         0        0.65179
   8.87806        72       335         0        0.67262
   8.88494        49       340         0        0.71429
   8.89181        30       343         0        0.62500
   8.89869        48       314         0        0.65476
   8.90557        37       310         0        0.65476
   8.91244        59       358         0        0.66667
   8.91932        54       350         0        0.69940
   8.92620        54       336         0        0.67262
   8.93307        64       334         0        0.71131
   8.93995        58       361         0        0.70238
   8.94683        68       341         0        0.73512
   8.95370        52       369         0        0.72024
   8.96058        58       340         0        0.69345
   8.96746        60       320         0        0.68750
   8.97433        63       359         0        0.69940
   8.98087        67       388         0        0.75000
   8.98774        48       376         0        0.70536
   8.99462        59       349         0        0.69940
   9.00150        42       308         0        0.67560
   9.00837        61       373         0        0.72321
   9.01525        64       325         0        0.74405
   9.02213        50       327         0        0.68750
   9.02900        55       313         0        0.70536
   9.03588        49       339         0        0.71131
   9.04276        80       365         0        0.75595
   9.04963        73       341         0        0.66964
   9.05651        48       311         0        0.68155
   9.06339        52       344         0        0.70536
   9.07026        51       347         0        0.68452
   9.07714        62       349         0        0.66369
   9.08402        54       346         0        0.68155
   9.09089        63       375         0        0.70238
   9.09777        54       299         0        0.64583
   9.10465        55       324         0        0.69048
   9.11152        60       355         0        0.66369
   9.11840        48       354         0        0.66964
   9.12528        53       337         0        0.67262
   9.13215        46       308         0        0.67857
   9.13903        50       332         0        0.70833
   9.14591        60       367         0        0.68750
   9.15278        55       377         0        0.74107
   9.15966        59       388         0        0.72619
   9.16654        48       324         0        0.70238
   9.17341        51       404         0        0.69345
   9.18029        70       323         0        0.69048
   9.18717        62       354         0        0.70833
   9.19404        47       342         0        0.71429
   9.20092        52       345         0        0.71131
   9.20780        53       356         0        0.74405
   9.21467        48       338         0        0.70536
   9.22155        63       360         0        0.75893
   9.22843        55       336         0        0.72321
   9.23531        63       346         0        0.70833
   9.24218        66       317         0        0.72024
   9.24906        60       309         0        0.68155
   9.25594        48       333         0        0.70238
   9.26281        63       328         0        0.68452
   9.26969        58       331         0        0.71726
   9.27657        58       352         0        0.71726
   9.28344        60       330         0        0.75595
   9.29032        52       327         0        0.70833
   9.29720        47       324         0        0.68750
   9.30407        61       343         0        0.69643
   9.31095        56       359         0        0.69345
   9.31783        47       353         0        0.67560
   9.32470        54       313         0        0.72917
   9.33158        51       318         0        0.70238
   9.33846        70       310         0        0.72917
   9.34533        54       320         0        0.72619
   9.35221        56       333         0        0.66964
   9.35228        60       330         0        0.66964
